SUMLEV,Geo,CED_V11,CED_V12,CED_V13,CED_V14,CED_V15,CED_V16,CED_V17
SL010,34,46722980,41988289,20522724,21465565,4734691,2373878,2360813
SL030,3401,8384408,7763012,3818310,3944702,621396,315588,305808
SL030,3402,1308728,1172036,576344,595692,136692,69154,67538
SL030,3403,1028244,988160,472077,516083,40084,18661,21423
SL030,3404,1128908,936047,465206,470841,192861,96597,96264
SL030,3405,2127685,1867494,924342,943152,260191,129690,130501
SL030,3406,580229,549571,266858,282713,30658,14706,15952
SL030,3407,2409164,2285589,1125515,1160074,123575,60848,62727
SL030,3408,2026807,1862987,930554,932433,163820,83645,80175
SL030,3409,7600065,6517966,3175354,3342612,1082099,554972,527127
SL030,3410,4963703,4298782,2110735,2188047,664921,335648,329273
SL030,3411,1072863,1041216,515692,525524,31647,15563,16084
SL030,3412,2701743,2609185,1255711,1353474,92558,44898,47660
SL030,3413,6578079,5751623,2756689,2994934,826456,391183,435273
SL030,3414,1478509,1276077,630144,645933,202432,109999,92433
SL030,3415,647554,588772,290634,298138,58782,29835,28947
SL030,3416,2199088,2047569,993197,1054372,151519,75553,75966
SL030,3417,315675,280018,138089,141929,35657,17669,17988
SL030,3418,85144,79302,40241,39061,5842,2936,2906
SL030,3419,86384,72883,37032,35851,13501,6733,6768
SL040,340104,709340,569581,283021,286560,139759,78298,61461
SL040,340111,1238714,1196162,590160,606002,42552,21197,21355
SL040,340114,785240,764639,375025,389614,20601,10060,10541
SL040,340118,912075,854609,419236,435373,57466,30082,27384
SL040,340121,519932,477646,237165,240481,42286,20548,21738
SL040,340123,638099,622973,307336,315637,15126,8213,6913
SL040,340129,1641121,1402809,688397,714412,238312,116461,121851
SL040,340141,1939887,1874593,917970,956623,65294,30729,34565
SL040,340222,219345,196155,98375,97780,23190,12224,10966
SL040,340244,134572,121049,61078,59971,13523,6982,6541
SL040,340250,954811,854832,416891,437941,99979,49948,50031
SL040,340333,1028244,988160,472077,516083,40084,18661,21423
SL040,340407,1128908,936047,465206,470841,192861,96597,96264
SL040,340535,1109175,977697,486674,491023,131478,65881,65597
SL040,340538,1018510,889797,437668,452129,128713,63809,64904
SL040,340639,580229,549571,266858,282713,30658,14706,15952
SL040,340705,158498,149357,75112,74245,9141,4426,4715
SL040,340709,357070,332153,165835,166318,24917,12502,12415
SL040,340724,463746,445253,216577,228676,18493,9069,9424
SL040,340734,162035,155747,77221,78526,6288,3102,3186
SL040,340737,331473,319137,155293,163844,12336,5772,6564
SL040,340740,153342,137202,69070,68132,16140,7909,8231
SL040,340742,88600,81627,41143,40484,6973,3657,3316
SL040,340747,519851,496292,241721,254571,23559,11635,11924
SL040,340749,174549,168821,83543,85278,5728,2776,2952
SL040,340802,388786,365025,181316,183709,23761,12842,10919
SL040,340813,499100,470226,232046,238180,28874,14610,14264
SL040,340816,197222,177516,88927,88589,19706,10072,9634
SL040,340819,254308,223301,113182,110119,31007,15672,15335
SL040,340845,687391,626919,315083,311836,60472,30449,30023
SL040,340908,5609350,4865569,2355530,2510039,743781,377936,365845
SL040,340917,761947,617227,305896,311331,144720,74794,69926
SL040,340925,432866,360212,179161,181051,72654,40348,32306
SL040,340943,795902,674958,334767,340191,120944,61894,59050
SL040,341003,1838819,1501917,740840,761077,336902,170257,166645
SL040,341012,576898,495555,245972,249583,81343,40387,40956
SL040,341046,2547986,2301310,1123923,1177387,246676,125004,121672
SL040,341106,676376,657566,325636,331930,18810,9000,9810
SL040,341110,396487,383650,190056,193594,12837,6563,6274
SL040,341215,1119351,1084868,520385,564483,34483,16252,18231
SL040,341227,331327,317929,153778,164151,13398,6869,6529
SL040,341232,309293,296029,142006,154023,13264,6420,6844
SL040,341236,941772,910359,439542,470817,31413,15357,16056
SL040,341328,6578079,5751623,2756689,2994934,826456,391183,435273
SL040,341430,1478509,1276077,630144,645933,202432,109999,92433
SL040,341531,647554,588772,290634,298138,58782,29835,28947
SL040,341601,328868,300597,147748,152849,28271,14427,13844
SL040,341620,720592,669358,326270,343088,51234,25426,25808
SL040,341648,1149628,1077614,519179,558435,72014,35700,36314
SL040,341726,315675,280018,138089,141929,35657,17669,17988
SL040,341851,85144,79302,40241,39061,5842,2936,2906
SL040,341952,86384,72883,37032,35851,13501,6733,6768
SL050,34160101001,2887,2623,1366,1257,264,141,123
SL050,34160101002,10286,9651,4757,4894,635,318,317
SL050,34160101003,1483,1459,762,697,24,12,12
SL050,34160101004,1831,1732,866,866,99,46,53
SL050,34160101006,219,210,109,101,9,6,3
SL050,34160101008,982,954,517,437,28,18,10
SL050,34160101009,1643,1531,777,754,112,56,56
SL050,34160101010,2967,2927,1485,1442,40,18,22
SL050,34160101011,286,243,134,109,43,25,18
SL050,34160101013,883,850,473,377,33,20,13
SL050,34160101014,443,430,231,199,13,7,6
SL050,34160101016,511,485,291,194,26,12,14
SL050,34160101017,1040,975,517,458,65,31,34
SL050,34160101018,1753,1714,930,784,39,22,17
SL050,34160101019,181,176,94,82,5,2,3
SL050,34160101020,381,364,212,152,17,10,7
SL050,34160101021,603,582,303,279,21,13,8
SL050,34160101022,1025,942,465,477,83,48,35
SL050,34160101023,348,309,156,153,39,14,25
SL050,34160101027,517,501,276,225,16,5,11
SL050,34160101028,1445,1296,678,618,149,81,68
SL050,34160101030,158,157,88,69,1,0,1
SL050,34160101031,1505,1360,701,659,145,75,70
SL050,34160101032,667,570,299,271,97,42,55
SL050,34160101033,857,777,401,376,80,40,40
SL050,34160101034,196,177,89,88,19,11,8
SL050,34160101036,18205,17326,8574,8752,879,405,474
SL050,34160101037,717,688,387,301,29,12,17
SL050,34160101039,229,214,106,108,15,7,8
SL050,34160101041,209,174,93,81,35,24,11
SL050,34160101042,1162,1110,572,538,52,29,23
SL050,34160101043,3368,3000,1546,1454,368,172,196
SL050,34160101044,257,249,150,99,8,2,6
SL050,34160101046,780,757,430,327,23,17,6
SL050,34160101047,1374,1231,668,563,143,77,66
SL050,34160101049,151,144,83,61,7,4,3
SL050,34160101051,5018,4480,2226,2254,538,271,267
SL050,34160101052,319,299,146,153,20,9,11
SL050,34160101053,709,690,382,308,19,8,11
SL050,34160101054,1336,1237,637,600,99,51,48
SL050,34160101055,991,927,508,419,64,38,26
SL050,34160101056,229,227,128,99,2,1,1
SL050,34160101057,299,266,135,131,33,15,18
SL050,34160101058,1869,1715,911,804,154,81,73
SL050,34160101059,249176,225912,109437,116475,23264,11921,11343
SL050,34160101060,269,233,117,116,36,22,14
SL050,34160101061,186,184,102,82,2,2,0
SL050,34160101062,400,364,197,167,36,17,19
SL050,34160101063,2313,2234,1158,1076,79,35,44
SL050,34160101901,3333,3109,1610,1499,224,111,113
SL050,34160101902,872,832,468,364,40,23,17
SL050,34080202001,757,709,334,375,48,29,19
SL050,34080202002,529,478,271,207,51,29,22
SL050,34080202003,173050,164696,79889,84807,8354,4724,3630
SL050,34080202004,693,670,345,325,23,12,11
SL050,34080202005,650,602,315,287,48,24,24
SL050,34080202006,655,650,354,296,5,2,3
SL050,34080202007,1199,1128,601,527,71,38,33
SL050,34080202008,1405,1366,705,661,39,19,20
SL050,34080202009,24537,23488,11687,11801,1049,528,521
SL050,34080202010,2275,2126,1104,1022,149,79,70
SL050,34080202011,638,623,333,290,15,8,7
SL050,34080202012,2360,2219,1129,1090,141,76,65
SL050,34080202013,150,128,73,55,22,12,10
SL050,34080202014,409,398,202,196,11,6,5
SL050,34080202015,1864,1727,880,847,137,61,76
SL050,34080202016,610,606,325,281,4,1,3
SL050,34080202017,873,858,455,403,15,7,8
SL050,34080202018,1057,901,448,453,156,90,66
SL050,34080202019,2837,2751,1409,1342,86,38,48
SL050,34080202020,508,474,256,218,34,23,11
SL050,34080202021,1275,1137,594,543,138,75,63
SL050,34080202022,344,337,191,146,7,3,4
SL050,34080202023,588,558,295,263,30,16,14
SL050,34080202024,4522,4014,2014,2000,508,277,231
SL050,34080202025,10003,9056,4594,4462,947,495,452
SL050,34080202026,1182,993,517,476,189,84,105
SL050,34080202027,330,324,174,150,6,3,3
SL050,34080202028,128,125,64,61,3,0,3
SL050,34080202029,4182,3984,2079,1905,198,104,94
SL050,34080202030,3624,3559,1791,1768,65,28,37
SL050,34080202031,674,648,318,330,26,9,17
SL050,34080202032,297,281,161,120,16,7,9
SL050,34080202033,2489,2217,1141,1076,272,162,110
SL050,34080202034,1816,1578,795,783,238,117,121
SL050,34080202035,2448,2312,1191,1121,136,68,68
SL050,34080202036,110,104,54,50,6,4,2
SL050,34080202037,30268,28049,13892,14157,2219,1232,987
SL050,34080202038,349,295,148,147,54,33,21
SL050,34080202039,1184,1139,588,551,45,22,23
SL050,34080202040,621,604,323,281,17,9,8
SL050,34080202041,360,358,193,165,2,2,0
SL050,34080202042,928,915,440,475,13,8,5
SL050,34080202043,1398,1333,687,646,65,34,31
SL050,34080202044,1200,1187,621,566,13,5,8
SL050,34080202045,4665,4343,2224,2119,322,163,159
SL050,34080202046,1359,1290,656,634,69,42,27
SL050,34080202047,113,113,62,51,0,0,0
SL050,34080202048,1537,1360,687,673,177,112,65
SL050,34080202049,840,827,428,399,13,7,6
SL050,34080202050,96,95,53,42,1,0,1
SL050,34080202051,2042,1918,970,948,124,66,58
SL050,34080202052,548,516,277,239,32,15,17
SL050,34080202053,3513,3448,1761,1687,65,32,33
SL050,34080202054,518,426,224,202,92,47,45
SL050,34080202055,1222,1212,670,542,10,6,4
SL050,34080202056,2028,1942,978,964,86,44,42
SL050,34080202057,2352,2286,1143,1143,66,26,40
SL050,34080202058,360,351,192,159,9,2,7
SL050,34080202059,331,328,179,149,3,2,1
SL050,34080202060,1420,1402,824,578,18,8,10
SL050,34080202061,696,670,343,327,26,16,10
SL050,34080202062,446,437,240,197,9,7,2
SL050,34080202063,1635,1593,836,757,42,17,25
SL050,34080202064,401,391,201,190,10,4,6
SL050,34080202065,489,488,258,230,1,0,1
SL050,34080202066,254,245,130,115,9,3,6
SL050,34080202067,1357,1322,681,641,35,15,20
SL050,34080202068,363,357,197,160,6,3,3
SL050,34080202069,15515,13870,6967,6903,1645,868,777
SL050,34080202070,501,447,233,214,54,32,22
SL050,34080202071,1153,1095,554,541,58,33,25
SL050,34080202072,1790,1731,887,844,59,33,26
SL050,34080202073,6255,5836,2958,2878,419,240,179
SL050,34080202074,7738,6935,3477,3458,803,478,325
SL050,34080202075,1943,1879,964,915,64,40,24
SL050,34080202076,355,355,179,176,0,0,0
SL050,34080202077,57,57,34,23,0,0,0
SL050,34080202078,1115,1055,553,502,60,32,28
SL050,34080202079,4112,3379,1728,1651,733,349,384
SL050,34080202080,589,553,284,269,36,23,13
SL050,34080202081,25241,22442,11058,11384,2799,1405,1394
SL050,34080202082,95,94,58,36,1,0,1
SL050,34080202083,226,224,135,89,2,2,0
SL050,34080202084,340,330,169,161,10,5,5
SL050,34080202085,340,331,172,159,9,2,7
SL050,34080202086,2674,2654,1363,1291,20,8,12
SL050,34080202901,2786,2693,1349,1344,93,52,41
SL050,34100303001,661,382,201,181,279,145,134
SL050,34100303002,4713,4354,2175,2179,359,169,190
SL050,34100303003,551,516,277,239,35,17,18
SL050,34100303004,936,715,386,329,221,107,114
SL050,34100303005,12042,9829,4924,4905,2213,1248,965
SL050,34100303006,1298,573,295,278,725,350,375
SL050,34100303007,229,190,96,94,39,19,20
SL050,34100303008,180,176,92,84,4,2,2
SL050,34100303009,58977,55646,27075,28571,3331,1731,1600
SL050,34100303010,407,388,184,204,19,14,5
SL050,34100303011,20053,9874,4993,4881,10179,4954,5225
SL050,34100303012,2838,1407,724,683,1431,703,728
SL050,34100303013,1341,1276,632,644,65,39,26
SL050,34100303014,331577,289271,139003,150268,42306,21592,20714
SL050,34100303015,20542,16067,8104,7963,4475,2294,2181
SL050,34100303016,104,95,51,44,9,3,6
SL050,34100303017,491,449,213,236,42,24,18
SL050,34100303018,21995,14990,7286,7704,7005,3470,3535
SL050,34100303019,20537,19238,9687,9551,1299,637,662
SL050,34100303020,122,101,54,47,21,11,10
SL050,34100303021,7113,6789,3384,3405,324,178,146
SL050,34100303022,156,150,75,75,6,2,4
SL050,34100303023,1703,1607,809,798,96,57,39
SL050,34100303024,5361,4710,2355,2355,651,334,317
SL050,34100303025,1940,1628,860,768,312,151,161
SL050,34100303026,1983,1553,792,761,430,213,217
SL050,34100303027,178,155,72,83,23,17,6
SL050,34100303028,1118,1070,548,522,48,18,30
SL050,34100303029,444,261,134,127,183,94,89
SL050,34100303030,1110,655,331,324,455,225,230
SL050,34100303031,67558,49261,24166,25095,18297,9415,8882
SL050,34100303032,108,108,59,49,0,0,0
SL050,34100303033,149,133,65,68,16,9,7
SL050,34100303034,3357,1736,826,910,1621,808,813
SL050,34100303035,742,707,368,339,35,16,19
SL050,34100303036,94,93,43,50,1,0,1
SL050,34100303037,490,400,197,203,90,44,46
SL050,34100303038,413,382,190,192,31,15,16
SL050,34100303039,96,83,48,35,13,7,6
SL050,34100303040,410,303,145,158,107,45,62
SL050,34100303041,10768,7378,3599,3779,3390,1665,1725
SL050,34100303042,4130,1703,850,853,2427,1189,1238
SL050,34100303043,3651,3530,1731,1799,121,61,60
SL050,34100303044,6702,5628,2802,2826,1074,578,496
SL050,34100303045,418,231,118,113,187,103,84
SL050,34100303046,2925,2013,1038,975,912,460,452
SL050,34100303047,21633,11823,5998,5825,9810,4902,4908
SL050,34100303048,7257,5996,2995,3001,1261,713,548
SL050,34100303049,18864,15110,7552,7558,3754,2050,1704
SL050,34100303050,27893,23302,11414,11888,4591,2151,2440
SL050,34100303051,428,402,206,196,26,12,14
SL050,34100303052,1214,1175,585,590,39,24,15
SL050,34100303053,9880,8856,4490,4366,1024,526,498
SL050,34100303054,435,360,178,182,75,45,30
SL050,34100303055,8631,6658,3340,3318,1973,979,994
SL050,34100303056,11456,10178,5093,5085,1278,729,549
SL050,34100303057,208,173,102,71,35,16,19
SL050,34100303058,7226,6083,3114,2969,1143,584,559
SL050,34100303059,28957,25560,12861,12699,3397,1779,1618
SL050,34100303060,121,110,63,47,11,5,6
SL050,34100303061,1718,1263,635,628,455,215,240
SL050,34100303062,685,255,127,128,430,229,201
SL050,34100303063,41733,33021,16103,16918,8712,4142,4570
SL050,34100303064,7383,6196,3116,3080,1187,573,614
SL050,34100303065,230625,207811,102311,105500,22814,12021,10793
SL050,34100303066,52404,50092,24387,25705,2312,1162,1150
SL050,34100303067,101,98,50,48,3,2,1
SL050,34100303068,53,47,27,20,6,2,4
SL050,34100303069,6381,3949,2044,1905,2432,1187,1245
SL050,34100303070,4131,2575,1279,1296,1556,790,766
SL050,34100303071,5893,4806,2419,2387,1087,555,532
SL050,34100303072,471,425,219,206,46,22,24
SL050,34100303073,258,245,137,108,13,7,6
SL050,34100303074,2489,2101,1101,1000,388,209,179
SL050,34100303075,209,157,79,78,52,25,27
SL050,34100303076,15058,10544,5194,5350,4514,2164,2350
SL050,34100303077,2474,1604,804,800,870,452,418
SL050,34100303078,1132,566,309,257,566,276,290
SL050,34100303079,23403,22196,11079,11117,1207,641,566
SL050,34100303080,1986,1594,825,769,392,184,208
SL050,34100303081,2683,1771,901,870,912,437,475
SL050,34100303082,27224,15807,7829,7978,11417,5699,5718
SL050,34100303083,6875,6507,3159,3348,368,183,185
SL050,34100303084,596,565,281,284,31,12,19
SL050,34100303085,1051,322,168,154,729,361,368
SL050,34100303086,229,171,90,81,58,32,26
SL050,34100303088,7944,7125,3668,3457,819,504,315
SL050,34100303089,12175,11430,5706,5724,745,371,374
SL050,34100303090,25009,22342,11166,11176,2667,1292,1375
SL050,34100303091,493,286,135,151,207,98,109
SL050,34100303092,9328,8272,4069,4203,1056,558,498
SL050,34100303093,25725,23913,11807,12106,1812,996,816
SL050,34100303094,18242,12021,6188,5833,6221,3017,3204
SL050,34100303095,6815,5815,2935,2880,1000,483,517
SL050,34100303096,7475,7001,3493,3508,474,241,233
SL050,34100303097,2111,1210,597,613,901,439,462
SL050,34100303098,738,581,294,287,157,79,78
SL050,34100303099,76778,52470,25958,26512,24308,12186,12122
SL050,34100303100,908,568,277,291,340,166,174
SL050,34100303101,7490,5901,2926,2975,1589,791,798
SL050,34100303102,10052,8566,4271,4295,1486,765,721
SL050,34100303103,301,288,149,139,13,9,4
SL050,34100303104,34479,33592,16704,16888,887,417,470
SL050,34100303105,7845,6690,3378,3312,1155,584,571
SL050,34100303106,713,637,346,291,76,41,35
SL050,34100303107,4850,3369,1724,1645,1481,775,706
SL050,34100303109,4418,3734,1882,1852,684,325,359
SL050,34100303110,644,378,195,183,266,133,133
SL050,34100303111,7797,6854,3492,3362,943,515,428
SL050,34100303112,1147,707,365,342,440,224,216
SL050,34100303113,16560,5277,2699,2578,11283,5694,5589
SL050,34100303114,2376,1883,986,897,493,244,249
SL050,34100303115,389,277,137,140,112,56,56
SL050,34100303116,1585,1375,699,676,210,114,96
SL050,34100303117,648,434,227,207,214,104,110
SL050,34100303118,7943,2906,1506,1400,5037,2524,2513
SL050,34100303119,23518,21103,10223,10880,2415,1153,1262
SL050,34100303120,5811,2942,1530,1412,2869,1419,1450
SL050,34100303121,31745,26624,13326,13298,5121,2590,2531
SL050,34100303122,57785,54274,26904,27370,3511,1684,1827
SL050,34100303123,9771,9219,4637,4582,552,283,269
SL050,34100303124,585,519,272,247,66,36,30
SL050,34100303125,581,406,209,197,175,94,81
SL050,34100303127,627,395,200,195,232,124,108
SL050,34100303128,10722,5202,2574,2628,5520,2757,2763
SL050,34100303129,1564,1392,737,655,172,87,85
SL050,34100303130,56,46,24,22,10,6,4
SL050,34100303131,336,210,103,107,126,61,65
SL050,34100303132,654,551,293,258,103,55,48
SL050,34100303133,82599,50566,24999,25567,32033,16039,15994
SL050,34100303134,164,151,82,69,13,8,5
SL050,34100303135,224,206,105,101,18,12,6
SL050,34100303136,589,469,252,217,120,67,53
SL050,34100303137,820,714,357,357,106,50,56
SL050,34100303138,4520,3761,1875,1886,759,372,387
SL050,34100303139,33969,27617,13760,13857,6352,3189,3163
SL050,34100303140,33983,31951,15914,16037,2032,1078,954
SL050,34100303901,2864,1311,639,672,1553,721,832
SL050,34100303902,21418,13240,6624,6616,8178,4357,3821
SL050,34100303903,4844,3149,1612,1537,1695,841,854
SL050,34100303904,1933,1719,889,830,214,99,115
SL050,34010404001,1235,1150,587,563,85,46,39
SL050,34010404002,1150,1103,570,533,47,30,17
SL050,34010404003,24859,21655,10821,10834,3204,1818,1386
SL050,34010404004,753,463,241,222,290,143,147
SL050,34010404005,621,607,302,305,14,5,9
SL050,34010404006,11696,8592,4358,4234,3104,1665,1439
SL050,34010404007,814,802,412,390,12,5,7
SL050,34010404008,528,499,271,228,29,17,12
SL050,34010404009,135,134,59,75,1,0,1
SL050,34010404010,648,635,330,305,13,10,3
SL050,34010404011,3615,3351,1675,1676,264,136,128
SL050,34010404012,212,210,109,101,2,2,0
SL050,34010404013,196851,177226,85375,91851,19625,10578,9047
SL050,34010404014,176,166,85,81,10,6,4
SL050,34010404015,133,127,75,52,6,4,2
SL050,34010404016,3169,2552,1264,1288,617,331,286
SL050,34010404017,4586,1532,770,762,3054,1541,1513
SL050,34010404018,321,300,148,152,21,9,12
SL050,34010404019,232,230,124,106,2,0,2
SL050,34010404020,284,276,148,128,8,2,6
SL050,34010404021,206,191,93,98,15,8,7
SL050,34010404022,927,405,212,193,522,251,271
SL050,34010404023,117,117,58,59,0,0,0
SL050,34010404024,4357,4145,2047,2098,212,110,102
SL050,34010404026,68,67,39,28,1,0,1
SL050,34010404027,248,234,126,108,14,4,10
SL050,34010404028,243,241,139,102,2,1,1
SL050,34010404029,12381,10909,5463,5446,1472,804,668
SL050,34010404030,1202,1180,620,560,22,9,13
SL050,34010404031,3228,2651,1356,1295,577,274,303
SL050,34010404032,7757,6963,3563,3400,794,414,380
SL050,34010404033,121,116,57,59,5,2,3
SL050,34010404034,143,140,81,59,3,2,1
SL050,34010404035,13776,10566,5341,5225,3210,1827,1383
SL050,34010404036,283,255,128,127,28,15,13
SL050,34010404037,1525,1436,710,726,89,52,37
SL050,34010404038,4031,3771,1853,1918,260,134,126
SL050,34010404041,418,351,201,150,67,35,32
SL050,34010404043,642,588,337,251,54,26,28
SL050,34010404044,1992,1826,946,880,166,100,66
SL050,34010404045,1992,1942,974,968,50,31,19
SL050,34010404046,975,946,498,448,29,14,15
SL050,34010404047,3027,2767,1436,1331,260,139,121
SL050,34010404048,2803,1816,920,896,987,497,490
SL050,34010404049,8838,6881,3507,3374,1957,1055,902
SL050,34010404050,1031,874,451,423,157,102,55
SL050,34010404051,486,474,228,246,12,8,4
SL050,34010404052,17418,16957,8670,8287,461,199,262
SL050,34010404053,18816,15458,7577,7881,3358,1782,1576
SL050,34010404054,390,377,205,172,13,7,6
SL050,34010404055,429,408,202,206,21,11,10
SL050,34010404056,169,165,96,69,4,3,1
SL050,34010404057,1538,1506,756,750,32,11,21
SL050,34010404058,390,372,196,176,18,9,9
SL050,34010404059,1431,1136,544,592,295,156,139
SL050,34010404060,546,466,252,214,80,47,33
SL050,34010404061,766,719,350,369,47,27,20
SL050,34010404062,5539,5341,2721,2620,198,122,76
SL050,34010404063,1261,1204,611,593,57,38,19
SL050,34010404064,6301,3395,1688,1707,2906,1397,1509
SL050,34010404065,460,378,188,190,82,43,39
SL050,34010404066,30122,16919,8725,8194,13203,7893,5310
SL050,34010404067,596,585,295,290,11,4,7
SL050,34010404068,180,166,91,75,14,9,5
SL050,34010404069,6212,5769,2950,2819,443,244,199
SL050,34010404070,2238,1733,913,820,505,259,246
SL050,34010404071,419,408,210,198,11,6,5
SL050,34010404072,1055,345,166,179,710,364,346
SL050,34010404073,362,352,206,146,10,6,4
SL050,34010404074,4018,3700,1886,1814,318,152,166
SL050,34010404075,9502,6805,3453,3352,2697,1513,1184
SL050,34010404076,1621,1484,759,725,137,92,45
SL050,34010404077,304,302,162,140,2,1,1
SL050,34010404078,1364,1299,654,645,65,36,29
SL050,34010404079,94925,69460,34674,34786,25465,14364,11101
SL050,34010404080,218,205,100,105,13,7,6
SL050,34010404081,432,399,202,197,33,17,16
SL050,34010404082,300,284,149,135,16,8,8
SL050,34010404083,2035,1973,1012,961,62,23,39
SL050,34010404084,393,381,202,179,12,4,8
SL050,34010404085,463,420,209,211,43,25,18
SL050,34010404086,2389,1973,1027,946,416,227,189
SL050,34010404087,217,180,99,81,37,21,16
SL050,34010404088,3704,2860,1467,1393,844,449,395
SL050,34010404089,963,812,393,419,151,70,81
SL050,34010404090,324,285,141,144,39,18,21
SL050,34010404091,381,356,180,176,25,12,13
SL050,34010404092,3569,3418,1698,1720,151,71,80
SL050,34010404093,3384,2337,1208,1129,1047,526,521
SL050,34010404094,233,209,123,86,24,13,11
SL050,34010404095,836,757,373,384,79,42,37
SL050,34010404096,329,284,149,135,45,23,22
SL050,34010404097,253,249,136,113,4,1,3
SL050,34010404098,1938,1676,860,816,262,135,127
SL050,34010404099,6630,5838,2839,2999,792,392,400
SL050,34010404100,15837,12000,6083,5917,3837,1969,1868
SL050,34010404101,5791,5480,2791,2689,311,148,163
SL050,34010404102,25405,18054,9050,9004,7351,4497,2854
SL050,34010404103,2893,1733,857,876,1160,584,576
SL050,34010404901,570,532,286,246,38,21,17
SL050,34010404902,84710,58504,29237,29267,26206,15225,10981
SL050,34010404903,9003,5478,2738,2740,3525,2289,1236
SL050,34010404904,2933,2233,1104,1129,700,424,276
SL050,34070505001,202,191,103,88,11,10,1
SL050,34070505002,2517,2304,1187,1117,213,111,102
SL050,34070505005,190,190,100,90,0,0,0
SL050,34070505007,119,117,63,54,2,0,2
SL050,34070505008,233,228,114,114,5,1,4
SL050,34070505010,168,163,84,79,5,1,4
SL050,34070505012,135,135,69,66,0,0,0
SL050,34070505013,972,918,461,457,54,34,20
SL050,34070505014,6454,6171,3002,3169,283,133,150
SL050,34070505015,75,75,35,40,0,0,0
SL050,34070505016,8069,7764,3783,3981,305,136,169
SL050,34070505017,86,86,49,37,0,0,0
SL050,34070505018,26,24,14,10,2,1,1
SL050,34070505019,57657,53780,25620,28160,3877,1852,2025
SL050,34070505021,2368,2228,1075,1153,140,70,70
SL050,34070505022,1889,1806,937,869,83,39,44
SL050,34070505023,186,186,103,83,0,0,0
SL050,34070505024,206,206,108,98,0,0,0
SL050,34070505025,90,90,50,40,0,0,0
SL050,34070505026,199,189,102,87,10,4,6
SL050,34070505027,323,291,149,142,32,15,17
SL050,34070505029,108,108,64,44,0,0,0
SL050,34070505030,43,43,22,21,0,0,0
SL050,34070505033,193,192,102,90,1,0,1
SL050,34070505034,16,14,8,6,2,0,2
SL050,34070505035,114,112,56,56,2,1,1
SL050,34070505036,126,124,61,63,2,1,1
SL050,34070505037,248,245,142,103,3,0,3
SL050,34070505038,120,119,71,48,1,0,1
SL050,34070505039,44,44,27,17,0,0,0
SL050,34070505040,65,63,42,21,2,1,1
SL050,34070505041,1196,1128,588,540,68,33,35
SL050,34070505042,157,153,75,78,4,2,2
SL050,34070505043,84,84,44,40,0,0,0
SL050,34070505044,275,271,149,122,4,1,3
SL050,34070505045,82,82,43,39,0,0,0
SL050,34070505046,48,48,26,22,0,0,0
SL050,34070505047,4998,4771,2415,2356,227,113,114
SL050,34070505048,112,112,63,49,0,0,0
SL050,34070505049,452,442,235,207,10,4,6
SL050,34070505051,181,180,97,83,1,1,0
SL050,34070505052,92,91,48,43,1,0,1
SL050,34070505053,84,84,46,38,0,0,0
SL050,34070505054,1429,1379,711,668,50,31,19
SL050,34070505055,637,595,317,278,42,21,21
SL050,34070505056,95,94,53,41,1,0,1
SL050,34070505057,3056,2801,1444,1357,255,132,123
SL050,34070505058,76,76,43,33,0,0,0
SL050,34070505059,100,100,60,40,0,0,0
SL050,34070505060,109,109,56,53,0,0,0
SL050,34070505061,329,319,168,151,10,4,6
SL050,34070505062,179,178,91,87,1,1,0
SL050,34070505063,32,32,20,12,0,0,0
SL050,34070505064,106,104,60,44,2,0,2
SL050,34070505065,496,484,257,227,12,7,5
SL050,34070505066,491,491,271,220,0,0,0
SL050,34070505067,79,79,47,32,0,0,0
SL050,34070505069,79,78,44,34,1,1,0
SL050,34070505070,33,28,16,12,5,1,4
SL050,34070505072,106,103,55,48,3,2,1
SL050,34070505073,307,302,168,134,5,0,5
SL050,34070505074,751,740,386,354,11,5,6
SL050,34070505075,121,116,54,62,5,2,3
SL050,34070505076,601,584,306,278,17,6,11
SL050,34070505077,165,163,88,75,2,0,2
SL050,34070505078,105,103,59,44,2,0,2
SL050,34070505079,63,63,37,26,0,0,0
SL050,34070505080,43,43,21,22,0,0,0
SL050,34070505081,40,40,28,12,0,0,0
SL050,34070505082,587,565,303,262,22,14,8
SL050,34070505083,155,149,79,70,6,3,3
SL050,34070505084,68,68,40,28,0,0,0
SL050,34070505085,36,36,17,19,0,0,0
SL050,34070505086,77,77,48,29,0,0,0
SL050,34070505087,161,160,53,107,1,1,0
SL050,34070505088,31,31,15,16,0,0,0
SL050,34070505089,511,507,250,257,4,2,2
SL050,34070505090,78,78,38,40,0,0,0
SL050,34070505092,169,164,90,74,5,4,1
SL050,34070505093,405,352,201,151,53,29,24
SL050,34070505094,135,135,74,61,0,0,0
SL050,34070505095,267,258,144,114,9,4,5
SL050,34070505096,78,76,46,30,2,1,1
SL050,34070505097,518,514,274,240,4,0,4
SL050,34070505099,512,507,286,221,5,1,4
SL050,34070505100,295,290,151,139,5,4,1
SL050,34070505101,290,284,164,120,6,3,3
SL050,34070505102,2164,2012,1055,957,152,68,84
SL050,34070505103,67,67,34,33,0,0,0
SL050,34070505104,34,34,20,14,0,0,0
SL050,34070505105,363,359,193,166,4,4,0
SL050,34070505106,29,29,15,14,0,0,0
SL050,34070505107,54,54,33,21,0,0,0
SL050,34070505108,40,40,21,19,0,0,0
SL050,34070505109,487,487,255,232,0,0,0
SL050,34070505110,844,795,402,393,49,29,20
SL050,34070505112,110,108,55,53,2,1,1
SL050,34070505113,64,63,30,33,1,0,1
SL050,34070505114,1440,1418,725,693,22,7,15
SL050,34070505115,596,554,285,269,42,25,17
SL050,34070505116,102,101,51,50,1,0,1
SL050,34070505117,208,208,119,89,0,0,0
SL050,34070505118,74,74,40,34,0,0,0
SL050,34070505119,27,27,18,9,0,0,0
SL050,34070505120,31,30,19,11,1,1,0
SL050,34070505121,317,314,164,150,3,1,2
SL050,34070505122,122,119,62,57,3,0,3
SL050,34070505123,105,104,51,53,1,1,0
SL050,34070505124,99,96,45,51,3,0,3
SL050,34070505125,61,61,31,30,0,0,0
SL050,34070505126,60,58,35,23,2,1,1
SL050,34070505127,704,686,384,302,18,10,8
SL050,34070505128,395,383,202,181,12,5,7
SL050,34070505129,124,118,71,47,6,2,4
SL050,34070505130,95,95,50,45,0,0,0
SL050,34070505131,92,92,54,38,0,0,0
SL050,34070505132,1006,988,510,478,18,10,8
SL050,34070505133,73,73,38,35,0,0,0
SL050,34070505134,50,50,30,20,0,0,0
SL050,34070505135,394,381,200,181,13,8,5
SL050,34070505136,94,94,50,44,0,0,0
SL050,34070505138,334,322,167,155,12,5,7
SL050,34070505139,67,64,35,29,3,2,1
SL050,34070505140,128,124,68,56,4,3,1
SL050,34070505141,103,101,57,44,2,0,2
SL050,34070505142,96,95,45,50,1,0,1
SL050,34070505143,62,59,31,28,3,0,3
SL050,34070505144,77,76,41,35,1,1,0
SL050,34070505145,50,50,28,22,0,0,0
SL050,34070505147,161,160,90,70,1,1,0
SL050,34070505148,22,22,11,11,0,0,0
SL050,34070505149,101,99,59,40,2,0,2
SL050,34070505151,98,91,46,45,7,4,3
SL050,34070505152,753,730,389,341,23,9,14
SL050,34070505153,93,93,50,43,0,0,0
SL050,34070505154,34,33,23,10,1,1,0
SL050,34070505155,46,44,28,16,2,2,0
SL050,34070505156,310,289,170,119,21,10,11
SL050,34070505157,247,244,132,112,3,2,1
SL050,34070505158,336,331,178,153,5,4,1
SL050,34070505159,236,235,116,119,1,0,1
SL050,34070505160,321,318,176,142,3,0,3
SL050,34070505161,777,617,313,304,160,86,74
SL050,34070505162,90,90,47,43,0,0,0
SL050,34070505163,1878,1790,891,899,88,33,55
SL050,34070505164,16,16,8,8,0,0,0
SL050,34070505165,434,408,202,206,26,11,15
SL050,34070505166,168,161,88,73,7,4,3
SL050,34070505167,279,258,147,111,21,8,13
SL050,34070505168,5139,4362,2209,2153,777,407,370
SL050,34070505169,251,249,144,105,2,1,1
SL050,34070505170,55,53,27,26,2,0,2
SL050,34070505171,69,69,34,35,0,0,0
SL050,34070505172,184,127,72,55,57,31,26
SL050,34070505173,63,57,35,22,6,4,2
SL050,34070505174,75,72,40,32,3,1,2
SL050,34070505175,172,162,96,66,10,2,8
SL050,34070505176,272,256,139,117,16,11,5
SL050,34070505177,154,149,76,73,5,5,0
SL050,34070505178,402,384,201,183,18,10,8
SL050,34070505179,232,228,112,116,4,2,2
SL050,34070505180,72,67,36,31,5,3,2
SL050,34070505181,43,42,28,14,1,1,0
SL050,34070505182,844,802,421,381,42,23,19
SL050,34070505183,140,131,69,62,9,5,4
SL050,34070505184,272,256,148,108,16,4,12
SL050,34070505185,113,110,57,53,3,1,2
SL050,34070505186,1811,1751,847,904,60,22,38
SL050,34070505187,2057,1995,994,1001,62,31,31
SL050,34070505188,45,45,28,17,0,0,0
SL050,34070505189,482,435,229,206,47,25,22
SL050,34070505190,49,49,30,19,0,0,0
SL050,34070505191,126,122,62,60,4,2,2
SL050,34070505192,107,105,66,39,2,0,2
SL050,34070505193,181,181,103,78,0,0,0
SL050,34070505194,146,145,82,63,1,0,1
SL050,34070505195,227,226,134,92,1,1,0
SL050,34070505196,65,61,27,34,4,1,3
SL050,34070505197,116,112,62,50,4,2,2
SL050,34070505198,75,75,35,40,0,0,0
SL050,34070505199,42,38,20,18,4,2,2
SL050,34070505200,43,42,21,21,1,0,1
SL050,34070505201,553,550,297,253,3,0,3
SL050,34070505204,726,642,326,316,84,47,37
SL050,34070505205,86,85,42,43,1,1,0
SL050,34070505206,30,30,18,12,0,0,0
SL050,34070505207,747,737,384,353,10,4,6
SL050,34070505208,36,36,22,14,0,0,0
SL050,34070505209,80,80,48,32,0,0,0
SL050,34070505210,86,84,42,42,2,1,1
SL050,34070505211,473,469,250,219,4,1,3
SL050,34070505212,199,199,111,88,0,0,0
SL050,34070505213,105,102,62,40,3,2,1
SL050,34070505214,37,34,20,14,3,1,2
SL050,34070505215,174,173,104,69,1,0,1
SL050,34070505216,189,189,109,80,0,0,0
SL050,34070505217,55,55,30,25,0,0,0
SL050,34070505218,125,121,66,55,4,2,2
SL050,34070505219,44,40,24,16,4,2,2
SL050,34070505220,428,411,221,190,17,5,12
SL050,34070505221,365,358,190,168,7,2,5
SL050,34070505222,141,136,73,63,5,3,2
SL050,34070505224,111,111,58,53,0,0,0
SL050,34070505225,403,387,211,176,16,8,8
SL050,34070505226,73,73,44,29,0,0,0
SL050,34070505227,436,383,209,174,53,25,28
SL050,34070505228,176,176,109,67,0,0,0
SL050,34070505229,75,72,38,34,3,2,1
SL050,34070505230,65,63,33,30,2,2,0
SL050,34070505231,171,171,100,71,0,0,0
SL050,34070505232,111,110,58,52,1,0,1
SL050,34070505233,250,245,136,109,5,4,1
SL050,34070505234,43,42,21,21,1,1,0
SL050,34070505235,124,124,69,55,0,0,0
SL050,34070505236,113,112,65,47,1,1,0
SL050,34070505237,165,165,95,70,0,0,0
SL050,34070505238,837,821,438,383,16,8,8
SL050,34070505239,251,240,131,109,11,3,8
SL050,34070505240,4542,4071,2034,2037,471,218,253
SL050,34070505241,4097,3577,1847,1730,520,243,277
SL050,34070505242,796,792,410,382,4,1,3
SL050,34070505243,85,85,48,37,0,0,0
SL050,34070505244,41,41,26,15,0,0,0
SL050,34070505245,435,413,210,203,22,12,10
SL050,34070505246,60,60,33,27,0,0,0
SL050,34070505247,239,239,131,108,0,0,0
SL050,34070505249,105,105,55,50,0,0,0
SL050,34070505251,67,63,39,24,4,3,1
SL050,34070505252,62,62,37,25,0,0,0
SL050,34070505253,85,84,41,43,1,0,1
SL050,34070505254,213,206,103,103,7,3,4
SL050,34070505256,117,116,61,55,1,1,0
SL050,34070505257,132,129,70,59,3,1,2
SL050,34070505258,132,118,67,51,14,9,5
SL050,34070505259,122,122,61,61,0,0,0
SL050,34070505260,103,103,57,46,0,0,0
SL050,34070505261,39,39,22,17,0,0,0
SL050,34070505262,363,360,189,171,3,2,1
SL050,34070505263,166,162,94,68,4,2,2
SL050,34070505264,58,58,34,24,0,0,0
SL050,34070505265,87,84,50,34,3,2,1
SL050,34070505266,97,96,53,43,1,0,1
SL050,34070505267,115,115,60,55,0,0,0
SL050,34070505901,251,250,137,113,1,0,1
SL050,34070505902,314,304,179,125,10,4,6
SL050,34070505903,147,146,82,64,1,1,0
SL050,34070505904,122,121,69,52,1,0,1
SL050,34070505905,254,253,127,126,1,0,1
SL050,34110606001,798,776,409,367,22,9,13
SL050,34110606002,5461,5168,2559,2609,293,147,146
SL050,34110606003,893,888,441,447,5,2,3
SL050,34110606004,1880,1865,937,928,15,8,7
SL050,34110606005,2029,1986,1035,951,43,23,20
SL050,34110606006,5340,5258,2621,2637,82,46,36
SL050,34110606007,1704,1686,850,836,18,9,9
SL050,34110606008,730,723,355,368,7,4,3
SL050,34110606009,245,239,132,107,6,1,5
SL050,34110606010,1240,1236,604,632,4,3,1
SL050,34110606011,33468,30543,15133,15410,2925,1455,1470
SL050,34110606012,4126,3973,2023,1950,153,79,74
SL050,34110606013,293,291,149,142,2,1,1
SL050,34110606014,7891,7785,3881,3904,106,33,73
SL050,34110606015,150530,145583,70589,74994,4947,2399,2548
SL050,34110606016,3580,3556,1813,1743,24,9,15
SL050,34110606017,293,293,156,137,0,0,0
SL050,34110606018,841,825,413,412,16,4,12
SL050,34110606019,2360,2322,1177,1145,38,15,23
SL050,34110606020,2128,2114,1096,1018,14,5,9
SL050,34110606021,1052,1051,539,512,1,0,1
SL050,34110606022,3085,3057,1513,1544,28,11,17
SL050,34110606023,4929,4864,2417,2447,65,24,41
SL050,34110606024,1331,1325,678,647,6,1,5
SL050,34110606025,6241,6116,3033,3083,125,68,57
SL050,34110606026,969,958,488,470,11,2,9
SL050,34110606027,769,760,380,380,9,3,6
SL050,34110606028,4967,4900,2421,2479,67,21,46
SL050,34110606029,1373,1364,693,671,9,0,9
SL050,34110606030,186,182,94,88,4,2,2
SL050,34110606031,551,545,273,272,6,3,3
SL050,34110606032,67,67,33,34,0,0,0
SL050,34110606033,1483,1470,758,712,13,4,9
SL050,34110606034,191,189,92,97,2,2,0
SL050,34110606035,972,964,495,469,8,3,5
SL050,34110606036,5921,5779,2853,2926,142,66,76
SL050,34110606037,2119,1950,1023,927,169,98,71
SL050,34110606038,916,913,470,443,3,1,2
SL050,34110606039,2182,2172,1062,1110,10,3,7
SL050,34110606040,1238,1142,560,582,96,47,49
SL050,34110606041,567,561,291,270,6,2,4
SL050,34110606042,1210,1209,586,623,1,1,0
SL050,34110606043,768,757,388,369,11,7,4
SL050,34110606044,37010,35899,17784,18115,1111,484,627
SL050,34110606045,569,544,271,273,25,16,9
SL050,34110606046,1459,1449,716,733,10,4,6
SL050,34110606047,1031,1025,528,497,6,0,6
SL050,34110606048,938,933,450,483,5,1,4
SL050,34110606049,1150,1132,553,579,18,7,11
SL050,34110606050,4918,4821,2371,2450,97,48,49
SL050,34110606051,1879,1818,900,918,61,31,30
SL050,34110606052,4784,4735,2348,2387,49,19,30
SL050,34110606053,697,682,346,336,15,4,11
SL050,34110606054,6774,6585,3285,3300,189,82,107
SL050,34110606055,2311,2300,1137,1163,11,5,6
SL050,34110606056,522,511,276,235,11,1,10
SL050,34110606057,599,596,312,284,3,0,3
SL050,34110606058,2401,2396,1205,1191,5,1,4
SL050,34110606059,2041,2022,1009,1013,19,4,15
SL050,34110606060,7006,6887,3477,3410,119,53,66
SL050,34110606061,1247,1242,619,623,5,3,2
SL050,34110606062,653,645,363,282,8,5,3
SL050,34110606063,3485,3432,1722,1710,53,26,27
SL050,34110606064,941,932,490,442,9,2,7
SL050,34110606065,343,342,174,168,1,0,1
SL050,34110606066,1950,1945,981,964,5,1,4
SL050,34110606067,2264,2235,1122,1113,29,12,17
SL050,34110606068,489,483,235,248,6,3,3
SL050,34110606069,3639,3600,1818,1782,39,14,25
SL050,34110606070,9367,9206,4540,4666,161,70,91
SL050,34110606071,284,279,142,137,5,1,4
SL050,34110606072,2757,2744,1407,1337,13,7,6
SL050,34110606073,860,856,446,410,4,0,4
SL050,34110606074,5758,5650,2813,2837,108,48,60
SL050,34110606075,526,519,276,243,7,4,3
SL050,34110606076,970,962,472,490,8,6,2
SL050,34110606077,374,362,198,164,12,5,7
SL050,34110606078,569,561,291,270,8,3,5
SL050,34110606079,763,762,391,371,1,0,1
SL050,34110606080,2276,2250,1121,1129,26,13,13
SL050,34110606081,1207,1200,620,580,7,1,6
SL050,34110606082,472,467,252,215,5,2,3
SL050,34110606083,59352,57771,28188,29583,1581,770,811
SL050,34110606084,1300,1272,641,631,28,18,10
SL050,34110606085,4254,4133,2129,2004,121,60,61
SL050,34110606086,1367,1357,655,702,10,4,6
SL050,34110606087,2415,2360,1155,1205,55,22,33
SL050,34110606088,15614,15255,7537,7718,359,184,175
SL050,34110606089,719,710,362,348,9,3,6
SL050,34110606090,949,940,480,460,9,2,7
SL050,34110606091,4444,4300,2185,2115,144,73,71
SL050,34110606092,666,658,325,333,8,5,3
SL050,34110606093,5195,5135,2575,2560,60,26,34
SL050,34110606094,1734,1732,891,841,2,1,1
SL050,34110606095,11986,11685,5802,5883,301,175,126
SL050,34110606096,235,226,120,106,9,3,6
SL050,34110606097,2729,2639,1366,1273,90,49,41
SL050,34110606098,686,676,337,339,10,5,5
SL050,34110606099,1360,1360,705,655,0,0,0
SL050,34110606100,949,943,449,494,6,1,5
SL050,34110606101,512,502,253,249,10,6,4
SL050,34110606102,1188,1173,576,597,15,9,6
SL050,34110606103,5876,5799,2897,2902,77,36,41
SL050,34110606104,745,742,373,369,3,1,2
SL050,34110606105,698,687,352,335,11,4,7
SL050,34110606106,500,494,253,241,6,3,3
SL050,34110606107,1868,1856,933,923,12,5,7
SL050,34110606108,2731,2663,1343,1320,68,34,34
SL050,34110606109,4650,4562,2306,2256,88,48,40
SL050,34110606110,159,157,79,78,2,0,2
SL050,34110606111,622,613,316,297,9,4,5
SL050,34110606112,443,438,225,213,5,1,4
SL050,34110606113,3357,3175,1566,1609,182,98,84
SL050,34110606114,141,141,72,69,0,0,0
SL050,34110606115,1473,1453,717,736,20,10,10
SL050,34110606116,1800,1784,900,884,16,7,9
SL050,34110606117,1664,1651,805,846,13,6,7
SL050,34110606118,175,175,100,75,0,0,0
SL050,34110606119,837,823,428,395,14,5,9
SL050,34110606120,4059,4008,2033,1975,51,23,28
SL050,34110606121,4176,3988,2008,1980,188,101,87
SL050,34110606122,8126,7996,4039,3957,130,65,65
SL050,34110606123,5475,5412,2728,2684,63,28,35
SL050,34110606124,1921,1915,951,964,6,0,6
SL050,34110606125,1912,1897,956,941,15,6,9
SL050,34110606126,2645,2542,1264,1278,103,53,50
SL050,34110606127,3420,3285,1640,1645,135,64,71
SL050,34110606128,5376,5281,2638,2643,95,43,52
SL050,34110606129,681,676,339,337,5,2,3
SL050,34110606130,215,215,111,104,0,0,0
SL050,34110606131,1265,1240,634,606,25,14,11
SL050,34110606132,973,962,458,504,11,7,4
SL050,34110606133,2264,2225,1149,1076,39,19,20
SL050,34110606134,633,625,332,293,8,2,6
SL050,34110606135,1401,1386,715,671,15,5,10
SL050,34110606136,1777,1759,872,887,18,7,11
SL050,34110606137,1074,1052,542,510,22,13,9
SL050,34110606138,1179,1173,574,599,6,3,3
SL050,34110606139,578,575,304,271,3,1,2
SL050,34110606140,731,690,349,341,41,19,22
SL050,34110606141,2008,1987,988,999,21,6,15
SL050,34110606142,281,281,150,131,0,0,0
SL050,34110606143,4176,4122,2078,2044,54,23,31
SL050,34110606144,603,602,298,304,1,1,0
SL050,34110606145,1060,1052,532,520,8,2,6
SL050,34110606146,1224,1197,608,589,27,12,15
SL050,34110606147,367,365,180,185,2,0,2
SL050,34110606148,1152,1143,560,583,9,5,4
SL050,34110606149,12926,12487,6144,6343,439,221,218
SL050,34110606150,913,910,470,440,3,0,3
SL050,34110606151,1243,1242,602,640,1,1,0
SL050,34110606152,1504,1493,755,738,11,6,5
SL050,34110606153,25759,24719,12054,12665,1040,474,566
SL050,34110606154,3401,3338,1669,1669,63,31,32
SL050,34110606155,2168,2138,1138,1000,30,19,11
SL050,34110606156,1383,1368,708,660,15,7,8
SL050,34110606157,444,431,220,211,13,6,7
SL050,34110606158,16776,16223,7867,8356,553,219,334
SL050,34110606159,2805,2795,1391,1404,10,8,2
SL050,34110606160,3606,3508,1764,1744,98,46,52
SL050,34110606161,310,307,156,151,3,1,2
SL050,34110606162,3508,3488,1773,1715,20,10,10
SL050,34110606901,2734,2558,1309,1249,176,89,87
SL050,34110606902,2033,2001,1013,988,32,19,13
SL050,34110606903,2518,2455,1203,1252,63,34,29
SL050,34040707001,5494,4540,2224,2316,954,434,520
SL050,34040707002,9012,8017,4019,3998,995,501,494
SL050,34040707003,19793,15056,7596,7460,4737,2378,2359
SL050,34040707004,5529,4842,2501,2341,687,321,366
SL050,34040707005,11004,8397,4248,4149,2607,1222,1385
SL050,34040707006,7671,6504,3239,3265,1167,605,562
SL050,34040707007,503,460,245,215,43,20,23
SL050,34040707008,8316,7595,3787,3808,721,343,378
SL050,34040707009,1054,904,475,429,150,70,80
SL050,34040707010,6714,6189,3065,3124,525,219,306
SL050,34040707011,49333,34257,17378,16879,15076,7349,7727
SL050,34040707012,2612,2261,1130,1131,351,172,179
SL050,34040707013,10610,8799,4380,4419,1811,888,923
SL050,34040707014,11600,9233,4722,4511,2367,1185,1182
SL050,34040707015,29223,26455,13160,13295,2768,1323,1445
SL050,34040707016,4008,3740,1890,1850,268,122,146
SL050,34040707017,1271,1058,531,527,213,93,120
SL050,34040707018,620,424,209,215,196,84,112
SL050,34040707019,211,180,115,65,31,14,17
SL050,34040707020,5020,4536,2248,2288,484,230,254
SL050,34040707021,318,261,140,121,57,31,26
SL050,34040707022,17497,13900,6972,6928,3597,1829,1768
SL050,34040707023,4695,4515,2259,2256,180,76,104
SL050,34040707024,12216,8554,4451,4103,3662,1977,1685
SL050,34040707025,678,565,275,290,113,57,56
SL050,34040707026,49727,37464,18685,18779,12263,6299,5964
SL050,34040707027,32137,27267,13644,13623,4870,2525,2345
SL050,34040707028,1289,1077,540,537,212,112,100
SL050,34040707029,5858,5228,2635,2593,630,306,324
SL050,34040707030,2243,1947,978,969,296,153,143
SL050,34040707031,36358,30548,15455,15093,5810,2989,2821
SL050,34040707032,28592,25383,12354,13029,3209,1636,1573
SL050,34040707033,42631,34609,17216,17393,8022,4054,3968
SL050,34040707034,1455,1335,683,652,120,55,65
SL050,34040707035,2143,1912,979,933,231,129,102
SL050,34040707036,36725,34944,17666,17278,1781,829,952
SL050,34040707037,4788,3917,1995,1922,871,433,438
SL050,34040707038,2867,2406,1194,1212,461,255,206
SL050,34040707039,6931,5995,3016,2979,936,488,448
SL050,34040707040,409661,347882,168816,179066,61779,30836,30943
SL050,34040707041,2825,2476,1214,1262,349,185,164
SL050,34040707042,16189,12957,6479,6478,3232,1580,1652
SL050,34040707043,5339,4139,2086,2053,1200,636,564
SL050,34040707044,13026,10748,5432,5316,2278,1191,1087
SL050,34040707045,1967,1654,831,823,313,143,170
SL050,34040707046,25779,19832,10429,9403,5947,3100,2847
SL050,34040707047,3195,2845,1450,1395,350,165,185
SL050,34040707048,26496,21547,11167,10380,4949,2496,2453
SL050,34040707049,2083,1770,865,905,313,158,155
SL050,34040707050,6200,4084,2086,1998,2116,1067,1049
SL050,34040707051,8405,6669,3295,3374,1736,856,880
SL050,34040707052,6892,5818,2954,2864,1074,540,534
SL050,34040707053,1671,1480,740,740,191,91,100
SL050,34040707054,36457,27715,14100,13615,8742,4417,4325
SL050,34040707055,11958,9355,4843,4512,2603,1265,1338
SL050,34040707056,7167,6545,3270,3275,622,294,328
SL050,34040707057,12112,8710,4372,4338,3402,1717,1685
SL050,34040707058,3981,3492,1756,1736,489,238,251
SL050,34040707059,4877,3586,1800,1786,1291,674,617
SL050,34040707060,3764,3257,1620,1637,507,246,261
SL050,34040707061,14041,11847,5982,5865,2194,1068,1126
SL050,34040707062,11378,9497,4766,4731,1881,930,951
SL050,34040707063,1945,1654,858,796,291,131,160
SL050,34040707064,7348,6509,3314,3195,839,409,430
SL050,34040707065,3176,2735,1385,1350,441,221,220
SL050,34040707901,860,706,366,340,154,85,69
SL050,34040707902,1370,1264,631,633,106,52,54
SL050,34090808001,12334,11519,5831,5688,815,417,398
SL050,34090808002,277,270,145,125,7,3,4
SL050,34090808003,9764,8855,4321,4534,909,430,479
SL050,34090808004,273,254,136,118,19,10,9
SL050,34090808005,8496,8055,4068,3987,441,217,224
SL050,34090808006,15533,14053,6782,7271,1480,754,726
SL050,34090808007,8838,8342,4191,4151,496,248,248
SL050,34090808008,219,208,103,105,11,7,4
SL050,34090808009,12295,11704,5767,5937,591,286,305
SL050,34090808010,5648,5154,2587,2567,494,264,230
SL050,34090808011,2250,2157,1072,1085,93,48,45
SL050,34090808012,2250,2059,1016,1043,191,104,87
SL050,34090808013,1669,1508,786,722,161,101,60
SL050,34090808014,2501,2381,1141,1240,120,63,57
SL050,34090808015,217741,189983,92379,97604,27758,14713,13045
SL050,34090808016,2152,2094,1051,1043,58,24,34
SL050,34090808017,3783,3447,1734,1713,336,173,163
SL050,34090808018,3205,3024,1478,1546,181,108,73
SL050,34090808019,1620343,1326556,619602,706954,293787,146360,147427
SL050,34090808020,6961,6550,3248,3302,411,192,219
SL050,34090808021,74,73,46,27,1,0,1
SL050,34090808022,16199,14403,7011,7392,1796,968,828
SL050,34090808023,9003,8684,4418,4266,319,169,150
SL050,34090808024,456,416,234,182,40,23,17
SL050,34090808025,2027,1922,1049,873,105,46,59
SL050,34090808026,257,239,133,106,18,9,9
SL050,34090808027,965,937,482,455,28,10,18
SL050,34090808028,1376,1314,696,618,62,30,32
SL050,34090808029,4664,4379,2205,2174,285,141,144
SL050,34090808030,7348,6534,3222,3312,814,404,410
SL050,34090808031,3547,2876,1446,1430,671,344,327
SL050,34090808032,2859,2424,1174,1250,435,206,229
SL050,34090808033,17449,16232,7987,8245,1217,682,535
SL050,34090808034,946,924,479,445,22,9,13
SL050,34090808035,18728,15409,7388,8021,3319,1764,1555
SL050,34090808036,191,188,93,95,3,2,1
SL050,34090808037,2497,2360,1187,1173,137,78,59
SL050,34090808038,2095,1924,944,980,171,81,90
SL050,34090808039,515,482,255,227,33,17,16
SL050,34090808040,14583,13474,6563,6911,1109,512,597
SL050,34090808041,16317,13397,6749,6648,2920,1709,1211
SL050,34090808042,2995,2884,1471,1413,111,50,61
SL050,34090808043,4481,4096,2139,1957,385,171,214
SL050,34090808044,5211,4999,2477,2522,212,95,117
SL050,34090808045,96,95,45,50,1,0,1
SL050,34090808046,18165,17108,8347,8761,1057,545,512
SL050,34090808047,4652,4442,2165,2277,210,106,104
SL050,34090808048,783,698,352,346,85,46,39
SL050,34090808049,1572,1537,762,775,35,18,17
SL050,34090808050,165,163,90,73,2,2,0
SL050,34090808051,24036,23072,11399,11673,964,456,508
SL050,34090808052,165,157,82,75,8,4,4
SL050,34090808053,3599,3448,1761,1687,151,80,71
SL050,34090808054,12332,11733,5937,5796,599,307,292
SL050,34090808055,728,675,351,324,53,26,27
SL050,34090808056,66375,53229,25923,27306,13146,6824,6322
SL050,34090808057,72,72,41,31,0,0,0
SL050,34090808058,2247,2118,1077,1041,129,70,59
SL050,34090808059,446,434,222,212,12,6,6
SL050,34090808060,156,154,90,64,2,0,2
SL050,34090808061,2053,1987,1024,963,66,41,25
SL050,34090808062,1319,1286,649,637,33,17,16
SL050,34090808063,610,596,289,307,14,6,8
SL050,34090808064,2418,2298,1147,1151,120,61,59
SL050,34090808065,1534,1422,712,710,112,60,52
SL050,34090808066,1865,1799,886,913,66,31,35
SL050,34090808067,7423,7080,3476,3604,343,167,176
SL050,34090808068,8970,8468,4269,4199,502,226,276
SL050,34090808069,4458,4278,2229,2049,180,75,105
SL050,34090808070,339,335,173,162,4,0,4
SL050,34090808071,306,303,150,153,3,1,2
SL050,34090808072,14643,13393,6784,6609,1250,573,677
SL050,34090808073,87173,75046,36025,39021,12127,6201,5926
SL050,34090808074,14992,13623,6856,6767,1369,698,671
SL050,34090808075,5281,5039,2553,2486,242,128,114
SL050,34090808076,22045,20330,10235,10095,1715,918,797
SL050,34090808077,46355,41237,19715,21522,5118,2429,2689
SL050,34090808078,258,256,130,126,2,0,2
SL050,34090808079,393,385,190,195,8,3,5
SL050,34090808080,42,41,25,16,1,0,1
SL050,34090808081,466,452,238,214,14,7,7
SL050,34090808082,1467,1382,710,672,85,43,42
SL050,34090808083,2276,2219,1130,1089,57,26,31
SL050,34090808084,1439,1391,718,673,48,25,23
SL050,34090808085,1354,1206,619,587,148,83,65
SL050,34090808086,19768,17825,8907,8918,1943,1096,847
SL050,34090808087,169,161,85,76,8,5,3
SL050,34090808088,16227,15179,7367,7812,1048,494,554
SL050,34090808089,46705,42028,20576,21452,4677,2340,2337
SL050,34090808090,167,162,89,73,5,4,1
SL050,34090808091,7371,6730,3405,3325,641,295,346
SL050,34090808092,4834,4338,2129,2209,496,267,229
SL050,34090808093,26,26,15,11,0,0,0
SL050,34090808094,2130,1963,982,981,167,95,72
SL050,34090808095,80,80,56,24,0,0,0
SL050,34090808096,60981,53041,25622,27419,7940,4401,3539
SL050,34090808097,1481,1416,714,702,65,36,29
SL050,34090808098,3168,2991,1494,1497,177,130,47
SL050,34090808099,887,845,437,408,42,21,21
SL050,34090808100,2654,2593,1337,1256,61,23,38
SL050,34090808101,261068,209054,99622,109432,52014,26444,25570
SL050,34090808102,39540,35301,17149,18152,4239,2244,1995
SL050,34090808103,841,799,408,391,42,23,19
SL050,34090808104,863,767,406,361,96,63,33
SL050,34090808105,13367,11937,5811,6126,1430,784,646
SL050,34090808106,9838,9123,4540,4583,715,367,348
SL050,34090808107,15111,14734,7555,7179,377,183,194
SL050,34090808108,6480,6319,3217,3102,161,82,79
SL050,34090808109,276,266,130,136,10,5,5
SL050,34090808110,18439,16392,8131,8261,2047,1086,961
SL050,34090808111,271,260,134,126,11,6,5
SL050,34090808112,20194,15856,7820,8036,4338,2248,2090
SL050,34090808113,76250,63851,30841,33010,12399,6470,5929
SL050,34090808114,27850,23468,11731,11737,4382,2448,1934
SL050,34090808115,4794,4583,2305,2278,211,105,106
SL050,34090808116,704,675,339,336,29,15,14
SL050,34090808117,3124,3010,1493,1517,114,50,64
SL050,34090808118,23340,21206,10212,10994,2134,1054,1080
SL050,34090808119,8641,8220,4127,4093,421,211,210
SL050,34090808120,9291,9018,4548,4470,273,118,155
SL050,34090808121,126988,107175,52165,55010,19813,10780,9033
SL050,34090808122,2331,2129,1059,1070,202,111,91
SL050,34090808123,25687,24333,11879,12454,1354,620,734
SL050,34090808124,51133,45899,22464,23435,5234,2688,2546
SL050,34090808125,35599,31577,15543,16034,4022,1979,2043
SL050,34090808126,11819,11031,5456,5575,788,376,412
SL050,34090808127,2955,2699,1365,1334,256,136,120
SL050,34090808128,677,665,353,312,12,4,8
SL050,34090808129,620,607,307,300,13,9,4
SL050,34090808130,129,127,65,62,2,1,1
SL050,34090808131,968,881,447,434,87,45,42
SL050,34090808132,465,438,221,217,27,16,11
SL050,34090808133,154,140,77,63,14,11,3
SL050,34090808134,1109,1008,501,507,101,50,51
SL050,34090808135,8784,8191,3989,4202,593,309,284
SL050,34090808136,16263,14670,7316,7354,1593,851,742
SL050,34090808137,321,311,161,150,10,5,5
SL050,34090808138,6190,5453,2699,2754,737,448,289
SL050,34090808139,223,219,119,100,4,2,2
SL050,34090808140,5966,5686,2789,2897,280,128,152
SL050,34090808141,6023,5524,2741,2783,499,247,252
SL050,34090808142,160,157,80,77,3,1,2
SL050,34090808143,3608,3466,1760,1706,142,87,55
SL050,34090808144,837,814,394,420,23,11,12
SL050,34090808145,3611,3355,1725,1630,256,130,126
SL050,34090808146,1787,1681,886,795,106,55,51
SL050,34090808147,23779,21818,10878,10940,1961,982,979
SL050,34090808148,3729,3005,1577,1428,724,385,339
SL050,34090808149,1188,1141,562,579,47,25,22
SL050,34090808150,310,300,153,147,10,3,7
SL050,34090808151,537,519,262,257,18,6,12
SL050,34090808152,136,135,74,61,1,1,0
SL050,34090808153,730,713,365,348,17,10,7
SL050,34090808154,908,853,423,430,55,32,23
SL050,34090808155,9256,8785,4426,4359,471,226,245
SL050,34090808156,14636,13824,6772,7052,812,388,424
SL050,34090808157,11486,10821,5402,5419,665,323,342
SL050,34090808158,4103,3864,1911,1953,239,120,119
SL050,34090808159,19041,17892,8916,8976,1149,635,514
SL050,34090808160,412,382,193,189,30,17,13
SL050,34090808161,15362,14375,7313,7062,987,535,452
SL050,34090808162,2930,2690,1385,1305,240,117,123
SL050,34090808163,26659,23082,11348,11734,3577,1906,1671
SL050,34090808164,1259,1148,576,572,111,58,53
SL050,34090808165,2177,2101,1070,1031,76,39,37
SL050,34090808166,1101,1059,520,539,42,15,27
SL050,34090808167,8389,7899,3969,3930,490,261,229
SL050,34090808168,458,410,231,179,48,27,21
SL050,34090808169,64132,59060,28825,30235,5072,2588,2484
SL050,34090808170,545,538,284,254,7,4,3
SL050,34090808171,2537,2394,1201,1193,143,72,71
SL050,34090808172,28071,24769,11958,12811,3302,1762,1540
SL050,34090808174,518,504,250,254,14,7,7
SL050,34090808175,4094,3885,1920,1965,209,104,105
SL050,34090808176,207,198,107,91,9,6,3
SL050,34090808177,60,55,29,26,5,3,2
SL050,34090808178,539,524,269,255,15,5,10
SL050,34090808179,747,732,380,352,15,6,9
SL050,34090808180,38347,34198,16795,17403,4149,2185,1964
SL050,34090808181,10666,10226,5097,5129,440,217,223
SL050,34090808182,3801,3593,1857,1736,208,102,106
SL050,34090808183,6197,5605,2738,2867,592,301,291
SL050,34090808184,76423,67992,33649,34343,8431,4191,4240
SL050,34090808185,232,226,128,98,6,1,5
SL050,34090808187,211734,187972,91019,96953,23762,11908,11854
SL050,34090808188,161,159,89,70,2,1,1
SL050,34090808189,155,153,83,70,2,1,1
SL050,34090808190,265,263,152,111,2,2,0
SL050,34090808191,6636,6255,3007,3248,381,187,194
SL050,34090808192,7532,7225,3584,3641,307,155,152
SL050,34090808193,1313,1230,633,597,83,44,39
SL050,34090808194,36669,31991,15585,16406,4678,2443,2235
SL050,34090808195,87,86,44,42,1,0,1
SL050,34090808196,27332,24845,12255,12590,2487,1297,1190
SL050,34090808197,10877,9794,4866,4928,1083,504,579
SL050,34090808198,6095,5784,2877,2907,311,155,156
SL050,34090808199,840,784,417,367,56,29,27
SL050,34090808200,82904,75736,36934,38802,7168,3667,3501
SL050,34090808201,532,501,245,256,31,15,16
SL050,34090808202,17754,15936,7895,8041,1818,938,880
SL050,34090808203,3344,3094,1603,1491,250,140,110
SL050,34090808204,4107,4019,2032,1987,88,42,46
SL050,34090808205,90664,79817,39003,40814,10847,5103,5744
SL050,34090808206,989,914,431,483,75,43,32
SL050,34090808207,2749,2569,1281,1288,180,78,102
SL050,34090808208,7800,7396,3722,3674,404,198,206
SL050,34090808209,8722,8412,4164,4248,310,166,144
SL050,34090808210,6184,5629,2822,2807,555,310,245
SL050,34090808211,44474,41607,20201,21406,2867,1335,1532
SL050,34090808212,600,575,300,275,25,16,9
SL050,34090808213,8593,8164,4075,4089,429,181,248
SL050,34090808214,9013,8557,4210,4347,456,225,231
SL050,34090808215,3475,3174,1555,1619,301,166,135
SL050,34090808216,30,28,17,11,2,1,1
SL050,34090808217,34084,31633,15407,16226,2451,1162,1289
SL050,34090808218,10820,9950,4963,4987,870,459,411
SL050,34090808219,20764,19381,9367,10014,1383,651,732
SL050,34090808220,3096,2982,1466,1516,114,63,51
SL050,34090808221,17494,15760,7576,8184,1734,785,949
SL050,34090808222,2598,2457,1260,1197,141,63,78
SL050,34090808223,2371,2254,1133,1121,117,57,60
SL050,34090808224,1131,1004,519,485,127,71,56
SL050,34090808225,113,113,56,57,0,0,0
SL050,34090808226,1206,1180,603,577,26,13,13
SL050,34090808227,3231,2980,1459,1521,251,132,119
SL050,34090808228,344,339,177,162,5,2,3
SL050,34090808229,600,583,294,289,17,6,11
SL050,34090808230,10429,9525,4777,4748,904,429,475
SL050,34090808231,30658,26060,12972,13088,4598,2339,2259
SL050,34090808232,2338,2204,1087,1117,134,74,60
SL050,34090808233,2419,2226,1146,1080,193,105,88
SL050,34090808234,4371,4187,2080,2107,184,88,96
SL050,34090808235,5178,4673,2306,2367,505,257,248
SL050,34090808236,2179,1889,975,914,290,144,146
SL050,34090808237,2107,1936,935,1001,171,92,79
SL050,34090808238,19939,19009,9324,9685,930,430,500
SL050,34090808239,637,611,318,293,26,14,12
SL050,34090808240,12866,11811,5818,5993,1055,504,551
SL050,34090808241,79,74,42,32,5,4,1
SL050,34090808242,258,249,127,122,9,0,9
SL050,34090808243,187,184,95,89,3,1,2
SL050,34090808244,8179,7914,3904,4010,265,114,151
SL050,34090808245,118821,94779,46090,48689,24042,12759,11283
SL050,34090808246,2226,1957,999,958,269,131,138
SL050,34090808247,1309,1253,643,610,56,27,29
SL050,34090808248,7192,6968,3496,3472,224,105,119
SL050,34090808249,379,349,170,179,30,21,9
SL050,34090808250,9874,8957,4459,4498,917,481,436
SL050,34090808251,7503,6498,3263,3235,1005,539,466
SL050,34090808252,32839,30670,15126,15544,2169,1041,1128
SL050,34090808253,143,141,71,70,2,1,1
SL050,34090808254,2141,2061,1042,1019,80,41,39
SL050,34090808255,183,179,88,91,4,2,2
SL050,34090808256,882,862,430,432,20,9,11
SL050,34090808257,128,124,67,57,4,2,2
SL050,34090808258,1024,985,493,492,39,23,16
SL050,34090808259,9325,8491,4222,4269,834,451,383
SL050,34090808260,25705,23406,11715,11691,2299,1218,1081
SL050,34090808261,3381,3001,1529,1472,380,171,209
SL050,34090808262,9274,8338,4106,4232,936,514,422
SL050,34090808263,27901,26083,12893,13190,1818,953,865
SL050,34090808264,6372,5669,2852,2817,703,342,361
SL050,34090808265,2014,1933,958,975,81,35,46
SL050,34090808266,57740,52689,25884,26805,5051,2375,2676
SL050,34090808267,8957,8455,4268,4187,502,264,238
SL050,34090808268,1152,1118,547,571,34,20,14
SL050,34090808269,3472,3321,1681,1640,151,65,86
SL050,34090808270,28969,22827,11228,11599,6142,3248,2894
SL050,34090808271,79,78,33,45,1,1,0
SL050,34090808272,205,198,112,86,7,3,4
SL050,34090808273,3025,2876,1485,1391,149,71,78
SL050,34090808274,5895,5502,2686,2816,393,188,205
SL050,34090808275,320,306,152,154,14,7,7
SL050,34090808276,333,297,152,145,36,22,14
SL050,34090808277,202,201,114,87,1,1,0
SL050,34090808278,6412,5942,2952,2990,470,236,234
SL050,34090808279,218535,192336,94161,98175,26199,13379,12820
SL050,34090808280,111,104,55,49,7,3,4
SL050,34090808281,6312,5872,2874,2998,440,219,221
SL050,34090808282,8709,8376,4019,4357,333,151,182
SL050,34090808283,8131,7520,3726,3794,611,298,313
SL050,34090808284,16937,15494,7830,7664,1443,746,697
SL050,34090808285,14172,12505,6115,6390,1667,906,761
SL050,34090808286,3716,3612,1867,1745,104,44,60
SL050,34090808287,1430,1339,687,652,91,49,42
SL050,34090808288,2281,2008,1077,931,273,142,131
SL050,34090808289,5945,5659,2813,2846,286,128,158
SL050,34090808290,2069,2025,1014,1011,44,24,20
SL050,34090808291,6486,6274,3234,3040,212,106,106
SL050,34090808292,1399,1307,672,635,92,57,35
SL050,34090808293,246,245,139,106,1,0,1
SL050,34090808294,2854,2674,1346,1328,180,81,99
SL050,34090808295,14877,14070,7072,6998,807,369,438
SL050,34090808296,2530,2394,1233,1161,136,64,72
SL050,34090808297,170,166,92,74,4,3,1
SL050,34090808298,45040,33297,16108,17189,11743,6518,5225
SL050,34090808299,430,425,223,202,5,3,2
SL050,34090808300,7480,7319,3624,3695,161,83,78
SL050,34090808301,66168,61668,30551,31117,4500,2234,2266
SL050,34090808302,12361,11680,5843,5837,681,335,346
SL050,34090808303,308,303,140,163,5,3,2
SL050,34090808304,1106,1035,543,492,71,39,32
SL050,34090808305,40055,34494,16739,17755,5561,2813,2748
SL050,34090808306,688,645,322,323,43,21,22
SL050,34090808307,66274,59467,28523,30944,6807,3556,3251
SL050,34090808308,164,163,86,77,1,0,1
SL050,34090808901,279,262,129,133,17,10,7
SL050,34090808902,5339,5162,2624,2538,177,77,100
SL050,34090808903,244,241,132,109,3,1,2
SL050,34090808904,13417,12759,6263,6496,658,302,356
SL050,34090808905,2982,2820,1391,1429,162,67,95
SL050,34070909001,27,26,19,7,1,0,1
SL050,34070909003,219,208,103,105,11,7,4
SL050,34070909006,57,57,35,22,0,0,0
SL050,34070909007,61,57,36,21,4,2,2
SL050,34070909009,214,213,111,102,1,0,1
SL050,34070909010,36,36,26,10,0,0,0
SL050,34070909011,77,76,46,30,1,0,1
SL050,34070909012,100,99,57,42,1,0,1
SL050,34070909013,53,49,28,21,4,3,1
SL050,34070909014,186,184,109,75,2,2,0
SL050,34070909016,105,103,59,44,2,1,1
SL050,34070909017,135,92,50,42,43,24,19
SL050,34070909018,32523,29634,14435,15199,2889,1370,1519
SL050,34070909019,161,154,94,60,7,5,2
SL050,34070909020,326,270,145,125,56,31,25
SL050,34070909021,56,55,33,22,1,1,0
SL050,34070909022,73,65,39,26,8,3,5
SL050,34070909023,1684,1651,878,773,33,17,16
SL050,34070909024,182,168,100,68,14,7,7
SL050,34070909025,126,122,62,60,4,3,1
SL050,34070909026,408,402,249,153,6,3,3
SL050,34070909027,49,49,29,20,0,0,0
SL050,34070909029,172,166,94,72,6,4,2
SL050,34070909030,129,124,71,53,5,4,1
SL050,34070909032,112,111,60,51,1,0,1
SL050,34070909033,73,72,45,27,1,0,1
SL050,34070909034,311,291,163,128,20,10,10
SL050,34070909035,342,328,193,135,14,8,6
SL050,34070909036,34,34,19,15,0,0,0
SL050,34070909037,109,108,63,45,1,1,0
SL050,34070909038,143,116,62,54,27,14,13
SL050,34070909039,67,56,37,19,11,4,7
SL050,34070909041,33,33,19,14,0,0,0
SL050,34070909043,194,188,111,77,6,4,2
SL050,34070909044,53,51,27,24,2,1,1
SL050,34070909045,285,279,154,125,6,5,1
SL050,34070909046,25,25,16,9,0,0,0
SL050,34070909047,67,63,33,30,4,1,3
SL050,34070909048,1816,1566,801,765,250,125,125
SL050,34070909050,55,55,31,24,0,0,0
SL050,34070909051,184,177,96,81,7,4,3
SL050,34070909052,29,29,21,8,0,0,0
SL050,34070909054,98,98,61,37,0,0,0
SL050,34070909055,55,54,30,24,1,1,0
SL050,34070909056,6675,5837,2893,2944,838,430,408
SL050,34070909057,173,172,113,59,1,1,0
SL050,34070909058,543,523,287,236,20,12,8
SL050,34070909059,175921,164183,77908,86275,11738,5820,5918
SL050,34070909060,149,144,76,68,5,3,2
SL050,34070909061,169,157,86,71,12,8,4
SL050,34070909062,53,53,26,27,0,0,0
SL050,34070909063,233,228,137,91,5,1,4
SL050,34070909064,433,335,182,153,98,45,53
SL050,34070909065,162,151,90,61,11,8,3
SL050,34070909066,61,61,45,16,0,0,0
SL050,34070909067,470,462,243,219,8,3,5
SL050,34070909068,27,27,15,12,0,0,0
SL050,34070909070,33,33,24,9,0,0,0
SL050,34070909071,44,43,25,18,1,0,1
SL050,34070909072,411,393,214,179,18,9,9
SL050,34070909073,1313,1264,696,568,49,26,23
SL050,34070909074,1101,1074,556,518,27,13,14
SL050,34070909075,112,112,65,47,0,0,0
SL050,34070909076,25,25,19,6,0,0,0
SL050,34070909077,33,33,16,17,0,0,0
SL050,34070909078,37,37,21,16,0,0,0
SL050,34070909079,50,50,30,20,0,0,0
SL050,34070909082,36,35,21,14,1,0,1
SL050,34070909083,32,32,18,14,0,0,0
SL050,34070909084,185,183,118,65,2,1,1
SL050,34070909085,632,575,311,264,57,34,23
SL050,34070909086,792,773,443,330,19,10,9
SL050,34070909088,62,62,38,24,0,0,0
SL050,34070909090,52,52,28,24,0,0,0
SL050,34070909091,803,758,395,363,45,22,23
SL050,34070909093,177,176,94,82,1,0,1
SL050,34070909094,54,54,33,21,0,0,0
SL050,34070909095,115,115,57,58,0,0,0
SL050,34070909098,575,531,296,235,44,17,27
SL050,34070909100,57,56,36,20,1,1,0
SL050,34070909101,78,75,45,30,3,1,2
SL050,34070909102,33,33,22,11,0,0,0
SL050,34070909103,224,212,119,93,12,5,7
SL050,34070909104,44,44,23,21,0,0,0
SL050,34070909105,101,101,58,43,0,0,0
SL050,34070909108,545,510,287,223,35,12,23
SL050,34070909109,1352,1317,748,569,35,20,15
SL050,34070909110,80,79,50,29,1,0,1
SL050,34070909112,112,111,68,43,1,1,0
SL050,34070909113,545,513,275,238,32,14,18
SL050,34070909114,95,89,51,38,6,2,4
SL050,34070909115,98,96,54,42,2,1,1
SL050,34070909117,85,70,38,32,15,5,10
SL050,34070909119,45,44,16,28,1,0,1
SL050,34070909120,42,41,24,17,1,0,1
SL050,34070909122,95,88,55,33,7,5,2
SL050,34070909123,44,42,25,17,2,2,0
SL050,34070909124,1696,1668,879,789,28,12,16
SL050,34070909125,608,598,359,239,10,4,6
SL050,34070909127,52,51,30,21,1,1,0
SL050,34070909128,84,84,49,35,0,0,0
SL050,34070909129,101,100,65,35,1,1,0
SL050,34070909130,76,73,46,27,3,1,2
SL050,34070909131,653,600,319,281,53,23,30
SL050,34070909132,181,173,108,65,8,4,4
SL050,34070909133,45,45,25,20,0,0,0
SL050,34070909134,254,240,130,110,14,3,11
SL050,34070909135,41,36,19,17,5,3,2
SL050,34070909136,227,200,114,86,27,10,17
SL050,34070909137,235,202,105,97,33,13,20
SL050,34070909138,83,81,44,37,2,1,1
SL050,34070909139,107,106,69,37,1,0,1
SL050,34070909140,126,119,75,44,7,2,5
SL050,34070909141,775,754,391,363,21,9,12
SL050,34070909143,29,28,18,10,1,0,1
SL050,34070909144,45,45,29,16,0,0,0
SL050,34070909148,100,90,48,42,10,3,7
SL050,34070909149,37,35,26,9,2,2,0
SL050,34070909151,548,531,302,229,17,8,9
SL050,34070909152,310,237,134,103,73,37,36
SL050,34070909154,155,151,87,64,4,2,2
SL050,34070909155,26,26,16,10,0,0,0
SL050,34070909159,69,58,35,23,11,8,3
SL050,34070909160,91,91,59,32,0,0,0
SL050,34070909162,156,146,76,70,10,6,4
SL050,34070909163,669,614,339,275,55,32,23
SL050,34070909164,180,157,101,56,23,8,15
SL050,34070909166,105,105,61,44,0,0,0
SL050,34070909167,58,57,35,22,1,1,0
SL050,34070909168,337,304,167,137,33,15,18
SL050,34070909169,103,102,69,33,1,0,1
SL050,34070909170,223,218,117,101,5,3,2
SL050,34070909172,136,136,70,66,0,0,0
SL050,34070909173,133,132,74,58,1,1,0
SL050,34070909174,932,878,476,402,54,31,23
SL050,34070909175,121,121,82,39,0,0,0
SL050,34070909176,62,62,42,20,0,0,0
SL050,34070909177,1405,1363,746,617,42,18,24
SL050,34070909178,45,45,29,16,0,0,0
SL050,34070909179,41,41,22,19,0,0,0
SL050,34070909180,137,132,74,58,5,2,3
SL050,34070909181,307,306,159,147,1,1,0
SL050,34070909182,78,77,45,32,1,0,1
SL050,34070909183,49,48,30,18,1,1,0
SL050,34070909184,8,8,6,2,0,0,0
SL050,34070909189,131,130,72,58,1,0,1
SL050,34070909190,86,85,47,38,1,1,0
SL050,34070909191,33,33,20,13,0,0,0
SL050,34070909192,55,55,31,24,0,0,0
SL050,34070909194,2560,2352,1175,1177,208,106,102
SL050,34070909195,60,58,38,20,2,1,1
SL050,34070909196,147,146,89,57,1,0,1
SL050,34070909197,168,150,97,53,18,12,6
SL050,34070909198,112,110,64,46,2,1,1
SL050,34070909199,100,95,53,42,5,3,2
SL050,34070909200,52,52,31,21,0,0,0
SL050,34070909201,29,29,21,8,0,0,0
SL050,34070909202,22,22,14,8,0,0,0
SL050,34070909206,56,56,32,24,0,0,0
SL050,34070909208,211,202,107,95,9,4,5
SL050,34070909209,5816,5261,2669,2592,555,289,266
SL050,34070909211,1611,1507,820,687,104,46,58
SL050,34070909213,313,303,168,135,10,4,6
SL050,34070909214,733,705,422,283,28,16,12
SL050,34070909215,402,386,219,167,16,8,8
SL050,34070909216,429,415,214,201,14,8,6
SL050,34070909217,386,374,214,160,12,8,4
SL050,34070909218,451,422,232,190,29,12,17
SL050,34070909219,35477,32215,15699,16516,3262,1734,1528
SL050,34070909220,71,71,47,24,0,0,0
SL050,34070909221,669,625,348,277,44,21,23
SL050,34070909223,44,44,29,15,0,0,0
SL050,34070909224,164,161,86,75,3,3,0
SL050,34070909225,87,87,52,35,0,0,0
SL050,34070909226,59,59,36,23,0,0,0
SL050,34070909227,148,123,67,56,25,11,14
SL050,34070909228,172,168,90,78,4,2,2
SL050,34070909229,224,202,109,93,22,12,10
SL050,34070909230,35,35,18,17,0,0,0
SL050,34070909231,65,65,47,18,0,0,0
SL050,34070909232,158,149,88,61,9,5,4
SL050,34070909235,189,159,89,70,30,21,9
SL050,34070909236,37,37,22,15,0,0,0
SL050,34070909238,1024,999,527,472,25,11,14
SL050,34070909239,55,51,28,23,4,3,1
SL050,34070909241,328,300,162,138,28,15,13
SL050,34070909242,78,74,42,32,4,2,2
SL050,34070909243,77,77,47,30,0,0,0
SL050,34070909244,50,46,24,22,4,1,3
SL050,34070909246,721,672,348,324,49,23,26
SL050,34070909247,24,24,12,12,0,0,0
SL050,34070909248,82,82,48,34,0,0,0
SL050,34070909249,52,52,29,23,0,0,0
SL050,34070909250,282,272,146,126,10,6,4
SL050,34070909251,436,417,231,186,19,8,11
SL050,34070909253,117,115,67,48,2,2,0
SL050,34070909255,90,89,52,37,1,0,1
SL050,34070909256,438,366,196,170,72,57,15
SL050,34070909257,94,91,55,36,3,2,1
SL050,34070909258,174,173,92,81,1,1,0
SL050,34070909259,251,245,147,98,6,2,4
SL050,34070909261,527,501,253,248,26,8,18
SL050,34070909262,167,164,91,73,3,0,3
SL050,34070909265,38,36,21,15,2,1,1
SL050,34070909266,103,100,64,36,3,2,1
SL050,34070909267,111,111,66,45,0,0,0
SL050,34070909268,111,98,55,43,13,7,6
SL050,34070909269,36,33,20,13,3,1,2
SL050,34070909270,167,161,93,68,6,3,3
SL050,34070909272,294,279,151,128,15,4,11
SL050,34070909273,53,53,33,20,0,0,0
SL050,34070909274,1169,1142,573,569,27,13,14
SL050,34070909275,179,176,107,69,3,3,0
SL050,34070909276,495,459,253,206,36,16,20
SL050,34070909277,115,115,78,37,0,0,0
SL050,34070909279,238,186,109,77,52,33,19
SL050,34070909280,24,24,14,10,0,0,0
SL050,34070909281,154,149,77,72,5,3,2
SL050,34070909283,46,45,24,21,1,0,1
SL050,34070909287,267,253,149,104,14,5,9
SL050,34070909288,111,97,57,40,14,6,8
SL050,34070909289,1690,1540,821,719,150,71,79
SL050,34070909292,79,79,48,31,0,0,0
SL050,34070909294,114,113,69,44,1,0,1
SL050,34070909295,57,57,28,29,0,0,0
SL050,34070909297,376,357,208,149,19,9,10
SL050,34070909298,87,82,47,35,5,2,3
SL050,34070909301,803,773,410,363,30,16,14
SL050,34070909302,108,106,65,41,2,1,1
SL050,34070909303,83,81,50,31,2,1,1
SL050,34070909304,208,207,111,96,1,0,1
SL050,34070909306,112,106,57,49,6,4,2
SL050,34070909307,115,113,71,42,2,1,1
SL050,34070909308,68,67,39,28,1,0,1
SL050,34070909309,349,323,169,154,26,16,10
SL050,34070909310,11,11,8,3,0,0,0
SL050,34070909311,59,59,37,22,0,0,0
SL050,34070909312,107,104,59,45,3,1,2
SL050,34070909314,94,94,60,34,0,0,0
SL050,34070909315,523,489,251,238,34,18,16
SL050,34070909316,115,110,70,40,5,3,2
SL050,34070909317,19,19,7,12,0,0,0
SL050,34070909318,60,60,38,22,0,0,0
SL050,34070909321,2185,1883,949,934,302,155,147
SL050,34070909323,65,62,42,20,3,1,2
SL050,34070909325,193,185,112,73,8,5,3
SL050,34070909326,183,176,102,74,7,4,3
SL050,34070909327,36,36,18,18,0,0,0
SL050,34070909328,65,64,31,33,1,0,1
SL050,34070909329,131,129,75,54,2,1,1
SL050,34070909330,1955,1710,876,834,245,131,114
SL050,34070909332,169,158,87,71,11,5,6
SL050,34070909334,51,49,40,9,2,1,1
SL050,34070909335,88,87,55,32,1,0,1
SL050,34070909337,142,128,74,54,14,5,9
SL050,34070909338,298,289,163,126,9,5,4
SL050,34070909339,141,129,73,56,12,9,3
SL050,34070909340,79,78,55,23,1,1,0
SL050,34070909343,101,98,60,38,3,1,2
SL050,34070909345,140,129,79,50,11,8,3
SL050,34070909346,99,98,65,33,1,0,1
SL050,34070909347,145,142,72,70,3,2,1
SL050,34070909348,141,140,74,66,1,0,1
SL050,34070909350,537,480,261,219,57,30,27
SL050,34070909351,62,62,45,17,0,0,0
SL050,34070909352,104,103,65,38,1,1,0
SL050,34070909353,91,81,49,32,10,5,5
SL050,34070909354,35,35,26,9,0,0,0
SL050,34070909355,85,85,46,39,0,0,0
SL050,34070909356,45,43,27,16,2,1,1
SL050,34070909358,279,267,168,99,12,4,8
SL050,34070909360,25,25,20,5,0,0,0
SL050,34070909361,114,112,62,50,2,2,0
SL050,34070909362,245,239,132,107,6,3,3
SL050,34070909363,995,987,559,428,8,3,5
SL050,34070909365,31,29,21,8,2,1,1
SL050,34070909366,77,75,44,31,2,1,1
SL050,34070909368,23,22,15,7,1,1,0
SL050,34070909369,490,471,244,227,19,11,8
SL050,34070909372,268,262,141,121,6,2,4
SL050,34070909373,448,433,251,182,15,7,8
SL050,34070909374,103,102,66,36,1,0,1
SL050,34070909375,38,38,21,17,0,0,0
SL050,34070909377,782,770,415,355,12,7,5
SL050,34070909378,29,28,16,12,1,1,0
SL050,34070909380,80,74,35,39,6,3,3
SL050,34070909381,34,31,18,13,3,2,1
SL050,34070909382,24,24,17,7,0,0,0
SL050,34070909384,346,313,172,141,33,17,16
SL050,34070909386,65,65,37,28,0,0,0
SL050,34070909387,126,122,79,43,4,2,2
SL050,34070909388,30,30,16,14,0,0,0
SL050,34070909389,68,61,35,26,7,4,3
SL050,34070909390,657,624,342,282,33,14,19
SL050,34070909391,458,392,212,180,66,30,36
SL050,34070909392,57,56,31,25,1,1,0
SL050,34070909394,809,764,396,368,45,18,27
SL050,34070909395,134,134,81,53,0,0,0
SL050,34070909396,160,154,83,71,6,2,4
SL050,34070909398,79,79,52,27,0,0,0
SL050,34070909400,369,359,195,164,10,6,4
SL050,34070909403,104,103,62,41,1,0,1
SL050,34070909405,136,136,75,61,0,0,0
SL050,34070909406,333,314,179,135,19,10,9
SL050,34070909407,29,29,17,12,0,0,0
SL050,34070909408,42,42,26,16,0,0,0
SL050,34070909409,126,118,62,56,8,5,3
SL050,34070909410,3739,3517,1802,1715,222,109,113
SL050,34070909411,157,151,93,58,6,3,3
SL050,34070909412,948,854,467,387,94,48,46
SL050,34070909413,477,453,237,216,24,10,14
SL050,34070909414,195,189,109,80,6,5,1
SL050,34070909415,321,300,166,134,21,10,11
SL050,34070909416,50,50,28,22,0,0,0
SL050,34070909417,42,42,24,18,0,0,0
SL050,34070909418,83,83,42,41,0,0,0
SL050,34070909419,76,72,47,25,4,1,3
SL050,34070909421,239,237,138,99,2,1,1
SL050,34070909422,17,17,9,8,0,0,0
SL050,34070909423,29,29,19,10,0,0,0
SL050,34070909424,42,38,23,15,4,2,2
SL050,34070909425,549,529,291,238,20,10,10
SL050,34070909427,1527,1479,824,655,48,19,29
SL050,34070909428,105,104,61,43,1,0,1
SL050,34070909429,59,55,42,13,4,2,2
SL050,34070909430,24,23,14,9,1,1,0
SL050,34070909431,119,118,73,45,1,0,1
SL050,34070909432,191,189,109,80,2,1,1
SL050,34070909433,61,60,39,21,1,0,1
SL050,34070909434,1785,1694,882,812,91,56,35
SL050,34070909437,309,289,156,133,20,11,9
SL050,34070909438,673,630,332,298,43,22,21
SL050,34070909439,1406,1331,720,611,75,43,32
SL050,34070909440,88,85,52,33,3,2,1
SL050,34070909441,71,71,42,29,0,0,0
SL050,34070909442,438,415,225,190,23,11,12
SL050,34070909443,175,167,84,83,8,1,7
SL050,34070909444,68,68,35,33,0,0,0
SL050,34070909445,45,45,32,13,0,0,0
SL050,34070909446,12,12,7,5,0,0,0
SL050,34070909447,46,46,28,18,0,0,0
SL050,34070909448,217,209,126,83,8,7,1
SL050,34070909449,108,103,61,42,5,2,3
SL050,34070909450,30,29,19,10,1,0,1
SL050,34070909451,278,248,128,120,30,16,14
SL050,34070909454,41,41,27,14,0,0,0
SL050,34070909455,45,45,28,17,0,0,0
SL050,34070909456,150,141,77,64,9,3,6
SL050,34070909458,644,627,348,279,17,10,7
SL050,34070909460,189,186,111,75,3,1,2
SL050,34070909463,276,263,163,100,13,7,6
SL050,34070909464,40,39,23,16,1,0,1
SL050,34070909466,112,111,65,46,1,0,1
SL050,34070909467,75,65,46,19,10,4,6
SL050,34070909471,194,186,93,93,8,5,3
SL050,34070909472,58,57,35,22,1,1,0
SL050,34070909473,87,87,50,37,0,0,0
SL050,34070909476,74,74,47,27,0,0,0
SL050,34070909478,43,43,30,13,0,0,0
SL050,34070909480,112,111,57,54,1,1,0
SL050,34070909482,31,31,19,12,0,0,0
SL050,34070909483,226,224,116,108,2,1,1
SL050,34070909485,58,58,36,22,0,0,0
SL050,34070909901,383,362,190,172,21,10,11
SL050,34070909902,480,469,271,198,11,6,5
SL050,34070909903,4207,3714,1895,1819,493,257,236
SL050,34070909904,514,507,295,212,7,5,2
SL050,34070909905,427,409,238,171,18,6,12
SL050,34070909906,1443,1381,766,615,62,32,30
SL050,34070909907,2007,1916,1026,890,91,45,46
SL050,34070909908,498,475,275,200,23,15,8
SL050,34111010001,335,327,184,143,8,5,3
SL050,34111010002,403,396,203,193,7,4,3
SL050,34111010003,580,572,291,281,8,3,5
SL050,34111010004,801,798,398,400,3,1,2
SL050,34111010005,607,602,310,292,5,2,3
SL050,34111010006,1401,1393,720,673,8,3,5
SL050,34111010007,663,643,324,319,20,13,7
SL050,34111010008,1480,1455,726,729,25,12,13
SL050,34111010009,225,224,111,113,1,1,0
SL050,34111010010,2646,2578,1351,1227,68,33,35
SL050,34111010011,576,572,288,284,4,1,3
SL050,34111010012,620,611,287,324,9,1,8
SL050,34111010013,305,295,157,138,10,6,4
SL050,34111010014,2085,2061,1018,1043,24,8,16
SL050,34111010015,753,724,355,369,29,12,17
SL050,34111010016,370,369,194,175,1,0,1
SL050,34111010017,831,821,411,410,10,5,5
SL050,34111010018,1850,1843,945,898,7,3,4
SL050,34111010019,1765,1656,846,810,109,56,53
SL050,34111010020,1838,1817,894,923,21,7,14
SL050,34111010021,5851,5812,2892,2920,39,20,19
SL050,34111010022,444,442,221,221,2,1,1
SL050,34111010023,736,733,390,343,3,0,3
SL050,34111010024,776,764,362,402,12,3,9
SL050,34111010025,407,407,209,198,0,0,0
SL050,34111010026,729,718,372,346,11,6,5
SL050,34111010027,77,75,42,33,2,1,1
SL050,34111010028,91,79,45,34,12,5,7
SL050,34111010029,437,423,226,197,14,6,8
SL050,34111010030,500,488,256,232,12,4,8
SL050,34111010031,187,187,106,81,0,0,0
SL050,34111010032,1867,1855,920,935,12,6,6
SL050,34111010033,434,433,232,201,1,0,1
SL050,34111010034,349,346,175,171,3,1,2
SL050,34111010035,2151,2100,1077,1023,51,27,24
SL050,34111010036,345,334,182,152,11,7,4
SL050,34111010037,96068,93644,44939,48705,2424,1112,1312
SL050,34111010038,78,78,39,39,0,0,0
SL050,34111010039,428,424,215,209,4,2,2
SL050,34111010040,490,486,251,235,4,1,3
SL050,34111010041,1185,1163,611,552,22,10,12
SL050,34111010042,62,62,25,37,0,0,0
SL050,34111010043,856,840,409,431,16,12,4
SL050,34111010044,1634,1595,843,752,39,17,22
SL050,34111010045,1019,1012,497,515,7,3,4
SL050,34111010046,208,207,109,98,1,1,0
SL050,34111010047,1110,1087,539,548,23,13,10
SL050,34111010048,230,221,108,113,9,5,4
SL050,34111010049,4500,4445,2199,2246,55,18,37
SL050,34111010050,1124,1091,549,542,33,22,11
SL050,34111010051,386,385,194,191,1,0,1
SL050,34111010052,163,159,79,80,4,2,2
SL050,34111010053,301,301,164,137,0,0,0
SL050,34111010054,581,573,281,292,8,4,4
SL050,34111010055,815,811,419,392,4,1,3
SL050,34111010056,585,581,292,289,4,1,3
SL050,34111010057,140,140,85,55,0,0,0
SL050,34111010058,1381,1189,606,583,192,109,83
SL050,34111010059,375,375,182,193,0,0,0
SL050,34111010060,1053,1006,520,486,47,22,25
SL050,34111010061,1854,1845,946,899,9,4,5
SL050,34111010062,449,442,231,211,7,5,2
SL050,34111010063,170,169,83,86,1,1,0
SL050,34111010064,1650,1628,829,799,22,9,13
SL050,34111010065,190,186,104,82,4,1,3
SL050,34111010066,185,178,105,73,7,4,3
SL050,34111010067,12531,12227,6022,6205,304,142,162
SL050,34111010068,846,801,416,385,45,26,19
SL050,34111010069,864,855,430,425,9,5,4
SL050,34111010070,728,717,359,358,11,5,6
SL050,34111010071,120,120,71,49,0,0,0
SL050,34111010072,915,910,464,446,5,2,3
SL050,34111010073,849,846,444,402,3,1,2
SL050,34111010075,275,268,148,120,7,2,5
SL050,34111010076,953,919,460,459,34,18,16
SL050,34111010077,725,713,372,341,12,3,9
SL050,34111010078,392,389,214,175,3,0,3
SL050,34111010079,984,963,509,454,21,9,12
SL050,34111010080,403,398,205,193,5,3,2
SL050,34111010081,128,128,71,57,0,0,0
SL050,34111010082,2054,2046,1019,1027,8,1,7
SL050,34111010083,98,94,50,44,4,2,2
SL050,34111010084,1493,1459,755,704,34,19,15
SL050,34111010085,363,357,185,172,6,1,5
SL050,34111010086,335,334,174,160,1,1,0
SL050,34111010087,1887,1833,912,921,54,19,35
SL050,34111010088,204,202,107,95,2,0,2
SL050,34111010089,1529,1522,768,754,7,2,5
SL050,34111010090,536,528,278,250,8,3,5
SL050,34111010091,387,386,202,184,1,1,0
SL050,34111010092,299,291,153,138,8,2,6
SL050,34111010093,457,450,225,225,7,3,4
SL050,34111010094,255,250,129,121,5,2,3
SL050,34111010095,342,342,176,166,0,0,0
SL050,34111010096,4052,3947,1945,2002,105,47,58
SL050,34111010097,102,98,60,38,4,2,2
SL050,34111010098,396,393,205,188,3,1,2
SL050,34111010099,647,643,321,322,4,1,3
SL050,34111010100,906,888,434,454,18,10,8
SL050,34111010101,216,215,107,108,1,1,0
SL050,34111010102,564,562,274,288,2,2,0
SL050,34111010103,489,478,236,242,11,6,5
SL050,34111010104,6477,5880,2892,2988,597,340,257
SL050,34111010105,2868,2785,1384,1401,83,45,38
SL050,34111010106,141,139,73,66,2,0,2
SL050,34111010107,1266,1203,609,594,63,27,36
SL050,34111010108,201,201,106,95,0,0,0
SL050,34111010109,2007,1991,1000,991,16,8,8
SL050,34111010110,2749,2575,1321,1254,174,99,75
SL050,34111010111,1595,1451,765,686,144,71,73
SL050,34111010112,1759,1724,862,862,35,13,22
SL050,34111010113,2595,2564,1277,1287,31,13,18
SL050,34111010114,1328,1130,555,575,198,110,88
SL050,34111010115,4156,4094,2057,2037,62,32,30
SL050,34111010116,4602,4496,2221,2275,106,54,52
SL050,34111010117,217,203,104,99,14,8,6
SL050,34111010118,309,309,159,150,0,0,0
SL050,34111010119,634,630,312,318,4,2,2
SL050,34111010120,175,171,89,82,4,1,3
SL050,34111010121,9685,9517,4745,4772,168,73,95
SL050,34111010122,256,245,124,121,11,4,7
SL050,34111010123,653,638,319,319,15,8,7
SL050,34111010124,827,822,410,412,5,2,3
SL050,34111010125,969,961,494,467,8,3,5
SL050,34111010126,1732,1683,853,830,49,22,27
SL050,34111010127,5731,5650,2873,2777,81,45,36
SL050,34111010128,6792,6644,3316,3328,148,68,80
SL050,34111010129,378,378,176,202,0,0,0
SL050,34111010130,2003,1938,977,961,65,31,34
SL050,34111010131,17170,15713,7563,8150,1457,711,746
SL050,34111010132,416,403,200,203,13,7,6
SL050,34111010133,1336,1334,669,665,2,0,2
SL050,34111010134,646,639,329,310,7,1,6
SL050,34111010135,1311,1307,691,616,4,0,4
SL050,34111010136,310,306,177,129,4,1,3
SL050,34111010137,411,403,214,189,8,6,2
SL050,34111010138,641,613,298,315,28,11,17
SL050,34111010139,85,85,47,38,0,0,0
SL050,34111010140,1390,1309,659,650,81,49,32
SL050,34111010141,277,276,142,134,1,1,0
SL050,34111010142,941,922,473,449,19,10,9
SL050,34111010143,151,150,65,85,1,1,0
SL050,34111010144,1065,1047,543,504,18,11,7
SL050,34111010145,149,136,64,72,13,6,7
SL050,34111010146,1748,1701,901,800,47,27,20
SL050,34111010147,1530,1480,744,736,50,27,23
SL050,34111010148,40141,39249,18975,20274,892,446,446
SL050,34111010149,487,464,234,230,23,10,13
SL050,34111010150,362,360,187,173,2,0,2
SL050,34111010151,225,216,110,106,9,8,1
SL050,34111010152,471,466,235,231,5,2,3
SL050,34111010153,323,321,166,155,2,2,0
SL050,34111010154,213,200,102,98,13,5,8
SL050,34111010155,1248,1239,644,595,9,5,4
SL050,34111010156,91,91,49,42,0,0,0
SL050,34111010157,272,269,141,128,3,2,1
SL050,34111010158,369,365,184,181,4,2,2
SL050,34111010159,315,310,170,140,5,4,1
SL050,34111010160,259,255,126,129,4,1,3
SL050,34111010161,65,65,36,29,0,0,0
SL050,34111010162,581,574,298,276,7,4,3
SL050,34111010163,323,318,162,156,5,3,2
SL050,34111010164,788,780,384,396,8,4,4
SL050,34111010165,249,246,135,111,3,1,2
SL050,34111010166,324,320,158,162,4,3,1
SL050,34111010167,315,315,174,141,0,0,0
SL050,34111010168,271,267,136,131,4,2,2
SL050,34111010169,522,520,255,265,2,1,1
SL050,34111010170,259,255,130,125,4,2,2
SL050,34111010171,382,381,204,177,1,1,0
SL050,34111010172,763,763,392,371,0,0,0
SL050,34111010173,858,682,353,329,176,99,77
SL050,34111010174,187,185,91,94,2,0,2
SL050,34111010175,1568,1539,781,758,29,9,20
SL050,34111010176,420,400,211,189,20,9,11
SL050,34111010177,1996,1977,1007,970,19,8,11
SL050,34111010178,832,832,432,400,0,0,0
SL050,34111010179,306,293,156,137,13,7,6
SL050,34111010180,7345,5339,2729,2610,2006,1239,767
SL050,34111010181,806,786,423,363,20,7,13
SL050,34111010182,164,153,97,56,11,7,4
SL050,34111010183,1143,1092,581,511,51,27,24
SL050,34111010184,884,826,430,396,58,33,25
SL050,34111010185,622,592,312,280,30,18,12
SL050,34111010186,1071,1056,535,521,15,8,7
SL050,34111010187,461,456,244,212,5,2,3
SL050,34111010188,532,529,265,264,3,2,1
SL050,34111010189,2975,2957,1445,1512,18,6,12
SL050,34111010190,571,565,282,283,6,4,2
SL050,34111010191,610,595,317,278,15,7,8
SL050,34111010192,840,818,411,407,22,9,13
SL050,34111010193,1677,1652,804,848,25,12,13
SL050,34111010194,570,567,269,298,3,3,0
SL050,34111010195,9193,8923,4363,4560,270,114,156
SL050,34111010196,334,320,166,154,14,9,5
SL050,34111010197,99,97,55,42,2,0,2
SL050,34111010198,1230,1222,601,621,8,4,4
SL050,34111010199,178,171,94,77,7,2,5
SL050,34111010200,361,357,184,173,4,4,0
SL050,34111010201,197,195,96,99,2,1,1
SL050,34111010202,664,661,322,339,3,0,3
SL050,34111010203,5439,5148,2506,2642,291,156,135
SL050,34111010204,460,440,222,218,20,11,9
SL050,34111010205,2349,2287,1151,1136,62,32,30
SL050,34111010206,233,227,119,108,6,3,3
SL050,34111010207,502,498,236,262,4,3,1
SL050,34111010208,136,135,69,66,1,0,1
SL050,34111010209,260,258,134,124,2,1,1
SL050,34111010210,426,426,214,212,0,0,0
SL050,34111010211,433,432,217,215,1,0,1
SL050,34111010212,2046,1937,962,975,109,65,44
SL050,34111010213,618,585,304,281,33,13,20
SL050,34111010214,234,232,124,108,2,1,1
SL050,34111010215,341,339,169,170,2,1,1
SL050,34111010216,1823,1792,907,885,31,10,21
SL050,34111010217,550,546,272,274,4,3,1
SL050,34111010218,1258,1233,616,617,25,13,12
SL050,34111010219,1377,1348,685,663,29,12,17
SL050,34111010901,1362,1252,648,604,110,67,43
SL050,34111010902,868,861,443,418,7,3,4
SL050,34111010903,934,928,463,465,6,4,2
SL050,34111010904,921,874,460,414,47,25,22
SL050,34111010905,814,732,367,365,82,50,32
SL050,34011111001,5242,5187,2678,2509,55,23,32
SL050,34011111002,5123,5080,2554,2526,43,18,25
SL050,34011111003,1413,1404,728,676,9,2,7
SL050,34011111004,121414,112555,55266,57289,8859,4586,4273
SL050,34011111005,5590,5471,2785,2686,119,57,62
SL050,34011111006,30741,30255,15105,15150,486,241,245
SL050,34011111007,22551,21956,11014,10942,595,291,304
SL050,34011111008,23513,22707,11350,11357,806,395,411
SL050,34011111009,680,659,353,306,21,11,10
SL050,34011111010,7750,7668,3850,3818,82,32,50
SL050,34011111011,2167,2139,1087,1052,28,10,18
SL050,34011111012,116979,115007,54450,60557,1972,924,1048
SL050,34011111013,3013,2869,1440,1429,144,66,78
SL050,34011111014,22427,21289,10747,10542,1138,557,581
SL050,34011111015,83831,80700,40434,40266,3131,1534,1597
SL050,34011111016,19068,18608,9339,9269,460,225,235
SL050,34011111017,3903,3876,1950,1926,27,14,13
SL050,34011111018,1726,1682,872,810,44,20,24
SL050,34011111019,2053,2034,1011,1023,19,7,12
SL050,34011111020,212879,207683,101579,106104,5196,2505,2691
SL050,34011111021,9773,8186,4214,3972,1587,831,756
SL050,34011111022,62940,58836,28718,30118,4104,2177,1927
SL050,34011111023,11658,11486,5849,5637,172,85,87
SL050,34011111024,8124,7933,3908,4025,191,75,116
SL050,34011111025,5530,5494,2835,2659,36,21,15
SL050,34011111026,5636,5595,2797,2798,41,18,23
SL050,34011111027,88364,85463,41965,43498,2901,1361,1540
SL050,34011111028,41650,40602,20327,20275,1048,595,453
SL050,34011111029,6996,6930,3522,3408,66,15,51
SL050,34011111030,28848,27811,13869,13942,1037,534,503
SL050,34011111031,95174,94114,46093,48021,1060,509,551
SL050,34011111032,68037,67182,33447,33735,855,421,434
SL050,34011111033,30472,26943,13500,13443,3529,1709,1820
SL050,34011111034,2732,2713,1395,1318,19,6,13
SL050,34011111035,18169,16576,8328,8248,1593,823,770
SL050,34011111036,804,800,401,399,4,0,4
SL050,34011111037,7054,6919,3453,3466,135,69,66
SL050,34011111038,16615,16447,8133,8314,168,74,94
SL050,34011111039,12739,12239,6113,6126,500,236,264
SL050,34011111040,438,437,228,209,1,1,0
SL050,34011111041,12127,11989,6019,5970,138,59,79
SL050,34011111042,1400,1384,707,677,16,6,10
SL050,34011111901,6969,6878,3499,3379,91,47,44
SL050,34011111902,4402,4376,2248,2128,26,7,19
SL050,34101212001,1271,1154,599,555,117,44,73
SL050,34101212002,125,119,64,55,6,2,4
SL050,34101212003,1234,1069,535,534,165,80,85
SL050,34101212004,6679,4805,2430,2375,1874,1010,864
SL050,34101212005,10430,9731,4933,4798,699,329,370
SL050,34101212006,201,196,105,91,5,3,2
SL050,34101212007,862,841,427,414,21,11,10
SL050,34101212008,259,237,138,99,22,8,14
SL050,34101212009,25831,22147,11168,10979,3684,1816,1868
SL050,34101212010,256,253,140,113,3,1,2
SL050,34101212011,5900,5494,2760,2734,406,198,208
SL050,34101212012,3509,3157,1612,1545,352,179,173
SL050,34101212013,146,136,69,67,10,3,7
SL050,34101212014,190,187,106,81,3,1,2
SL050,34101212015,113,107,66,41,6,3,3
SL050,34101212016,1958,1860,947,913,98,45,53
SL050,34101212017,164,161,88,73,3,0,3
SL050,34101212018,324,316,170,146,8,2,6
SL050,34101212020,169,151,83,68,18,10,8
SL050,34101212021,5709,5271,2601,2670,438,214,224
SL050,34101212022,373,360,208,152,13,6,7
SL050,34101212024,156,154,81,73,2,1,1
SL050,34101212025,149,137,77,60,12,7,5
SL050,34101212026,1084,968,493,475,116,67,49
SL050,34101212027,26744,21108,10380,10728,5636,2946,2690
SL050,34101212028,18055,15616,7853,7763,2439,1162,1277
SL050,34101212029,1036,800,402,398,236,122,114
SL050,34101212031,5322,4894,2494,2400,428,202,226
SL050,34101212032,34544,29139,14321,14818,5405,2800,2605
SL050,34101212033,2889,2287,1151,1136,602,317,285
SL050,34101212034,1945,1654,844,810,291,151,140
SL050,34101212036,696,637,308,329,59,30,29
SL050,34101212037,19,19,10,9,0,0,0
SL050,34101212038,192,191,104,87,1,0,1
SL050,34101212039,946,915,460,455,31,19,12
SL050,34101212040,170888,144291,69796,74495,26597,12899,13698
SL050,34101212041,101,99,65,34,2,1,1
SL050,34101212042,742,670,332,338,72,38,34
SL050,34101212043,647,619,323,296,28,11,17
SL050,34101212044,599,505,245,260,94,47,47
SL050,34101212045,399,376,187,189,23,6,17
SL050,34101212046,206,189,104,85,17,9,8
SL050,34101212048,317,291,161,130,26,12,14
SL050,34101212049,511,488,258,230,23,14,9
SL050,34101212050,1822,1439,713,726,383,201,182
SL050,34101212051,504,485,254,231,19,7,12
SL050,34101212052,725,623,291,332,102,53,49
SL050,34101212053,2670,2440,1271,1169,230,106,124
SL050,34101212055,113,111,65,46,2,1,1
SL050,34101212056,297,291,151,140,6,4,2
SL050,34101212057,776,697,356,341,79,41,38
SL050,34101212058,72,70,41,29,2,0,2
SL050,34101212059,276,262,135,127,14,4,10
SL050,34101212060,525,505,256,249,20,10,10
SL050,34101212061,453,417,202,215,36,21,15
SL050,34101212063,49,45,25,20,4,2,2
SL050,34101212064,94,89,52,37,5,1,4
SL050,34101212065,193,190,102,88,3,1,2
SL050,34101212067,633,601,295,306,32,19,13
SL050,34101212068,49,48,26,22,1,1,0
SL050,34101212069,62,58,33,25,4,4,0
SL050,34101212070,666,567,287,280,99,47,52
SL050,34101212071,1553,1454,762,692,99,41,58
SL050,34101212072,1319,1245,628,617,74,36,38
SL050,34101212073,155,147,82,65,8,4,4
SL050,34101212074,940,900,450,450,40,17,23
SL050,34101212075,162,131,70,61,31,15,16
SL050,34101212076,84,81,43,38,3,0,3
SL050,34101212077,6278,5534,2900,2634,744,357,387
SL050,34101212078,359,354,169,185,5,3,2
SL050,34101212079,548,437,233,204,111,53,58
SL050,34101212080,2437,2179,1070,1109,258,127,131
SL050,34101212081,712,688,360,328,24,13,11
SL050,34101212082,13170,11734,5845,5889,1436,739,697
SL050,34101212083,117,100,56,44,17,9,8
SL050,34101212084,24850,21916,11027,10889,2934,1437,1497
SL050,34101212085,8830,5908,3089,2819,2922,1455,1467
SL050,34101212087,31,31,17,14,0,0,0
SL050,34101212088,62,62,39,23,0,0,0
SL050,34101212089,7447,5368,2701,2667,2079,1046,1033
SL050,34101212090,114,110,58,52,4,1,3
SL050,34101212091,197,190,95,95,7,2,5
SL050,34101212092,144,133,70,63,11,7,4
SL050,34101212093,197,183,102,81,14,8,6
SL050,34101212094,1208,1114,578,536,94,50,44
SL050,34101212095,1180,1129,575,554,51,30,21
SL050,34101212096,952,863,453,410,89,47,42
SL050,34101212097,59,59,39,20,0,0,0
SL050,34101212098,729,625,312,313,104,54,50
SL050,34101212099,935,663,355,308,272,131,141
SL050,34101212100,1974,1542,756,786,432,217,215
SL050,34101212101,462,414,208,206,48,22,26
SL050,34101212102,761,613,333,280,148,74,74
SL050,34101212103,101,98,48,50,3,1,2
SL050,34101212104,8878,8153,3988,4165,725,363,362
SL050,34101212105,1023,932,497,435,91,45,46
SL050,34101212106,1439,1364,670,694,75,32,43
SL050,34101212107,428,415,213,202,13,7,6
SL050,34101212108,520,501,260,241,19,10,9
SL050,34101212109,814,787,396,391,27,12,15
SL050,34101212110,249,244,128,116,5,3,2
SL050,34101212111,435,378,192,186,57,28,29
SL050,34101212112,138,111,65,46,27,16,11
SL050,34101212113,100,94,52,42,6,2,4
SL050,34101212114,229,215,113,102,14,7,7
SL050,34101212115,253,230,127,103,23,11,12
SL050,34101212116,54,54,26,28,0,0,0
SL050,34101212117,5461,4141,2072,2069,1320,682,638
SL050,34101212118,74,74,45,29,0,0,0
SL050,34101212119,157,150,81,69,7,6,1
SL050,34101212120,191,171,89,82,20,7,13
SL050,34101212121,1375,1220,614,606,155,78,77
SL050,34101212122,966,858,449,409,108,54,54
SL050,34101212123,49,46,21,25,3,2,1
SL050,34101212124,2817,2200,1140,1060,617,331,286
SL050,34101212125,281,253,128,125,28,12,16
SL050,34101212126,31552,29352,14503,14849,2200,1074,1126
SL050,34101212127,75,74,42,32,1,0,1
SL050,34101212128,1833,1661,897,764,172,85,87
SL050,34101212129,2227,2074,1036,1038,153,66,87
SL050,34101212130,462,431,240,191,31,12,19
SL050,34101212131,63,63,38,25,0,0,0
SL050,34101212132,575,522,268,254,53,30,23
SL050,34101212133,66,65,34,31,1,0,1
SL050,34101212134,172,165,85,80,7,5,2
SL050,34101212135,50577,44588,22157,22431,5989,2968,3021
SL050,34101212136,3226,3155,1581,1574,71,30,41
SL050,34101212137,42,42,23,19,0,0,0
SL050,34101212138,28438,23247,11413,11834,5191,2598,2593
SL050,34101212139,342,323,181,142,19,9,10
SL050,34101212140,1538,1333,689,644,205,107,98
SL050,34101212141,112,110,57,53,2,1,1
SL050,34101212142,172,156,90,66,16,7,9
SL050,34101212901,4460,4116,2053,2063,344,167,177
SL050,34101212902,3099,2745,1443,1302,354,175,179
SL050,34081313001,1395,1348,690,658,47,25,22
SL050,34081313002,1687,1641,831,810,46,15,31
SL050,34081313003,507,503,258,245,4,2,2
SL050,34081313004,1185,1124,584,540,61,31,30
SL050,34081313005,30686,28493,13891,14602,2193,1091,1102
SL050,34081313006,602,578,290,288,24,12,12
SL050,34081313007,1455,1433,730,703,22,9,13
SL050,34081313008,485,471,238,233,14,9,5
SL050,34081313009,1660,1580,800,780,80,44,36
SL050,34081313010,1000,987,502,485,13,4,9
SL050,34081313011,5461,5354,2561,2793,107,53,54
SL050,34081313012,417,413,218,195,4,0,4
SL050,34081313013,8922,8559,4205,4354,363,183,180
SL050,34081313014,526,510,268,242,16,9,7
SL050,34081313015,6139,6021,3019,3002,118,65,53
SL050,34081313016,799,771,377,394,28,17,11
SL050,34081313017,327,274,140,134,53,24,29
SL050,34081313018,1043,954,487,467,89,49,40
SL050,34081313019,6901,6097,3038,3059,804,428,376
SL050,34081313020,5921,5755,2912,2843,166,88,78
SL050,34081313021,449,442,239,203,7,3,4
SL050,34081313022,387,383,192,191,4,1,3
SL050,34081313023,11884,10918,5483,5435,966,550,416
SL050,34081313024,1000,989,515,474,11,5,6
SL050,34081313025,311,302,164,138,9,4,5
SL050,34081313026,487,471,248,223,16,7,9
SL050,34081313027,3802,3683,1825,1858,119,67,52
SL050,34081313028,13597,12368,6148,6220,1229,632,597
SL050,34081313029,92,87,53,34,5,3,2
SL050,34081313030,139,130,76,54,9,7,2
SL050,34081313031,3080,2990,1506,1484,90,38,52
SL050,34081313032,1225,1222,625,597,3,2,1
SL050,34081313033,1918,1820,911,909,98,54,44
SL050,34081313034,74743,71417,33899,37518,3326,1522,1804
SL050,34081313035,1129,1092,537,555,37,17,20
SL050,34081313036,882,866,461,405,16,7,9
SL050,34081313037,973,902,441,461,71,42,29
SL050,34081313038,1831,1811,878,933,20,10,10
SL050,34081313039,18051,17079,8486,8593,972,518,454
SL050,34081313040,1022,1007,500,507,15,4,11
SL050,34081313041,261,252,138,114,9,4,5
SL050,34081313042,1031,1021,543,478,10,3,7
SL050,34081313043,217,214,110,104,3,2,1
SL050,34081313044,3253,3044,1562,1482,209,115,94
SL050,34081313045,731,704,341,363,27,18,9
SL050,34081313046,731,723,359,364,8,3,5
SL050,34081313047,8425,7111,3589,3522,1314,714,600
SL050,34081313048,532,530,269,261,2,2,0
SL050,34081313049,903,866,442,424,37,15,22
SL050,34081313050,569,522,259,263,47,23,24
SL050,34081313051,374,368,199,169,6,3,3
SL050,34081313052,8129,7487,3706,3781,642,315,327
SL050,34081313053,18043,17098,8452,8646,945,478,467
SL050,34081313054,6016,5856,2938,2918,160,90,70
SL050,34081313055,688,679,341,338,9,5,4
SL050,34081313056,15316,14839,7481,7358,477,224,253
SL050,34081313057,1330,1268,668,600,62,33,29
SL050,34081313058,5279,4917,2471,2446,362,201,161
SL050,34081313059,219,208,110,98,11,3,8
SL050,34081313060,223,221,121,100,2,2,0
SL050,34081313061,7385,6701,3361,3340,684,346,338
SL050,34081313062,654,650,337,313,4,3,1
SL050,34081313063,4459,4324,2208,2116,135,63,72
SL050,34081313064,2571,2453,1264,1189,118,56,62
SL050,34081313065,3571,3291,1684,1607,280,141,139
SL050,34081313066,3443,3216,1628,1588,227,132,95
SL050,34081313067,370,342,182,160,28,16,12
SL050,34081313068,1200,1188,653,535,12,5,7
SL050,34081313069,701,689,350,339,12,7,5
SL050,34081313070,937,904,450,454,33,13,20
SL050,34081313071,47881,46476,22513,23963,1405,652,753
SL050,34081313072,978,853,467,386,125,72,53
SL050,34081313073,577,570,303,267,7,4,3
SL050,34081313074,1128,1121,577,544,7,4,3
SL050,34081313075,213,212,114,98,1,0,1
SL050,34081313076,523,515,253,262,8,1,7
SL050,34081313077,4154,3991,1979,2012,163,81,82
SL050,34081313078,12268,10929,5465,5464,1339,719,620
SL050,34081313079,15523,14946,7523,7423,577,309,268
SL050,34081313080,333,330,176,154,3,0,3
SL050,34081313081,697,680,349,331,17,11,6
SL050,34081313082,36091,31935,15768,16167,4156,2099,2057
SL050,34081313083,2959,2835,1416,1419,124,63,61
SL050,34081313084,1018,998,483,515,20,12,8
SL050,34081313085,2752,2678,1354,1324,74,41,33
SL050,34081313086,169,169,88,81,0,0,0
SL050,34081313087,30210,28503,13925,14578,1707,837,870
SL050,34081313088,692,676,315,361,16,9,7
SL050,34081313089,1854,1823,879,944,31,16,15
SL050,34081313090,1180,1164,562,602,16,10,6
SL050,34081313091,602,582,291,291,20,12,8
SL050,34081313092,2123,2048,1046,1002,75,37,38
SL050,34081313093,5030,4577,2244,2333,453,233,220
SL050,34081313094,295,290,158,132,5,1,4
SL050,34081313095,86,83,44,39,3,2,1
SL050,34081313096,9902,9076,4493,4583,826,422,404
SL050,34081313097,2845,2622,1310,1312,223,116,107
SL050,34081313098,2363,2290,1111,1179,73,33,40
SL050,34081313901,1111,1016,537,479,95,51,44
SL050,34081313902,548,522,267,255,26,9,17
SL050,34081313903,595,575,299,276,20,9,11
SL050,34081313904,719,610,295,315,109,59,50
SL050,34011414001,4185,4090,2109,1981,95,46,49
SL050,34011414002,13438,13202,6617,6585,236,121,115
SL050,34011414003,1473,1451,706,745,22,7,15
SL050,34011414004,2409,2294,1139,1155,115,65,50
SL050,34011414005,7964,7857,3942,3915,107,45,62
SL050,34011414006,1524,1507,746,761,17,8,9
SL050,34011414007,19338,18458,9213,9245,880,655,225
SL050,34011414008,3273,3234,1555,1679,39,16,23
SL050,34011414009,2964,2937,1420,1517,27,15,12
SL050,34011414010,4975,4898,2456,2442,77,36,41
SL050,34011414011,681,668,342,326,13,9,4
SL050,34011414012,7537,7396,3678,3718,141,74,67
SL050,34011414013,20417,19851,9715,10136,566,246,320
SL050,34011414014,2969,2906,1495,1411,63,31,32
SL050,34011414015,2454,2409,1223,1186,45,28,17
SL050,34011414016,1503,1483,734,749,20,10,10
SL050,34011414017,14067,13677,6851,6826,390,175,215
SL050,34011414018,4457,4404,2180,2224,53,24,29
SL050,34011414019,7834,7616,3776,3840,218,113,105
SL050,34011414020,401,389,190,199,12,6,6
SL050,34011414021,325708,317584,152822,164762,8124,3595,4529
SL050,34011414022,4684,4649,2266,2383,35,16,19
SL050,34011414023,2416,2396,1193,1203,20,6,14
SL050,34011414024,2285,2244,1108,1136,41,22,19
SL050,34011414025,3333,3278,1650,1628,55,23,32
SL050,34011414026,2438,2386,1202,1184,52,25,27
SL050,34011414027,9668,9554,4808,4746,114,48,66
SL050,34011414028,350,348,182,166,2,1,1
SL050,34011414029,4651,4607,2382,2225,44,16,28
SL050,34011414030,10817,10527,5278,5249,290,147,143
SL050,34011414031,680,669,322,347,11,5,6
SL050,34011414032,456,447,228,219,9,5,4
SL050,34011414033,1578,1568,785,783,10,3,7
SL050,34011414034,353,352,181,171,1,1,0
SL050,34011414035,6868,6806,3338,3468,62,27,35
SL050,34011414036,4541,4450,2220,2230,91,46,45
SL050,34011414037,4343,3718,1843,1875,625,332,293
SL050,34011414038,42530,40879,20345,20534,1651,867,784
SL050,34011414039,3037,2976,1500,1476,61,32,29
SL050,34011414040,4429,4402,2190,2212,27,12,15
SL050,34011414041,3874,3751,1889,1862,123,58,65
SL050,34011414042,23031,22491,11172,11319,540,251,289
SL050,34011414043,9436,9155,4506,4649,281,135,146
SL050,34011414044,1964,1944,968,976,20,8,12
SL050,34011414045,3726,3682,1848,1834,44,22,22
SL050,34011414046,5393,5353,2723,2630,40,10,30
SL050,34011414047,1990,1954,1020,934,36,23,13
SL050,34011414048,1481,1439,725,714,42,18,24
SL050,34011414049,21159,19974,9912,10062,1185,628,557
SL050,34011414050,2834,2802,1421,1381,32,13,19
SL050,34011414051,1529,1521,736,785,8,2,6
SL050,34011414052,10870,10728,5183,5545,142,62,80
SL050,34011414053,7343,7227,3594,3633,116,54,62
SL050,34011414054,17222,16600,8083,8517,622,299,323
SL050,34011414055,22585,22181,10817,11364,404,191,213
SL050,34011414056,30241,28894,14300,14594,1347,758,589
SL050,34011414057,7508,7347,3667,3680,161,64,97
SL050,34011414058,9857,9468,4672,4796,389,234,155
SL050,34011414059,814,806,402,404,8,2,6
SL050,34011414060,6014,5905,2991,2914,109,48,61
SL050,34011414061,768,762,382,380,6,2,4
SL050,34011414062,1063,1057,515,542,6,2,4
SL050,34011414063,1157,1138,565,573,19,13,6
SL050,34011414064,368,362,176,186,6,2,4
SL050,34011414065,2284,2255,1128,1127,29,10,19
SL050,34011414066,7200,7121,3572,3549,79,31,48
SL050,34011414067,4861,4828,2469,2359,33,12,21
SL050,34011414068,643,591,288,303,52,26,26
SL050,34011414069,8774,8628,4265,4363,146,75,71
SL050,34011414070,1494,1472,741,731,22,12,10
SL050,34011414071,1068,1052,514,538,16,6,10
SL050,34011414072,1154,1137,568,569,17,9,8
SL050,34011414073,3298,3267,1689,1578,31,11,20
SL050,34011414074,2568,2552,1275,1277,16,3,13
SL050,34011414075,641,628,319,309,13,7,6
SL050,34121515001,5454,5400,2666,2734,54,18,36
SL050,34121515002,31278,29836,14392,15444,1442,623,819
SL050,34121515003,1894,1874,976,898,20,8,12
SL050,34121515004,5671,5553,2738,2815,118,60,58
SL050,34121515005,31917,30425,15114,15311,1492,739,753
SL050,34121515006,6053,5844,2894,2950,209,116,93
SL050,34121515007,3505,3484,1650,1834,21,9,12
SL050,34121515008,6602,6476,3158,3318,126,64,62
SL050,34121515009,12916,12396,5891,6505,520,240,280
SL050,34121515010,2022,1982,1009,973,40,17,23
SL050,34121515011,18844,18438,9017,9421,406,174,232
SL050,34121515012,4215,4153,2041,2112,62,28,34
SL050,34121515013,7748,7594,3656,3938,154,71,83
SL050,34121515014,4337,4313,2082,2231,24,9,15
SL050,34121515015,3318,3259,1594,1665,59,34,25
SL050,34121515016,5322,5220,2554,2666,102,51,51
SL050,34121515017,24603,23771,11647,12124,832,380,452
SL050,34121515018,1238,1225,612,613,13,5,8
SL050,34121515019,31261,30691,15029,15662,570,270,300
SL050,34121515020,4031,3997,1904,2093,34,11,23
SL050,34121515021,6294,6124,3010,3114,170,86,84
SL050,34121515022,6794,6450,3184,3266,344,189,155
SL050,34121515023,7576,7422,3566,3856,154,61,93
SL050,34121515024,5023,4916,2411,2505,107,67,40
SL050,34121515025,1126,1092,530,562,34,21,13
SL050,34121515027,1824,1794,884,910,30,12,18
SL050,34121515028,1578,1563,760,803,15,4,11
SL050,34121515029,6177,6135,2938,3197,42,17,25
SL050,34121515030,244850,233226,107961,125265,11624,5652,5972
SL050,34121515031,30221,29074,14091,14983,1147,495,652
SL050,34121515032,3958,3867,1941,1926,91,38,53
SL050,34121515033,2791,2787,1355,1432,4,2,2
SL050,34121515034,3040,3018,1456,1562,22,11,11
SL050,34121515035,13013,12860,6143,6717,153,71,82
SL050,34121515036,66799,65208,30578,34630,1591,741,850
SL050,34121515037,4701,4587,2313,2274,114,62,52
SL050,34121515038,2385,2378,1182,1196,7,0,7
SL050,34121515039,1333,1322,660,662,11,4,7
SL050,34121515040,3084,3038,1512,1526,46,31,15
SL050,34121515041,11302,11111,5469,5642,191,95,96
SL050,34121515042,3386,3370,1650,1720,16,8,8
SL050,34121515043,5447,5392,2615,2777,55,31,24
SL050,34121515044,1363,1327,647,680,36,23,13
SL050,34121515045,3947,3933,1880,2053,14,7,7
SL050,34121515046,7443,7206,3544,3662,237,115,122
SL050,34121515047,2582,2570,1268,1302,12,3,9
SL050,34121515048,6056,5866,2935,2931,190,89,101
SL050,34121515049,1226,1205,567,638,21,9,12
SL050,34121515050,1962,1932,995,937,30,19,11
SL050,34121515051,5307,5249,2557,2692,58,25,33
SL050,34121515052,4736,4652,2241,2411,84,56,28
SL050,34121515053,8695,8619,4175,4444,76,30,46
SL050,34121515054,39115,38319,18549,19770,796,342,454
SL050,34121515055,5112,5070,2457,2613,42,21,21
SL050,34121515056,6877,6651,3216,3435,226,109,117
SL050,34121515057,14271,13972,6692,7280,299,147,152
SL050,34121515058,35559,34331,16674,17657,1228,519,709
SL050,34121515059,12632,12179,5953,6226,453,204,249
SL050,34121515060,7452,7150,3535,3615,302,165,137
SL050,34121515061,5804,5637,2681,2956,167,92,75
SL050,34121515062,6412,6368,3067,3301,44,14,30
SL050,34121515064,2419,2393,1169,1224,26,10,16
SL050,34121515065,8386,8275,3964,4311,111,61,50
SL050,34121515066,4656,4595,2307,2288,61,26,35
SL050,34121515067,9390,9273,4520,4753,117,48,69
SL050,34121515068,5565,5480,2741,2739,85,53,32
SL050,34121515069,7884,7681,3675,4006,203,100,103
SL050,34121515070,10237,10037,4904,5133,200,95,105
SL050,34121515071,9243,9092,4522,4570,151,74,77
SL050,34121515072,11104,11000,5377,5623,104,44,60
SL050,34121515073,27067,26067,12841,13226,1000,514,486
SL050,34121515074,4564,4540,2167,2373,24,10,14
SL050,34121515075,15495,14762,7248,7514,733,326,407
SL050,34121515076,2828,2807,1391,1416,21,10,11
SL050,34121515077,9450,9275,4515,4760,175,61,114
SL050,34121515078,96405,92387,42991,49396,4018,1789,2229
SL050,34121515079,1610,1599,820,779,11,5,6
SL050,34121515080,1799,1789,921,868,10,6,4
SL050,34121515081,1103,1089,546,543,14,7,7
SL050,34121515082,18525,18262,9002,9260,263,113,150
SL050,34121515083,1151,1140,593,547,11,6,5
SL050,34121515084,3361,3344,1575,1769,17,6,11
SL050,34121515085,3620,3594,1794,1800,26,12,14
SL050,34121515086,3148,3125,1541,1584,23,10,13
SL050,34121515087,6613,6541,3166,3375,72,43,29
SL050,34121515088,3925,3884,1869,2015,41,15,26
SL050,34121515089,5046,4997,2459,2538,49,26,23
SL050,34121515090,1225,1215,641,574,10,4,6
SL050,34121515091,1231,1223,624,599,8,5,3
SL050,34121515092,7138,7052,3382,3670,86,39,47
SL050,34121515093,4581,4542,2203,2339,39,16,23
SL050,34121515901,3945,3826,1887,1939,119,72,47
SL050,34121515902,5155,5081,2564,2517,74,32,42
SL050,34081616001,64,63,38,25,1,1,0
SL050,34081616002,234,205,102,103,29,14,15
SL050,34081616003,153,143,66,77,10,4,6
SL050,34081616004,252,251,134,117,1,0,1
SL050,34081616005,268,256,138,118,12,4,8
SL050,34081616006,125,117,53,64,8,5,3
SL050,34081616007,1590,1298,650,648,292,152,140
SL050,34081616008,90,84,47,37,6,3,3
SL050,34081616009,56,56,32,24,0,0,0
SL050,34081616010,137,128,61,67,9,4,5
SL050,34081616011,30,26,15,11,4,1,3
SL050,34081616012,90,86,49,37,4,3,1
SL050,34081616013,25,25,14,11,0,0,0
SL050,34081616014,659,647,337,310,12,5,7
SL050,34081616015,375,355,194,161,20,14,6
SL050,34081616016,225,204,118,86,21,13,8
SL050,34081616017,390,379,207,172,11,5,6
SL050,34081616018,431,422,216,206,9,5,4
SL050,34081616019,195,195,104,91,0,0,0
SL050,34081616020,10,10,5,5,0,0,0
SL050,34081616022,85,84,49,35,1,0,1
SL050,34081616023,602,570,301,269,32,15,17
SL050,34081616024,147,144,79,65,3,2,1
SL050,34081616025,26,26,14,12,0,0,0
SL050,34081616026,95,84,42,42,11,6,5
SL050,34081616027,903,770,405,365,133,77,56
SL050,34081616029,87,86,53,33,1,1,0
SL050,34081616030,19,19,14,5,0,0,0
SL050,34081616031,35,34,18,16,1,1,0
SL050,34081616032,328,311,161,150,17,8,9
SL050,34081616033,1938,1864,936,928,74,36,38
SL050,34081616034,165,164,94,70,1,1,0
SL050,34081616035,279,266,128,138,13,5,8
SL050,34081616036,144,138,67,71,6,2,4
SL050,34081616038,40,31,20,11,9,6,3
SL050,34081616039,446,393,207,186,53,28,25
SL050,34081616040,90,88,52,36,2,1,1
SL050,34081616041,414,391,207,184,23,14,9
SL050,34081616042,1344,1249,622,627,95,43,52
SL050,34081616043,113,107,60,47,6,3,3
SL050,34081616044,40,39,18,21,1,1,0
SL050,34081616045,219,200,110,90,19,11,8
SL050,34081616046,247,243,124,119,4,2,2
SL050,34081616047,252,222,121,101,30,13,17
SL050,34081616048,467,451,248,203,16,7,9
SL050,34081616049,151,150,80,70,1,0,1
SL050,34081616050,267,237,117,120,30,17,13
SL050,34081616051,138,127,66,61,11,5,6
SL050,34081616052,769,652,334,318,117,61,56
SL050,34081616053,456,444,248,196,12,3,9
SL050,34081616055,785,735,377,358,50,27,23
SL050,34081616056,495,481,257,224,14,8,6
SL050,34081616057,75,71,43,28,4,2,2
SL050,34081616058,111,107,56,51,4,1,3
SL050,34081616060,877,797,386,411,80,41,39
SL050,34081616061,1210,1043,540,503,167,97,70
SL050,34081616062,27,27,18,9,0,0,0
SL050,34081616063,111,101,51,50,10,8,2
SL050,34081616064,836,742,390,352,94,51,43
SL050,34081616065,459,401,201,200,58,28,30
SL050,34081616066,3072,2689,1408,1281,383,196,187
SL050,34081616067,155,122,67,55,33,12,21
SL050,34081616068,150,137,76,61,13,6,7
SL050,34081616070,30,30,16,14,0,0,0
SL050,34081616071,21,21,10,11,0,0,0
SL050,34081616072,139,138,80,58,1,0,1
SL050,34081616073,216,200,101,99,16,10,6
SL050,34081616074,30,30,17,13,0,0,0
SL050,34081616078,54898,50346,23914,26432,4552,2240,2312
SL050,34081616079,29,28,20,8,1,1,0
SL050,34081616081,57,51,30,21,6,3,3
SL050,34081616082,321,306,165,141,15,5,10
SL050,34081616083,49,48,25,23,1,0,1
SL050,34081616084,48,47,27,20,1,0,1
SL050,34081616085,169,153,80,73,16,10,6
SL050,34081616086,1212,1029,532,497,183,97,86
SL050,34081616087,248,219,115,104,29,15,14
SL050,34081616088,105,105,56,49,0,0,0
SL050,34081616089,454,444,230,214,10,9,1
SL050,34081616091,70,69,38,31,1,1,0
SL050,34081616092,183,174,101,73,9,5,4
SL050,34081616093,68,61,32,29,7,5,2
SL050,34081616094,154,139,76,63,15,8,7
SL050,34081616095,93,92,51,41,1,1,0
SL050,34081616096,365,319,169,150,46,24,22
SL050,34081616097,145,145,73,72,0,0,0
SL050,34081616098,678,613,316,297,65,30,35
SL050,34081616099,195,195,98,97,0,0,0
SL050,34081616100,789,738,356,382,51,30,21
SL050,34081616101,142,142,78,64,0,0,0
SL050,34081616102,1597,1384,693,691,213,107,106
SL050,34081616103,263,253,137,116,10,5,5
SL050,34081616104,53,49,27,22,4,2,2
SL050,34081616106,3526,3193,1625,1568,333,164,169
SL050,34081616107,98,96,56,40,2,1,1
SL050,34081616108,51,51,27,24,0,0,0
SL050,34081616109,52,50,27,23,2,2,0
SL050,34081616110,124,95,58,37,29,14,15
SL050,34081616111,190,178,101,77,12,7,5
SL050,34081616112,1777,1691,870,821,86,49,37
SL050,34081616113,4299,3732,1838,1894,567,293,274
SL050,34081616115,45,45,26,19,0,0,0
SL050,34081616116,65,65,39,26,0,0,0
SL050,34081616117,1216,1148,586,562,68,27,41
SL050,34081616118,1584,1546,767,779,38,15,23
SL050,34081616119,189,181,92,89,8,3,5
SL050,34081616121,251,251,130,121,0,0,0
SL050,34081616122,293,275,143,132,18,7,11
SL050,34081616123,70,70,41,29,0,0,0
SL050,34081616124,2328,2106,1081,1025,222,97,125
SL050,34081616125,2211,1961,998,963,250,132,118
SL050,34081616126,926,846,427,419,80,32,48
SL050,34081616128,67,67,36,31,0,0,0
SL050,34081616129,106,96,51,45,10,3,7
SL050,34081616130,626,589,319,270,37,15,22
SL050,34081616131,110,109,63,46,1,1,0
SL050,34081616132,36,35,23,12,1,0,1
SL050,34081616133,6030,5370,2652,2718,660,343,317
SL050,34081616134,5959,5386,2694,2692,573,278,295
SL050,34081616135,138,117,66,51,21,12,9
SL050,34081616137,43,38,21,17,5,0,5
SL050,34081616139,334,327,173,154,7,3,4
SL050,34081616140,21,21,11,10,0,0,0
SL050,34081616141,133,126,66,60,7,2,5
SL050,34081616142,151,132,75,57,19,12,7
SL050,34081616143,15,15,11,4,0,0,0
SL050,34081616145,485,471,243,228,14,6,8
SL050,34081616146,81,81,41,40,0,0,0
SL050,34081616147,67,66,41,25,1,0,1
SL050,34081616148,625,608,313,295,17,10,7
SL050,34081616149,159,158,80,78,1,1,0
SL050,34081616150,101,101,53,48,0,0,0
SL050,34081616151,58,58,33,25,0,0,0
SL050,34081616152,34,33,22,11,1,0,1
SL050,34081616153,1127,1071,545,526,56,24,32
SL050,34081616154,6548,5670,2887,2783,878,458,420
SL050,34081616155,611,562,307,255,49,27,22
SL050,34081616156,96,86,50,36,10,7,3
SL050,34081616157,215,213,117,96,2,1,1
SL050,34081616158,679,605,304,301,74,33,41
SL050,34081616159,213,203,97,106,10,8,2
SL050,34081616160,59,59,35,24,0,0,0
SL050,34081616161,53,46,24,22,7,5,2
SL050,34081616162,27,23,11,12,4,2,2
SL050,34081616163,64,64,35,29,0,0,0
SL050,34081616165,60,58,31,27,2,0,2
SL050,34081616166,290,257,135,122,33,21,12
SL050,34081616167,305,298,140,158,7,4,3
SL050,34081616169,51,51,33,18,0,0,0
SL050,34081616170,920,787,396,391,133,73,60
SL050,34081616171,2418,2025,997,1028,393,198,195
SL050,34081616172,345,323,172,151,22,9,13
SL050,34081616173,216,196,107,89,20,14,6
SL050,34081616174,183,179,103,76,4,0,4
SL050,34081616175,7589,6263,3201,3062,1326,713,613
SL050,34081616176,46,39,21,18,7,5,2
SL050,34081616177,118,88,46,42,30,16,14
SL050,34081616181,67,63,30,33,4,1,3
SL050,34081616185,38,35,26,9,3,2,1
SL050,34081616186,505,448,231,217,57,29,28
SL050,34081616187,81,74,43,31,7,5,2
SL050,34081616188,100,91,53,38,9,5,4
SL050,34081616189,296,290,154,136,6,4,2
SL050,34081616190,7107,5989,2997,2992,1118,589,529
SL050,34081616191,1040,977,487,490,63,35,28
SL050,34081616192,46,45,23,22,1,1,0
SL050,34081616193,55,55,32,23,0,0,0
SL050,34081616194,227,226,121,105,1,1,0
SL050,34081616195,590,531,262,269,59,27,32
SL050,34081616196,688,680,356,324,8,1,7
SL050,34081616197,68,68,41,27,0,0,0
SL050,34081616198,1643,1487,744,743,156,87,69
SL050,34081616199,23,23,11,12,0,0,0
SL050,34081616202,884,868,462,406,16,8,8
SL050,34081616203,14990,12470,6117,6353,2520,1308,1212
SL050,34081616204,280,251,135,116,29,13,16
SL050,34081616205,124,122,59,63,2,2,0
SL050,34081616206,195,185,99,86,10,4,6
SL050,34081616209,114,108,66,42,6,3,3
SL050,34081616211,363,345,180,165,18,7,11
SL050,34081616212,257,251,122,129,6,4,2
SL050,34081616213,39,36,22,14,3,2,1
SL050,34081616215,259,256,142,114,3,1,2
SL050,34081616216,302,297,157,140,5,3,2
SL050,34081616217,96,88,49,39,8,4,4
SL050,34081616218,223,207,108,99,16,9,7
SL050,34081616219,89,86,44,42,3,2,1
SL050,34081616224,88,87,49,38,1,0,1
SL050,34081616225,66,65,40,25,1,1,0
SL050,34081616227,113,111,66,45,2,1,1
SL050,34081616228,203,176,106,70,27,19,8
SL050,34081616231,48,41,23,18,7,4,3
SL050,34081616234,28,28,16,12,0,0,0
SL050,34081616236,1071,975,493,482,96,44,52
SL050,34081616237,102,99,52,47,3,2,1
SL050,34081616238,501,494,253,241,7,4,3
SL050,34081616239,134,129,82,47,5,3,2
SL050,34081616240,100,98,57,41,2,0,2
SL050,34081616242,348,336,167,169,12,5,7
SL050,34081616243,470,415,208,207,55,33,22
SL050,34081616244,745,736,373,363,9,7,2
SL050,34081616245,476,454,222,232,22,10,12
SL050,34081616246,515,481,269,212,34,16,18
SL050,34081616247,76,65,33,32,11,6,5
SL050,34081616248,1016,965,480,485,51,24,27
SL050,34081616249,2522,2223,1128,1095,299,153,146
SL050,34081616250,70,68,42,26,2,1,1
SL050,34081616251,2304,1923,976,947,381,188,193
SL050,34081616253,378,350,188,162,28,14,14
SL050,34081616254,229,222,111,111,7,2,5
SL050,34081616255,165,150,83,67,15,5,10
SL050,34081616258,189,177,95,82,12,6,6
SL050,34081616259,47,31,20,11,16,7,9
SL050,34081616263,1258,1149,609,540,109,64,45
SL050,34081616264,454,417,213,204,37,19,18
SL050,34081616265,21,21,9,12,0,0,0
SL050,34081616266,385,377,187,190,8,4,4
SL050,34081616269,466,446,222,224,20,9,11
SL050,34081616270,196,173,94,79,23,10,13
SL050,34081616271,821,712,351,361,109,57,52
SL050,34081616272,233,220,132,88,13,7,6
SL050,34081616273,337,322,172,150,15,7,8
SL050,34081616274,128,119,61,58,9,6,3
SL050,34081616275,10,10,6,4,0,0,0
SL050,34081616276,22,21,13,8,1,1,0
SL050,34081616277,124,111,61,50,13,6,7
SL050,34081616278,64,63,31,32,1,1,0
SL050,34081616279,229,179,102,77,50,27,23
SL050,34081616280,181,176,93,83,5,3,2
SL050,34081616901,767,691,348,343,76,32,44
SL050,34081616902,130,129,74,55,1,0,1
SL050,34081616903,1516,1154,588,566,362,213,149
SL050,34081616904,525,510,270,240,15,5,10
SL050,34081616905,1665,1586,805,781,79,42,37
SL050,34081616906,75,75,48,27,0,0,0
SL050,34081616908,188,169,81,88,19,8,11
SL050,34081616909,756,749,384,365,7,5,2
SL050,34081616910,82,81,47,34,1,0,1
SL050,34091717001,841,709,341,368,132,77,55
SL050,34091717002,767,748,380,368,19,8,11
SL050,34091717003,139,127,65,62,12,7,5
SL050,34091717004,765,661,341,320,104,55,49
SL050,34091717005,576,554,276,278,22,11,11
SL050,34091717006,1559,1380,722,658,179,87,92
SL050,34091717007,2256,2059,1009,1050,197,97,100
SL050,34091717008,5519,4354,2154,2200,1165,581,584
SL050,34091717009,6515,4928,2482,2446,1587,896,691
SL050,34091717010,423,403,210,193,20,9,11
SL050,34091717011,937,797,378,419,140,90,50
SL050,34091717012,1604,1525,765,760,79,38,41
SL050,34091717013,3934,3290,1647,1643,644,325,319
SL050,34091717014,85,71,38,33,14,8,6
SL050,34091717015,19615,15909,7772,8137,3706,1969,1737
SL050,34091717016,1000,891,461,430,109,60,49
SL050,34091717018,671,601,289,312,70,39,31
SL050,34091717019,2467,2208,1056,1152,259,105,154
SL050,34091717020,4941,4721,2385,2336,220,108,112
SL050,34091717021,187,157,83,74,30,18,12
SL050,34091717022,10859,8796,4345,4451,2063,1062,1001
SL050,34091717023,38790,33117,16254,16863,5673,3018,2655
SL050,34091717024,383,346,182,164,37,18,19
SL050,34091717025,1701,1426,705,721,275,146,129
SL050,34091717026,702,677,352,325,25,17,8
SL050,34091717027,3733,3408,1678,1730,325,177,148
SL050,34091717028,369,349,178,171,20,7,13
SL050,34091717029,269,245,127,118,24,12,12
SL050,34091717030,944,783,418,365,161,84,77
SL050,34091717031,273,227,130,97,46,23,23
SL050,34091717032,2752,2105,1020,1085,647,324,323
SL050,34091717033,7458,6911,3459,3452,547,257,290
SL050,34091717034,10897,8577,4348,4229,2320,1109,1211
SL050,34091717035,690,667,335,332,23,12,11
SL050,34091717036,3204,3116,1515,1601,88,41,47
SL050,34091717037,133,121,65,56,12,5,7
SL050,34091717038,535,514,254,260,21,9,12
SL050,34091717039,2261,2035,987,1048,226,124,102
SL050,34091717040,708,675,351,324,33,13,20
SL050,34091717041,313,264,130,134,49,25,24
SL050,34091717042,613,504,255,249,109,53,56
SL050,34091717043,186,181,102,79,5,1,4
SL050,34091717044,10359,8593,4246,4347,1766,1039,727
SL050,34091717046,956,859,437,422,97,49,48
SL050,34091717047,10820,6170,3107,3063,4650,2388,2262
SL050,34091717048,10585,7472,3695,3777,3113,1520,1593
SL050,34091717049,5390,4177,2082,2095,1213,626,587
SL050,34091717050,948,840,436,404,108,51,57
SL050,34091717051,300,268,132,136,32,16,16
SL050,34091717052,162,151,70,81,11,7,4
SL050,34091717054,465,392,199,193,73,36,37
SL050,34091717055,176,168,86,82,8,2,6
SL050,34091717056,2322,2153,1104,1049,169,78,91
SL050,34091717057,1253,1172,601,571,81,41,40
SL050,34091717058,251,210,109,101,41,21,20
SL050,34091717060,557,483,245,238,74,31,43
SL050,34091717061,227,212,115,97,15,7,8
SL050,34091717062,10417,7090,3615,3475,3327,1693,1634
SL050,34091717063,206,198,102,96,8,4,4
SL050,34091717064,425,379,187,192,46,23,23
SL050,34091717065,433,411,208,203,22,14,8
SL050,34091717066,46381,34213,16527,17686,12168,6390,5778
SL050,34091717067,1081,831,395,436,250,130,120
SL050,34091717068,305,289,151,138,16,8,8
SL050,34091717069,455,431,221,210,24,10,14
SL050,34091717070,138,125,68,57,13,8,5
SL050,34091717071,1474,1423,712,711,51,21,30
SL050,34091717073,2649,2552,1272,1280,97,44,53
SL050,34091717074,732,649,319,330,83,43,40
SL050,34091717075,439,405,212,193,34,14,20
SL050,34091717076,175,154,83,71,21,11,10
SL050,34091717077,840,694,346,348,146,70,76
SL050,34091717078,429,401,202,199,28,11,17
SL050,34091717079,100266,81294,38834,42460,18972,9196,9776
SL050,34091717080,186,175,90,85,11,4,7
SL050,34091717081,392,318,172,146,74,48,26
SL050,34091717082,529,496,257,239,33,21,12
SL050,34091717083,4139,3642,1835,1807,497,261,236
SL050,34091717084,278,267,151,116,11,8,3
SL050,34091717085,390,348,178,170,42,28,14
SL050,34091717086,3233,2145,1060,1085,1088,560,528
SL050,34091717087,335,300,159,141,35,21,14
SL050,34091717088,787,729,354,375,58,32,26
SL050,34091717089,8297,6988,3525,3463,1309,715,594
SL050,34091717090,693,679,348,331,14,5,9
SL050,34091717091,514,476,251,225,38,16,22
SL050,34091717092,4868,4167,2069,2098,701,343,358
SL050,34091717093,1239,1125,557,568,114,60,54
SL050,34091717094,1428,1246,676,570,182,88,94
SL050,34091717095,37350,24277,12373,11904,13073,6726,6347
SL050,34091717096,219,198,112,86,21,10,11
SL050,34091717097,282,258,127,131,24,9,15
SL050,34091717098,413,361,190,171,52,27,25
SL050,34091717099,98,92,55,37,6,3,3
SL050,34091717100,272,229,113,116,43,27,16
SL050,34091717101,730,690,373,317,40,21,19
SL050,34091717102,681,621,306,315,60,30,30
SL050,34091717103,6919,6150,3155,2995,769,406,363
SL050,34091717105,312,289,144,145,23,15,8
SL050,34091717106,190,175,90,85,15,8,7
SL050,34091717107,328,309,150,159,19,9,10
SL050,34091717109,899,832,432,400,67,43,24
SL050,34091717110,1691,1548,795,753,143,63,80
SL050,34091717111,1313,1166,578,588,147,69,78
SL050,34091717112,226,224,128,96,2,1,1
SL050,34091717114,34486,28149,13719,14430,6337,3420,2917
SL050,34091717115,382,346,182,164,36,20,16
SL050,34091717116,416,396,210,186,20,7,13
SL050,34091717117,22860,17790,8817,8973,5070,2505,2565
SL050,34091717118,17898,15555,7596,7959,2343,1146,1197
SL050,34091717119,95,90,54,36,5,2,3
SL050,34091717120,1439,1049,530,519,390,188,202
SL050,34091717121,295,268,142,126,27,18,9
SL050,34091717123,467,437,218,219,30,11,19
SL050,34091717124,2461,1956,990,966,505,256,249
SL050,34091717125,162,157,89,68,5,1,4
SL050,34091717126,394,376,191,185,18,9,9
SL050,34091717128,547,381,193,188,166,85,81
SL050,34091717129,195,178,91,87,17,10,7
SL050,34091717130,447,398,193,205,49,23,26
SL050,34091717132,1868,1643,807,836,225,109,116
SL050,34091717133,1660,1495,761,734,165,82,83
SL050,34091717134,303,274,157,117,29,13,16
SL050,34091717135,530,473,241,232,57,24,33
SL050,34091717136,247,222,123,99,25,12,13
SL050,34091717137,4595,4334,2149,2185,261,132,129
SL050,34091717138,1077,953,469,484,124,56,68
SL050,34091717139,1763,1727,857,870,36,16,20
SL050,34091717140,980,754,392,362,226,110,116
SL050,34091717141,8981,7321,3643,3678,1660,832,828
SL050,34091717142,3640,3499,1757,1742,141,68,73
SL050,34091717143,179,153,77,76,26,13,13
SL050,34091717144,276,252,128,124,24,14,10
SL050,34091717145,1766,1654,826,828,112,53,59
SL050,34091717146,4002,3783,1952,1831,219,108,111
SL050,34091717147,10632,9437,4619,4818,1195,632,563
SL050,34091717148,2181,1920,990,930,261,135,126
SL050,34091717149,462,450,219,231,12,5,7
SL050,34091717150,2059,1761,906,855,298,147,151
SL050,34091717151,263,225,110,115,38,22,16
SL050,34091717152,19319,13655,6809,6846,5664,2904,2760
SL050,34091717153,269,232,116,116,37,19,18
SL050,34091717154,151,122,65,57,29,11,18
SL050,34091717155,30622,19023,9582,9441,11599,6466,5133
SL050,34091717157,156,154,81,73,2,1,1
SL050,34091717158,635,550,321,229,85,47,38
SL050,34091717159,804,760,393,367,44,26,18
SL050,34091717160,21824,17867,8701,9166,3957,2060,1897
SL050,34091717161,1343,1223,589,634,120,59,61
SL050,34091717162,245,215,112,103,30,13,17
SL050,34091717163,3740,3595,1838,1757,145,78,67
SL050,34091717164,5591,4663,2320,2343,928,498,430
SL050,34091717165,840,747,375,372,93,31,62
SL050,34091717166,731,660,326,334,71,33,38
SL050,34091717167,3224,3024,1503,1521,200,103,97
SL050,34091717168,502,465,221,244,37,20,17
SL050,34091717169,3461,3209,1626,1583,252,123,129
SL050,34091717170,212,203,109,94,9,6,3
SL050,34091717171,251,196,100,96,55,31,24
SL050,34091717172,626,574,296,278,52,28,24
SL050,34091717173,249,213,109,104,36,18,18
SL050,34091717174,228,220,116,104,8,4,4
SL050,34091717175,746,662,350,312,84,45,39
SL050,34091717176,177,145,74,71,32,19,13
SL050,34091717177,707,676,339,337,31,10,21
SL050,34091717178,2039,1299,654,645,740,434,306
SL050,34091717180,12894,10366,5132,5234,2528,1358,1170
SL050,34091717181,5203,4336,2157,2179,867,451,416
SL050,34091717182,363,350,185,165,13,6,7
SL050,34091717183,351,321,169,152,30,17,13
SL050,34091717184,1573,1535,777,758,38,17,21
SL050,34091717185,2966,2687,1365,1322,279,141,138
SL050,34091717186,5114,4760,2350,2410,354,163,191
SL050,34091717187,848,769,380,389,79,39,40
SL050,34091717188,187,179,102,77,8,4,4
SL050,34091717189,1976,1798,894,904,178,87,91
SL050,34091717190,1108,1039,532,507,69,38,31
SL050,34091717191,210,192,104,88,18,13,5
SL050,34091717192,168,154,83,71,14,6,8
SL050,34091717193,5969,5312,2665,2647,657,358,299
SL050,34091717194,97,88,51,37,9,5,4
SL050,34091717195,459,413,206,207,46,28,18
SL050,34091717196,314,289,140,149,25,9,16
SL050,34091717197,165,150,84,66,15,6,9
SL050,34091717198,723,553,283,270,170,82,88
SL050,34091717199,11537,8485,4246,4239,3052,1596,1456
SL050,34091717200,801,748,369,379,53,21,32
SL050,34091717201,165,159,96,63,6,4,2
SL050,34091717202,5584,4500,2255,2245,1084,561,523
SL050,34091717203,214,199,110,89,15,7,8
SL050,34091717204,1139,754,398,356,385,227,158
SL050,34091717205,286,262,130,132,24,11,13
SL050,34091717206,178,169,80,89,9,4,5
SL050,34091717207,3029,2954,1491,1463,75,37,38
SL050,34091717208,1286,1223,616,607,63,35,28
SL050,34091717209,912,833,420,413,79,34,45
SL050,34091717210,854,708,350,358,146,82,64
SL050,34091717211,1189,1013,489,524,176,93,83
SL050,34091717212,173,170,87,83,3,1,2
SL050,34091717213,7740,6804,3469,3335,936,526,410
SL050,34091717214,951,910,460,450,41,26,15
SL050,34091717215,2789,2746,1367,1379,43,16,27
SL050,34091717216,204,190,101,89,14,7,7
SL050,34091717217,466,421,226,195,45,20,25
SL050,34091717218,823,712,368,344,111,64,47
SL050,34091717220,1026,950,462,488,76,43,33
SL050,34091717221,5443,5206,2536,2670,237,122,115
SL050,34091717222,147,131,70,61,16,7,9
SL050,34091717223,1112,982,481,501,130,71,59
SL050,34091717224,404,341,179,162,63,32,31
SL050,34091717225,312,243,120,123,69,47,22
SL050,34091717226,1157,1113,562,551,44,19,25
SL050,34091717227,208,169,99,70,39,17,22
SL050,34091717228,399,356,178,178,43,20,23
SL050,34091717230,709,615,297,318,94,51,43
SL050,34091717232,205,182,97,85,23,12,11
SL050,34091717233,3196,2875,1487,1388,321,173,148
SL050,34091717234,238,215,112,103,23,8,15
SL050,34091717901,1274,1173,593,580,101,46,55
SL050,34091717902,1713,1577,771,806,136,72,64
SL050,34091717903,1275,1124,577,547,151,79,72
SL050,34011818001,288,271,133,138,17,8,9
SL050,34011818002,599,598,307,291,1,0,1
SL050,34011818003,18746,18074,9021,9053,672,308,364
SL050,34011818004,729,686,382,304,43,21,22
SL050,34011818005,415,412,213,199,3,1,2
SL050,34011818006,7128,4960,2507,2453,2168,1372,796
SL050,34011818007,830,814,412,402,16,7,9
SL050,34011818010,628,608,320,288,20,11,9
SL050,34011818011,5378,5268,2679,2589,110,56,54
SL050,34011818012,2591,2470,1267,1203,121,66,55
SL050,34011818013,5980,4959,2498,2461,1021,703,318
SL050,34011818014,9168,8831,4463,4368,337,167,170
SL050,34011818015,475,473,235,238,2,0,2
SL050,34011818016,346,318,172,146,28,14,14
SL050,34011818017,26377,21779,10757,11022,4598,2275,2323
SL050,34011818018,624,615,308,307,9,3,6
SL050,34011818020,1178,1082,552,530,96,61,35
SL050,34011818021,23968,22094,10942,11152,1874,994,880
SL050,34011818022,18554,17839,8880,8959,715,374,341
SL050,34011818023,20519,19082,9408,9674,1437,802,635
SL050,34011818024,985,973,512,461,12,6,6
SL050,34011818025,340,334,168,166,6,3,3
SL050,34011818027,3285,3252,1628,1624,33,8,25
SL050,34011818028,1065,1016,522,494,49,29,20
SL050,34011818029,2297,2193,1103,1090,104,52,52
SL050,34011818030,719,651,350,301,68,37,31
SL050,34011818032,302,256,137,119,46,21,25
SL050,34011818033,279,257,136,121,22,10,12
SL050,34011818034,578,542,272,270,36,20,16
SL050,34011818035,1469,1360,710,650,109,58,51
SL050,34011818036,5070,4914,2386,2528,156,59,97
SL050,34011818037,609,596,298,298,13,7,6
SL050,34011818038,1253,1206,618,588,47,25,22
SL050,34011818039,4060,3897,1998,1899,163,87,76
SL050,34011818040,343,256,140,116,87,44,43
SL050,34011818042,558,512,253,259,46,25,21
SL050,34011818043,178,130,71,59,48,25,23
SL050,34011818044,244,175,104,71,69,40,29
SL050,34011818045,1337,1218,630,588,119,62,57
SL050,34011818046,2124,2002,1028,974,122,70,52
SL050,34011818047,7928,7546,3783,3763,382,186,196
SL050,34011818048,3243,3106,1580,1526,137,77,60
SL050,34011818049,656,640,353,287,16,9,7
SL050,34011818050,2044,2019,1008,1011,25,10,15
SL050,34011818051,1350,1325,690,635,25,16,9
SL050,34011818053,1901,1792,900,892,109,45,64
SL050,34011818054,993,972,517,455,21,9,12
SL050,34011818056,4171,4004,2002,2002,167,82,85
SL050,34011818057,7378,7082,3570,3512,296,162,134
SL050,34011818059,5546,5411,2675,2736,135,66,69
SL050,34011818061,1291,1159,601,558,132,72,60
SL050,34011818062,14851,14077,7031,7046,774,376,398
SL050,34011818063,1583,1565,792,773,18,13,5
SL050,34011818064,420,413,208,205,7,5,2
SL050,34011818065,723,703,356,347,20,11,9
SL050,34011818066,2616,2583,1298,1285,33,13,20
SL050,34011818067,755,741,385,356,14,6,8
SL050,34011818068,2032,1942,973,969,90,44,46
SL050,34011818069,621,578,309,269,43,28,15
SL050,34011818070,320,312,168,144,8,2,6
SL050,34011818071,6975,6755,3368,3387,220,99,121
SL050,34011818072,789,782,400,382,7,4,3
SL050,34011818074,300,299,154,145,1,1,0
SL050,34011818076,993,970,506,464,23,11,12
SL050,34011818078,900,812,419,393,88,41,47
SL050,34011818079,4387,4228,2113,2115,159,84,75
SL050,34011818082,1090,952,484,468,138,65,73
SL050,34011818083,233,230,109,121,3,1,2
SL050,34011818084,5703,5521,2807,2714,182,91,91
SL050,34011818085,736,716,368,348,20,9,11
SL050,34011818086,379,360,188,172,19,8,11
SL050,34011818087,232208,217249,99693,117556,14959,7721,7238
SL050,34011818088,1924,1881,962,919,43,31,12
SL050,34011818089,18718,17948,8858,9090,770,406,364
SL050,34011818093,5210,3430,1726,1704,1780,1061,719
SL050,34011818094,2849,2750,1474,1276,99,43,56
SL050,34011818095,2541,2500,1313,1187,41,23,18
SL050,34011818096,388,379,200,179,9,3,6
SL050,34011818097,1151,1090,581,509,61,33,28
SL050,34011818098,7367,7195,3555,3640,172,88,84
SL050,34011818099,1882,1849,956,893,33,14,19
SL050,34011818100,10286,9753,4876,4877,533,306,227
SL050,34011818101,11966,11599,5838,5761,367,176,191
SL050,34011818102,10135,9923,4952,4971,212,111,101
SL050,34011818103,1002,859,426,433,143,77,66
SL050,34011818105,5085,4946,2520,2426,139,85,54
SL050,34011818106,599,508,268,240,91,58,33
SL050,34011818107,1104,1083,556,527,21,5,16
SL050,34011818108,977,961,503,458,16,8,8
SL050,34011818109,909,677,342,335,232,136,96
SL050,34011818111,3785,3687,1870,1817,98,62,36
SL050,34011818112,142,111,52,59,31,16,15
SL050,34011818114,661,644,324,320,17,6,11
SL050,34011818115,3354,3234,1657,1577,120,64,56
SL050,34011818116,3485,3299,1646,1653,186,92,94
SL050,34011818117,576,566,304,262,10,6,4
SL050,34011818119,2103,1963,996,967,140,72,68
SL050,34011818120,328,310,160,150,18,12,6
SL050,34011818121,148,136,71,65,12,7,5
SL050,34011818122,20371,19590,9749,9841,781,394,387
SL050,34011818123,332,331,177,154,1,0,1
SL050,34011818124,462,386,212,174,76,40,36
SL050,34011818126,1827,1781,889,892,46,26,20
SL050,34011818127,22047,21079,10371,10708,968,478,490
SL050,34011818128,409,406,193,213,3,0,3
SL050,34011818132,3723,3600,1799,1801,123,58,65
SL050,34011818133,2759,2478,1256,1222,281,155,126
SL050,34011818134,7826,7370,3800,3570,456,233,223
SL050,34011818135,5479,5190,2577,2613,289,186,103
SL050,34011818136,2163,2153,1108,1045,10,4,6
SL050,34011818137,1157,1077,554,523,80,56,24
SL050,34011818138,3159,3013,1527,1486,146,65,81
SL050,34011818140,60592,54926,26955,27971,5666,2876,2790
SL050,34011818141,464,428,241,187,36,18,18
SL050,34011818143,1182,1119,574,545,63,30,33
SL050,34011818144,996,974,515,459,22,9,13
SL050,34011818145,14025,13584,6749,6835,441,191,250
SL050,34011818146,1198,1089,548,541,109,61,48
SL050,34011818147,5649,4319,2159,2160,1330,678,652
SL050,34011818148,1029,953,483,470,76,40,36
SL050,34011818149,6917,6653,3357,3296,264,121,143
SL050,34011818150,8396,8109,4084,4025,287,136,151
SL050,34011818151,321,292,145,147,29,15,14
SL050,34011818152,1134,1120,546,574,14,10,4
SL050,34011818153,11286,11084,5508,5576,202,95,107
SL050,34011818154,1177,1162,595,567,15,5,10
SL050,34011818157,1449,1394,736,658,55,26,29
SL050,34011818158,10144,9996,5022,4974,148,79,69
SL050,34011818159,1120,1085,584,501,35,24,11
SL050,34011818161,236,234,125,109,2,2,0
SL050,34011818162,1703,1111,583,528,592,346,246
SL050,34011818163,389,378,191,187,11,8,3
SL050,34011818164,2292,2165,1103,1062,127,73,54
SL050,34011818165,5348,5262,2610,2652,86,46,40
SL050,34011818167,2312,2268,1149,1119,44,27,17
SL050,34011818168,916,892,454,438,24,14,10
SL050,34011818170,382,338,186,152,44,26,18
SL050,34011818171,2639,2587,1305,1282,52,25,27
SL050,34011818173,12396,11034,5505,5529,1362,668,694
SL050,34011818174,541,499,260,239,42,21,21
SL050,34011818175,14986,14527,7124,7403,459,244,215
SL050,34011818176,266,247,135,112,19,9,10
SL050,34011818177,545,411,218,193,134,81,53
SL050,34011818178,759,751,399,352,8,3,5
SL050,34011818179,663,593,305,288,70,42,28
SL050,34011818180,742,723,376,347,19,10,9
SL050,34011818181,255,225,137,88,30,16,14
SL050,34011818182,2521,2349,1166,1183,172,74,98
SL050,34011818183,672,633,325,308,39,19,20
SL050,34011818184,2870,2589,1286,1303,281,139,142
SL050,34011818185,610,589,320,269,21,12,9
SL050,34011818187,585,582,309,273,3,1,2
SL050,34011818188,2024,1989,982,1007,35,15,20
SL050,34011818189,980,944,493,451,36,16,20
SL050,34011818192,2057,1585,808,777,472,289,183
SL050,34011818193,18995,18310,9038,9272,685,336,349
SL050,34011818194,2597,2392,1229,1163,205,109,96
SL050,34011818901,653,557,295,262,96,48,48
SL050,34011818902,935,877,437,440,58,28,30
SL050,34011818903,1079,1010,522,488,69,34,35
SL050,34011818904,978,815,456,359,163,94,69
SL050,34011818905,20703,19764,10092,9672,939,455,484
SL050,34011818906,1028,955,501,454,73,37,36
SL050,34011818907,2145,2111,1079,1032,34,15,19
SL050,34011818908,950,921,462,459,29,15,14
SL050,34011818909,619,615,333,282,4,1,3
SL050,34011818910,919,865,450,415,54,25,29
SL050,34011818911,10981,10666,5456,5210,315,153,162
SL050,34011818912,1774,1628,813,815,146,73,73
SL050,34011818913,855,843,423,420,12,9,3
SL050,34011818914,2086,2055,1007,1048,31,13,18
SL050,34011818915,890,881,462,419,9,3,6
SL050,34081919001,53,46,26,20,7,3,4
SL050,34081919002,60,60,34,26,0,0,0
SL050,34081919003,31,31,17,14,0,0,0
SL050,34081919004,62,61,27,34,1,0,1
SL050,34081919005,156,90,56,34,66,45,21
SL050,34081919006,918,824,465,359,94,52,42
SL050,34081919007,540,506,248,258,34,23,11
SL050,34081919008,46,43,30,13,3,1,2
SL050,34081919009,326,272,145,127,54,23,31
SL050,34081919010,12,12,8,4,0,0,0
SL050,34081919011,321,255,136,119,66,38,28
SL050,34081919013,125,118,72,46,7,7,0
SL050,34081919015,84,83,49,34,1,0,1
SL050,34081919016,59,58,42,16,1,0,1
SL050,34081919017,77,63,39,24,14,7,7
SL050,34081919018,157,153,89,64,4,1,3
SL050,34081919019,16,15,8,7,1,0,1
SL050,34081919020,58,47,32,15,11,6,5
SL050,34081919021,1306,1206,628,578,100,58,42
SL050,34081919022,720,654,325,329,66,27,39
SL050,34081919023,177,157,81,76,20,7,13
SL050,34081919024,12570,11611,5922,5689,959,461,498
SL050,34081919027,157,145,82,63,12,7,5
SL050,34081919031,10,10,8,2,0,0,0
SL050,34081919032,163,152,78,74,11,5,6
SL050,34081919033,51,51,29,22,0,0,0
SL050,34081919034,23,23,17,6,0,0,0
SL050,34081919036,390,295,155,140,95,50,45
SL050,34081919037,158,144,84,60,14,9,5
SL050,34081919038,26,26,19,7,0,0,0
SL050,34081919039,65,63,43,20,2,1,1
SL050,34081919040,51,50,32,18,1,0,1
SL050,34081919041,226,207,117,90,19,7,12
SL050,34081919042,22,22,12,10,0,0,0
SL050,34081919043,92,92,59,33,0,0,0
SL050,34081919044,431,325,187,138,106,60,46
SL050,34081919045,146,140,80,60,6,1,5
SL050,34081919046,34685,28341,14308,14033,6344,3242,3102
SL050,34081919047,55,55,29,26,0,0,0
SL050,34081919048,17,17,12,5,0,0,0
SL050,34081919049,14,9,9,0,5,3,2
SL050,34081919050,16,16,11,5,0,0,0
SL050,34081919051,50,50,34,16,0,0,0
SL050,34081919052,26,25,16,9,1,0,1
SL050,34081919053,2399,2144,1132,1012,255,120,135
SL050,34081919054,208,191,115,76,17,7,10
SL050,34081919055,43,43,21,22,0,0,0
SL050,34081919057,76,74,46,28,2,0,2
SL050,34081919058,10123,9367,4787,4580,756,351,405
SL050,34081919059,79,76,43,33,3,2,1
SL050,34081919060,147,140,90,50,7,4,3
SL050,34081919061,52,51,37,14,1,1,0
SL050,34081919064,63,62,39,23,1,1,0
SL050,34081919065,144,129,79,50,15,9,6
SL050,34081919066,58,52,30,22,6,3,3
SL050,34081919067,64,63,40,23,1,0,1
SL050,34081919070,93,75,40,35,18,11,7
SL050,34081919071,11812,10688,5476,5212,1124,533,591
SL050,34081919073,18,18,15,3,0,0,0
SL050,34081919074,83,67,42,25,16,7,9
SL050,34081919075,63,62,39,23,1,0,1
SL050,34081919076,26,22,11,11,4,3,1
SL050,34081919078,56,53,35,18,3,1,2
SL050,34081919079,9,9,5,4,0,0,0
SL050,34081919080,71,69,37,32,2,2,0
SL050,34081919081,24,24,15,9,0,0,0
SL050,34081919082,107,101,56,45,6,1,5
SL050,34081919086,1697,1562,825,737,135,71,64
SL050,34081919087,23,22,12,10,1,0,1
SL050,34081919088,104,92,54,38,12,5,7
SL050,34081919089,32,29,19,10,3,1,2
SL050,34081919090,115,102,52,50,13,7,6
SL050,34081919091,30,27,16,11,3,1,2
SL050,34081919092,549,431,259,172,118,64,54
SL050,34081919095,14,12,8,4,2,1,1
SL050,34081919096,105,88,52,36,17,8,9
SL050,34081919097,16,15,12,3,1,0,1
SL050,34081919098,24,19,13,6,5,4,1
SL050,34081919099,345,327,181,146,18,7,11
SL050,34081919102,118,99,50,49,19,11,8
SL050,34081919103,273,257,156,101,16,7,9
SL050,34081919104,17,17,9,8,0,0,0
SL050,34081919105,3508,3265,1707,1558,243,112,131
SL050,34081919106,92,85,50,35,7,3,4
SL050,34081919107,339,318,170,148,21,12,9
SL050,34081919108,109,104,56,48,5,2,3
SL050,34081919109,35,35,20,15,0,0,0
SL050,34081919110,60,56,30,26,4,2,2
SL050,34081919111,171,161,99,62,10,6,4
SL050,34081919112,50,50,20,30,0,0,0
SL050,34081919113,665,541,276,265,124,67,57
SL050,34081919114,38,36,24,12,2,2,0
SL050,34081919115,30,28,17,11,2,0,2
SL050,34081919116,13,13,8,5,0,0,0
SL050,34081919117,2364,2100,1110,990,264,122,142
SL050,34081919118,8,8,5,3,0,0,0
SL050,34081919119,88,82,53,29,6,3,3
SL050,34081919120,131,115,66,49,16,7,9
SL050,34081919121,284,258,141,117,26,19,7
SL050,34081919122,89,84,45,39,5,4,1
SL050,34081919123,43,35,19,16,8,5,3
SL050,34081919124,526,447,250,197,79,40,39
SL050,34081919125,49,41,28,13,8,5,3
SL050,34081919126,2416,2258,1211,1047,158,81,77
SL050,34081919127,107,100,54,46,7,4,3
SL050,34081919129,29,28,17,11,1,0,1
SL050,34081919130,84910,74753,35728,39025,10157,5107,5050
SL050,34081919132,100,88,47,41,12,5,7
SL050,34081919133,272,96,57,39,176,108,68
SL050,34081919134,19,19,12,7,0,0,0
SL050,34081919135,118,104,60,44,14,7,7
SL050,34081919136,19,15,6,9,4,4,0
SL050,34081919138,307,262,150,112,45,19,26
SL050,34081919139,29,29,18,11,0,0,0
SL050,34081919142,299,268,160,108,31,18,13
SL050,34081919143,2538,2225,1125,1100,313,163,150
SL050,34081919145,43,41,26,15,2,0,2
SL050,34081919146,44,42,26,16,2,2,0
SL050,34081919147,42,42,29,13,0,0,0
SL050,34081919148,53,46,29,17,7,5,2
SL050,34081919150,130,127,78,49,3,3,0
SL050,34081919151,1487,1247,615,632,240,116,124
SL050,34081919152,654,583,325,258,71,40,31
SL050,34081919153,21,21,13,8,0,0,0
SL050,34081919154,63,63,42,21,0,0,0
SL050,34081919155,73,69,46,23,4,3,1
SL050,34081919156,1434,1094,581,513,340,171,169
SL050,34081919157,55,54,38,16,1,1,0
SL050,34081919159,99,88,51,37,11,1,10
SL050,34081919160,1199,1084,602,482,115,56,59
SL050,34081919161,250,248,129,119,2,1,1
SL050,34081919162,72,67,37,30,5,4,1
SL050,34081919163,67,64,32,32,3,2,1
SL050,34081919165,55,49,27,22,6,4,2
SL050,34081919166,183,177,97,80,6,4,2
SL050,34081919167,156,148,82,66,8,5,3
SL050,34081919168,297,277,138,139,20,11,9
SL050,34081919169,37,36,21,15,1,1,0
SL050,34081919170,222,193,107,86,29,13,16
SL050,34081919171,7229,6465,3247,3218,764,379,385
SL050,34081919172,51,50,29,21,1,0,1
SL050,34081919173,61,51,33,18,10,5,5
SL050,34081919174,106,95,51,44,11,3,8
SL050,34081919175,37,30,13,17,7,4,3
SL050,34081919176,257,234,125,109,23,11,12
SL050,34081919177,72,71,37,34,1,0,1
SL050,34081919178,30,30,19,11,0,0,0
SL050,34081919179,88,73,42,31,15,9,6
SL050,34081919181,60,59,36,23,1,1,0
SL050,34081919182,40,39,25,14,1,1,0
SL050,34081919183,77,76,47,29,1,0,1
SL050,34081919184,102,69,41,28,33,22,11
SL050,34081919185,28,28,19,9,0,0,0
SL050,34081919186,83,83,49,34,0,0,0
SL050,34081919187,55,45,25,20,10,7,3
SL050,34081919188,48,45,25,20,3,2,1
SL050,34081919189,172,143,76,67,29,15,14
SL050,34081919190,3295,2691,1337,1354,604,317,287
SL050,34081919191,14,14,6,8,0,0,0
SL050,34081919192,2637,2141,1087,1054,496,269,227
SL050,34081919193,26,25,14,11,1,1,0
SL050,34081919194,100,96,54,42,4,3,1
SL050,34081919195,38,38,23,15,0,0,0
SL050,34081919196,102,97,55,42,5,0,5
SL050,34081919197,28,28,19,9,0,0,0
SL050,34081919198,17,17,9,8,0,0,0
SL050,34081919199,18,18,13,5,0,0,0
SL050,34081919200,75,74,42,32,1,1,0
SL050,34081919201,64,60,32,28,4,3,1
SL050,34081919202,9,9,5,4,0,0,0
SL050,34081919203,27,27,16,11,0,0,0
SL050,34081919204,177,162,99,63,15,10,5
SL050,34081919208,41,41,25,16,0,0,0
SL050,34081919209,44,42,25,17,2,0,2
SL050,34081919210,19,18,10,8,1,0,1
SL050,34081919211,389,369,219,150,20,9,11
SL050,34081919212,873,787,393,394,86,46,40
SL050,34081919213,77,76,46,30,1,1,0
SL050,34081919214,76,76,44,32,0,0,0
SL050,34081919215,152,150,97,53,2,1,1
SL050,34081919216,156,148,80,68,8,3,5
SL050,34081919217,49,45,31,14,4,3,1
SL050,34081919218,52,51,27,24,1,0,1
SL050,34081919219,11,11,9,2,0,0,0
SL050,34081919220,3770,3274,1743,1531,496,235,261
SL050,34081919221,56,40,26,14,16,10,6
SL050,34081919222,111,108,56,52,3,1,2
SL050,34081919223,120,113,60,53,7,2,5
SL050,34081919224,106,104,64,40,2,1,1
SL050,34081919225,1269,1111,596,515,158,80,78
SL050,34081919226,42,39,26,13,3,3,0
SL050,34081919227,61,61,40,21,0,0,0
SL050,34081919228,36,29,19,10,7,2,5
SL050,34081919229,60,60,33,27,0,0,0
SL050,34081919230,778,715,368,347,63,38,25
SL050,34081919231,12,11,7,4,1,1,0
SL050,34081919232,60,60,38,22,0,0,0
SL050,34081919233,92,88,52,36,4,2,2
SL050,34081919234,42,41,27,14,1,1,0
SL050,34081919235,87,85,49,36,2,1,1
SL050,34081919237,44,44,25,19,0,0,0
SL050,34081919238,49,46,27,19,3,2,1
SL050,34081919239,106,84,41,43,22,12,10
SL050,34081919240,45,45,27,18,0,0,0
SL050,34081919241,42,40,24,16,2,1,1
SL050,34081919242,100,96,52,44,4,1,3
SL050,34081919243,40,40,30,10,0,0,0
SL050,34081919244,85,78,44,34,7,3,4
SL050,34081919245,1519,1318,686,632,201,106,95
SL050,34081919246,44,42,23,19,2,0,2
SL050,34081919247,155,151,84,67,4,3,1
SL050,34081919248,72,72,46,26,0,0,0
SL050,34081919249,35,31,16,15,4,3,1
SL050,34081919250,18,18,10,8,0,0,0
SL050,34081919251,53,46,28,18,7,3,4
SL050,34081919252,81,67,38,29,14,9,5
SL050,34081919254,47,43,20,23,4,2,2
SL050,34081919255,76,69,40,29,7,5,2
SL050,34081919256,53,45,25,20,8,6,2
SL050,34081919257,4356,3745,1833,1912,611,321,290
SL050,34081919258,96,88,52,36,8,4,4
SL050,34081919259,35,34,16,18,1,0,1
SL050,34081919260,41,39,21,18,2,1,1
SL050,34081919261,34,32,17,15,2,1,1
SL050,34081919262,123,121,66,55,2,1,1
SL050,34081919263,44,22,13,9,22,9,13
SL050,34081919264,33,32,20,12,1,1,0
SL050,34081919265,149,129,73,56,20,15,5
SL050,34081919266,304,249,137,112,55,29,26
SL050,34081919267,22,22,12,10,0,0,0
SL050,34081919268,30,27,17,10,3,3,0
SL050,34081919269,96,92,54,38,4,1,3
SL050,34081919270,13,12,9,3,1,1,0
SL050,34081919271,50,45,25,20,5,3,2
SL050,34081919272,96,69,39,30,27,15,12
SL050,34081919274,1424,1218,644,574,206,97,109
SL050,34081919277,19,19,13,6,0,0,0
SL050,34081919278,25,25,15,10,0,0,0
SL050,34081919279,502,60,36,24,442,232,210
SL050,34081919280,5300,4723,2465,2258,577,289,288
SL050,34081919281,23,22,14,8,1,1,0
SL050,34081919282,175,159,93,66,16,9,7
SL050,34081919283,40,31,14,17,9,5,4
SL050,34081919284,11,11,7,4,0,0,0
SL050,34081919285,22,22,12,10,0,0,0
SL050,34081919286,1012,924,511,413,88,50,38
SL050,34081919287,206,170,94,76,36,21,15
SL050,34081919288,18,18,12,6,0,0,0
SL050,34081919289,27,26,18,8,1,1,0
SL050,34081919290,1172,981,528,453,191,98,93
SL050,34081919291,1319,1217,637,580,102,56,46
SL050,34081919293,2573,2355,1220,1135,218,114,104
SL050,34081919294,28,27,15,12,1,1,0
SL050,34081919296,35,32,23,9,3,1,2
SL050,34081919297,35,35,18,17,0,0,0
SL050,34081919298,79,61,39,22,18,13,5
SL050,34081919299,108,106,55,51,2,2,0
SL050,34081919300,1062,981,515,466,81,41,40
SL050,34081919301,40,39,23,16,1,1,0
SL050,34081919302,57,57,35,22,0,0,0
SL050,34081919303,49,45,32,13,4,3,1
SL050,34081919304,253,242,134,108,11,6,5
SL050,34081919305,168,159,95,64,9,4,5
SL050,34081919306,22,21,11,10,1,1,0
SL050,34081919307,25,24,16,8,1,0,1
SL050,34081919308,59,59,41,18,0,0,0
SL050,34081919309,25,24,12,12,1,0,1
SL050,34081919310,8,8,5,3,0,0,0
SL050,34081919311,82,80,43,37,2,1,1
SL050,34081919314,48,48,32,16,0,0,0
SL050,34081919317,162,142,75,67,20,14,6
SL050,34081919318,29,28,19,9,1,0,1
SL050,34081919319,6568,6174,3108,3066,394,190,204
SL050,34081919321,47,36,25,11,11,5,6
SL050,34081919322,27,27,13,14,0,0,0
SL050,34081919323,36,36,21,15,0,0,0
SL050,34081919324,185,171,96,75,14,7,7
SL050,34081919325,137,137,70,67,0,0,0
SL050,34081919326,3518,2961,1578,1383,557,258,299
SL050,34081919327,444,414,219,195,30,17,13
SL050,34081919329,63,59,32,27,4,1,3
SL050,34081919330,77,67,39,28,10,7,3
SL050,34081919331,3937,3351,1703,1648,586,292,294
SL050,34081919332,86,84,48,36,2,2,0
SL050,34081919333,125,115,75,40,10,7,3
SL050,34081919334,37,35,21,14,2,0,2
SL050,34081919335,70,57,32,25,13,4,9
SL050,34081919901,40,40,23,17,0,0,0
SL050,34162020001,320,312,170,142,8,3,5
SL050,34162020002,469,467,255,212,2,1,1
SL050,34162020003,777,731,369,362,46,25,21
SL050,34162020004,309,306,159,147,3,1,2
SL050,34162020005,1726,1550,785,765,176,99,77
SL050,34162020006,374,367,180,187,7,3,4
SL050,34162020007,427,412,212,200,15,11,4
SL050,34162020008,939,890,494,396,49,14,35
SL050,34162020009,14618,13827,6832,6995,791,377,414
SL050,34162020010,2034,1887,966,921,147,86,61
SL050,34162020011,2136,2061,1034,1027,75,36,39
SL050,34162020012,205,190,96,94,15,4,11
SL050,34162020013,6987,6663,3352,3311,324,162,162
SL050,34162020014,1533,1471,772,699,62,30,32
SL050,34162020015,1669,1586,821,765,83,42,41
SL050,34162020016,2081,1982,1042,940,99,56,43
SL050,34162020017,11609,10607,5260,5347,1002,508,494
SL050,34162020018,14786,13764,6836,6928,1022,551,471
SL050,34162020019,13881,12217,6037,6180,1664,901,763
SL050,34162020020,151,143,88,55,8,2,6
SL050,34162020021,239,231,124,107,8,5,3
SL050,34162020022,1081,1054,549,505,27,10,17
SL050,34162020023,602,567,299,268,35,16,19
SL050,34162020024,508,489,269,220,19,10,9
SL050,34162020025,1519,1419,724,695,100,49,51
SL050,34162020026,252,246,116,130,6,4,2
SL050,34162020027,3725,3462,1814,1648,263,141,122
SL050,34162020028,2976,2755,1367,1388,221,122,99
SL050,34162020029,5457,5156,2555,2601,301,162,139
SL050,34162020030,27406,25225,12156,13069,2181,1138,1043
SL050,34162020031,239,232,122,110,7,1,6
SL050,34162020032,11582,10626,5226,5400,956,504,452
SL050,34162020033,1135,1085,545,540,50,27,23
SL050,34162020034,4087,3873,1937,1936,214,115,99
SL050,34162020035,575,555,287,268,20,9,11
SL050,34162020036,17018,16073,7980,8093,945,482,463
SL050,34162020037,129,125,72,53,4,2,2
SL050,34162020038,488,475,252,223,13,4,9
SL050,34162020039,2818,2581,1303,1278,237,125,112
SL050,34162020040,20222,18871,9225,9646,1351,665,686
SL050,34162020041,313,300,158,142,13,7,6
SL050,34162020042,4172,3861,1915,1946,311,167,144
SL050,34162020043,2305,2176,1093,1083,129,77,52
SL050,34162020044,488,441,226,215,47,22,25
SL050,34162020045,61983,56038,27223,28815,5945,3083,2862
SL050,34162020046,1862,1705,875,830,157,86,71
SL050,34162020047,641,600,307,293,41,20,21
SL050,34162020048,253,251,139,112,2,0,2
SL050,34162020049,5646,5117,2568,2549,529,270,259
SL050,34162020050,377,341,178,163,36,17,19
SL050,34162020051,8384,8080,4104,3976,304,147,157
SL050,34162020052,1430,1330,670,660,100,58,42
SL050,34162020053,6045,5820,2891,2929,225,115,110
SL050,34162020054,602,564,292,272,38,20,18
SL050,34162020055,22019,20531,10090,10441,1488,732,756
SL050,34162020056,5354,4977,2483,2494,377,229,148
SL050,34162020057,252,252,139,113,0,0,0
SL050,34162020058,945,889,449,440,56,29,27
SL050,34162020059,11335,10852,5365,5487,483,236,247
SL050,34162020060,123,121,66,55,2,1,1
SL050,34162020061,5948,5485,2762,2723,463,236,227
SL050,34162020062,1302,1185,600,585,117,61,56
SL050,34162020063,10276,9876,4895,4981,400,208,192
SL050,34162020064,16128,14831,7077,7754,1297,662,635
SL050,34162020065,3894,3517,1745,1772,377,200,177
SL050,34162020066,589,560,297,263,29,14,15
SL050,34162020067,39355,36759,17779,18980,2596,1258,1338
SL050,34162020068,232,216,120,96,16,9,7
SL050,34162020069,186665,173450,81702,91748,13215,6062,7153
SL050,34162020070,1432,1331,669,662,101,51,50
SL050,34162020071,19525,18186,8784,9402,1339,647,692
SL050,34162020072,6170,5864,2936,2928,306,144,162
SL050,34162020073,6165,5874,2952,2922,291,140,151
SL050,34162020074,14596,13693,6777,6916,903,480,423
SL050,34162020075,5881,5302,2653,2649,579,285,294
SL050,34162020076,10150,8538,4158,4380,1612,838,774
SL050,34162020077,6730,6347,3118,3229,383,201,182
SL050,34162020078,1613,1405,721,684,208,106,102
SL050,34162020079,23223,21971,10717,11254,1252,591,661
SL050,34162020080,9834,9244,4559,4685,590,298,292
SL050,34162020081,10044,9506,4754,4752,538,250,288
SL050,34162020901,2010,1858,945,913,152,69,83
SL050,34162020902,18253,16911,8214,8697,1342,659,683
SL050,34162020903,6272,6009,3076,2933,263,128,135
SL050,34162020904,137,130,72,58,7,3,4
SL050,34162020905,218,206,106,100,12,6,6
SL050,34162020906,179,177,87,90,2,0,2
SL050,34162020907,153,148,82,66,5,1,4
SL050,34012121001,763,723,364,359,40,21,19
SL050,34012121002,21054,20533,10244,10289,521,222,299
SL050,34012121003,837,798,420,378,39,19,20
SL050,34012121004,1837,1801,965,836,36,19,17
SL050,34012121005,24013,19340,9740,9600,4673,1902,2771
SL050,34012121006,3942,3858,1890,1968,84,36,48
SL050,34012121007,8040,7807,3849,3958,233,110,123
SL050,34012121008,3109,3071,1536,1535,38,17,21
SL050,34012121009,965,964,502,462,1,0,1
SL050,34012121010,20883,18207,9050,9157,2676,1433,1243
SL050,34012121011,4236,4072,2055,2017,164,80,84
SL050,34012121012,319,307,156,151,12,4,8
SL050,34012121013,14114,13020,6500,6520,1094,516,578
SL050,34012121014,6060,5051,2544,2507,1009,473,536
SL050,34012121015,741,731,383,348,10,4,6
SL050,34012121016,1184,1162,591,571,22,9,13
SL050,34012121017,4077,4038,2056,1982,39,12,27
SL050,34012121018,2036,2006,977,1029,30,9,21
SL050,34012121019,702,691,351,340,11,5,6
SL050,34012121020,411,407,208,199,4,1,3
SL050,34012121021,19433,15557,7927,7630,3876,2047,1829
SL050,34012121022,209,195,110,85,14,8,6
SL050,34012121023,2389,2371,1178,1193,18,9,9
SL050,34012121024,543,532,270,262,11,4,7
SL050,34012121025,4735,4632,2358,2274,103,48,55
SL050,34012121026,305,296,142,154,9,5,4
SL050,34012121027,57,52,31,21,5,3,2
SL050,34012121028,373,373,186,187,0,0,0
SL050,34012121029,1785,1765,873,892,20,9,11
SL050,34012121030,2232,2198,1122,1076,34,14,20
SL050,34012121031,1332,1311,657,654,21,12,9
SL050,34012121032,2278,2233,1091,1142,45,18,27
SL050,34012121033,623,606,304,302,17,10,7
SL050,34012121034,1401,1361,664,697,40,21,19
SL050,34012121035,12548,11957,6037,5920,591,222,369
SL050,34012121036,235,229,121,108,6,2,4
SL050,34012121037,519,501,263,238,18,14,4
SL050,34012121038,1293,1268,654,614,25,12,13
SL050,34012121039,307,307,151,156,0,0,0
SL050,34012121040,3909,3739,1884,1855,170,78,92
SL050,34012121041,144258,138727,66616,72111,5531,2720,2811
SL050,34012121042,21077,19390,9755,9635,1687,785,902
SL050,34012121043,2258,2206,1109,1097,52,27,25
SL050,34012121044,27047,22695,11440,11255,4352,2511,1841
SL050,34012121045,262,259,128,131,3,1,2
SL050,34012121046,3395,2134,1090,1044,1261,688,573
SL050,34012121047,2079,2045,1041,1004,34,15,19
SL050,34012121048,402,375,201,174,27,14,13
SL050,34012121049,3866,3804,1846,1958,62,24,38
SL050,34012121050,21699,15912,8065,7847,5787,2797,2990
SL050,34012121051,253,236,125,111,17,7,10
SL050,34012121052,5303,5201,2509,2692,102,46,56
SL050,34012121053,4103,3951,1993,1958,152,78,74
SL050,34012121054,10762,10298,5148,5150,464,209,255
SL050,34012121055,11112,9161,4699,4462,1951,914,1037
SL050,34012121056,3484,3437,1742,1695,47,18,29
SL050,34012121057,1167,1140,579,561,27,11,16
SL050,34012121058,3142,3063,1578,1485,79,34,45
SL050,34012121059,281,277,137,140,4,1,3
SL050,34012121060,15134,14609,7462,7147,525,253,272
SL050,34012121061,7751,6214,3203,3011,1537,724,813
SL050,34012121062,1707,1615,805,810,92,44,48
SL050,34012121063,3679,3215,1633,1582,464,195,269
SL050,34012121064,9198,8506,4316,4190,692,319,373
SL050,34012121065,396,299,146,153,97,50,47
SL050,34012121066,607,561,290,271,46,26,20
SL050,34012121067,480,468,222,246,12,7,5
SL050,34012121068,1054,1035,508,527,19,11,8
SL050,34012121069,2004,1988,1033,955,16,6,10
SL050,34012121070,7782,7610,3799,3811,172,69,103
SL050,34012121071,243,238,109,129,5,3,2
SL050,34012121072,12780,12463,6144,6319,317,141,176
SL050,34012121073,2839,2304,1191,1113,535,207,328
SL050,34012121074,3283,3256,1614,1642,27,9,18
SL050,34012121075,382,377,176,201,5,4,1
SL050,34012121076,2761,2545,1284,1261,216,99,117
SL050,34012121077,2152,2094,1062,1032,58,21,37
SL050,34012121078,3090,3053,1543,1510,37,20,17
SL050,34012121079,831,815,420,395,16,12,4
SL050,34022222001,237,230,121,109,7,3,4
SL050,34022222002,151,118,60,58,33,16,17
SL050,34022222003,172,157,83,74,15,8,7
SL050,34022222004,130,129,78,51,1,0,1
SL050,34022222006,321,305,165,140,16,9,7
SL050,34022222007,1102,888,457,431,214,129,85
SL050,34022222008,181,170,94,76,11,8,3
SL050,34022222009,721,681,351,330,40,25,15
SL050,34022222011,105,98,59,39,7,4,3
SL050,34022222012,141,136,75,61,5,1,4
SL050,34022222013,309,299,154,145,10,4,6
SL050,34022222014,246,244,129,115,2,1,1
SL050,34022222015,325,316,176,140,9,3,6
SL050,34022222016,652,639,312,327,13,8,5
SL050,34022222017,1160,973,500,473,187,114,73
SL050,34022222018,363,340,180,160,23,14,9
SL050,34022222019,201,195,99,96,6,2,4
SL050,34022222020,127,121,62,59,6,4,2
SL050,34022222021,2394,2274,1169,1105,120,59,61
SL050,34022222022,654,627,326,301,27,12,15
SL050,34022222023,471,443,223,220,28,13,15
SL050,34022222024,296,242,132,110,54,26,28
SL050,34022222025,1409,1212,615,597,197,128,69
SL050,34022222027,367,341,182,159,26,14,12
SL050,34022222028,431,424,214,210,7,3,4
SL050,34022222029,149,143,74,69,6,1,5
SL050,34022222032,116,115,64,51,1,0,1
SL050,34022222035,318,244,127,117,74,46,28
SL050,34022222036,96,94,56,38,2,0,2
SL050,34022222037,129,127,69,58,2,1,1
SL050,34022222039,1041,975,486,489,66,30,36
SL050,34022222040,176,170,81,89,6,2,4
SL050,34022222041,174,170,83,87,4,2,2
SL050,34022222042,153,143,66,77,10,4,6
SL050,34022222043,104,102,58,44,2,1,1
SL050,34022222044,279,269,161,108,10,5,5
SL050,34022222045,77,77,44,33,0,0,0
SL050,34022222046,823,790,402,388,33,22,11
SL050,34022222047,292,289,153,136,3,0,3
SL050,34022222048,16944,15328,7433,7895,1616,803,813
SL050,34022222049,77,76,43,33,1,1,0
SL050,34022222050,95,92,48,44,3,1,2
SL050,34022222051,105,94,53,41,11,6,5
SL050,34022222052,1292,1066,564,502,226,169,57
SL050,34022222053,1107,926,478,448,181,91,90
SL050,34022222054,2157,1934,1047,887,223,103,120
SL050,34022222055,345,326,169,157,19,8,11
SL050,34022222057,476,431,236,195,45,18,27
SL050,34022222058,231,207,120,87,24,10,14
SL050,34022222059,1479,1361,719,642,118,57,61
SL050,34022222060,1555,1381,694,687,174,134,40
SL050,34022222061,9435,8059,4097,3962,1376,838,538
SL050,34022222062,181,178,98,80,3,0,3
SL050,34022222063,189,176,94,82,13,8,5
SL050,34022222064,183,177,99,78,6,5,1
SL050,34022222066,986,875,479,396,111,55,56
SL050,34022222067,86,82,47,35,4,3,1
SL050,34022222068,80,74,46,28,6,2,4
SL050,34022222069,531,488,275,213,43,26,17
SL050,34022222072,218,211,126,85,7,3,4
SL050,34022222074,323,302,158,144,21,13,8
SL050,34022222075,137,131,69,62,6,3,3
SL050,34022222076,321,308,173,135,13,5,8
SL050,34022222077,317,317,168,149,0,0,0
SL050,34022222078,532,513,283,230,19,11,8
SL050,34022222079,174,121,68,53,53,9,44
SL050,34022222080,354,298,157,141,56,29,27
SL050,34022222081,269,256,141,115,13,4,9
SL050,34022222082,315,310,162,148,5,2,3
SL050,34022222083,531,495,264,231,36,20,16
SL050,34022222084,753,678,348,330,75,39,36
SL050,34022222085,108,103,56,47,5,2,3
SL050,34022222086,267,257,137,120,10,3,7
SL050,34022222087,86,75,46,29,11,5,6
SL050,34022222088,169,166,83,83,3,2,1
SL050,34022222089,312,299,159,140,13,8,5
SL050,34022222090,114,95,56,39,19,8,11
SL050,34022222094,108,104,54,50,4,1,3
SL050,34022222095,86,83,52,31,3,2,1
SL050,34022222096,391,385,197,188,6,3,3
SL050,34022222099,541,512,249,263,29,17,12
SL050,34022222102,204,191,111,80,13,6,7
SL050,34022222103,794,761,371,390,33,12,21
SL050,34022222105,126,119,66,53,7,3,4
SL050,34022222106,23,23,12,11,0,0,0
SL050,34022222107,97,94,61,33,3,0,3
SL050,34022222109,327,300,169,131,27,13,14
SL050,34022222110,870,809,401,408,61,31,30
SL050,34022222111,173,160,87,73,13,5,8
SL050,34022222112,14979,11676,5798,5878,3303,1796,1507
SL050,34022222113,597,564,295,269,33,19,14
SL050,34022222114,149,148,80,68,1,1,0
SL050,34022222115,426,395,216,179,31,12,19
SL050,34022222116,1753,1552,805,747,201,102,99
SL050,34022222117,3305,2834,1388,1446,471,229,242
SL050,34022222119,1476,1401,722,679,75,33,42
SL050,34022222122,76,76,37,39,0,0,0
SL050,34022222124,218,207,110,97,11,8,3
SL050,34022222125,52463,47856,22755,25101,4607,2268,2339
SL050,34022222126,97,93,53,40,4,2,2
SL050,34022222127,705,682,355,327,23,11,12
SL050,34022222128,212,196,100,96,16,10,6
SL050,34022222129,238,180,94,86,58,32,26
SL050,34022222130,12813,12083,5985,6098,730,317,413
SL050,34022222131,92,91,53,38,1,0,1
SL050,34022222133,162,134,78,56,28,13,15
SL050,34022222135,194,191,103,88,3,0,3
SL050,34022222136,913,842,443,399,71,32,39
SL050,34022222137,1202,1135,597,538,67,40,27
SL050,34022222139,91,84,43,41,7,5,2
SL050,34022222141,126,125,80,45,1,0,1
SL050,34022222142,136,118,60,58,18,10,8
SL050,34022222143,230,212,127,85,18,7,11
SL050,34022222144,291,284,156,128,7,4,3
SL050,34022222149,331,324,179,145,7,5,2
SL050,34022222150,522,508,288,220,14,8,6
SL050,34022222151,106,106,52,54,0,0,0
SL050,34022222155,73,68,36,32,5,3,2
SL050,34022222156,403,360,198,162,43,22,21
SL050,34022222157,215,202,118,84,13,3,10
SL050,34022222158,17061,14702,7387,7315,2359,1227,1132
SL050,34022222160,269,244,125,119,25,16,9
SL050,34022222162,155,133,65,68,22,10,12
SL050,34022222163,532,509,278,231,23,14,9
SL050,34022222164,50,49,24,25,1,0,1
SL050,34022222165,533,511,260,251,22,9,13
SL050,34022222167,687,532,274,258,155,103,52
SL050,34022222168,27,26,14,12,1,0,1
SL050,34022222170,786,759,386,373,27,18,9
SL050,34022222172,622,573,290,283,49,25,24
SL050,34022222173,251,238,152,86,13,6,7
SL050,34022222174,562,513,270,243,49,25,24
SL050,34022222175,219,202,117,85,17,8,9
SL050,34022222176,199,193,98,95,6,1,5
SL050,34022222177,109,102,55,47,7,3,4
SL050,34022222178,110,103,60,43,7,3,4
SL050,34022222181,98,94,53,41,4,1,3
SL050,34022222182,287,276,141,135,11,4,7
SL050,34022222184,200,193,107,86,7,1,6
SL050,34022222186,218,217,103,114,1,1,0
SL050,34022222187,372,343,170,173,29,15,14
SL050,34022222188,93,81,36,45,12,4,8
SL050,34022222189,215,208,118,90,7,3,4
SL050,34022222190,154,145,82,63,9,7,2
SL050,34022222193,314,302,153,149,12,5,7
SL050,34022222195,283,280,137,143,3,1,2
SL050,34022222197,541,503,251,252,38,23,15
SL050,34022222199,9245,8245,4108,4137,1000,513,487
SL050,34022222200,294,282,148,134,12,5,7
SL050,34022222201,308,296,153,143,12,6,6
SL050,34022222202,167,157,72,85,10,9,1
SL050,34022222203,96,84,47,37,12,7,5
SL050,34022222204,1463,1333,660,673,130,68,62
SL050,34022222205,506,483,247,236,23,10,13
SL050,34022222206,219,192,102,90,27,16,11
SL050,34022222207,152,148,85,63,4,1,3
SL050,34022222208,231,228,121,107,3,3,0
SL050,34022222209,180,174,104,70,6,5,1
SL050,34022222212,81,77,42,35,4,1,3
SL050,34022222213,4168,3475,1777,1698,693,390,303
SL050,34022222214,146,136,62,74,10,5,5
SL050,34022222215,150,142,79,63,8,4,4
SL050,34022222217,489,426,225,201,63,36,27
SL050,34022222218,41,41,20,21,0,0,0
SL050,34022222220,167,165,93,72,2,1,1
SL050,34022222221,127,124,68,56,3,0,3
SL050,34022222222,664,627,349,278,37,17,20
SL050,34022222223,94,85,47,38,9,3,6
SL050,34022222225,3528,3107,1552,1555,421,267,154
SL050,34022222226,952,888,438,450,64,36,28
SL050,34022222227,226,202,119,83,24,7,17
SL050,34022222228,758,731,364,367,27,14,13
SL050,34022222229,123,115,62,53,8,5,3
SL050,34022222230,298,293,152,141,5,3,2
SL050,34022222232,103,94,52,42,9,5,4
SL050,34022222233,102,93,52,41,9,2,7
SL050,34022222234,1148,837,402,435,311,175,136
SL050,34022222235,92,92,56,36,0,0,0
SL050,34022222236,266,255,130,125,11,4,7
SL050,34022222239,99,93,58,35,6,4,2
SL050,34022222242,69,68,43,25,1,0,1
SL050,34022222243,34,34,20,14,0,0,0
SL050,34022222244,46,46,23,23,0,0,0
SL050,34022222245,463,352,178,174,111,66,45
SL050,34022222246,78,72,43,29,6,3,3
SL050,34022222247,36,31,20,11,5,4,1
SL050,34022222248,116,116,68,48,0,0,0
SL050,34022222249,159,153,78,75,6,1,5
SL050,34022222250,447,401,211,190,46,26,20
SL050,34022222251,394,375,193,182,19,6,13
SL050,34022222252,147,142,83,59,5,2,3
SL050,34022222253,60,58,36,22,2,0,2
SL050,34022222254,1774,1271,641,630,503,298,205
SL050,34022222901,839,809,431,378,30,11,19
SL050,34022222902,260,237,120,117,23,10,13
SL050,34022222903,813,731,378,353,82,41,41
SL050,34022222904,894,851,448,403,43,24,19
SL050,34022222905,341,318,162,156,23,9,14
SL050,34022222906,208,197,107,90,11,5,6
SL050,34022222907,2151,1714,857,857,437,227,210
SL050,34022222908,226,210,121,89,16,10,6
SL050,34022222909,399,374,195,179,25,15,10
SL050,34012323001,1027,1015,530,485,12,6,6
SL050,34012323002,21708,20895,10262,10633,813,416,397
SL050,34012323003,10558,10268,5039,5229,290,154,136
SL050,34012323004,501,487,263,224,14,7,7
SL050,34012323005,37113,36532,17912,18620,581,267,314
SL050,34012323006,5595,5548,2738,2810,47,18,29
SL050,34012323007,3610,3582,1803,1779,28,17,11
SL050,34012323008,1767,1743,865,878,24,19,5
SL050,34012323009,15902,15397,7637,7760,505,261,244
SL050,34012323010,17820,17512,8674,8838,308,168,140
SL050,34012323011,2611,2592,1332,1260,19,11,8
SL050,34012323012,5191,4869,2469,2400,322,231,91
SL050,34012323014,3075,3044,1539,1505,31,11,20
SL050,34012323015,1567,1539,773,766,28,16,12
SL050,34012323016,457,436,228,208,21,10,11
SL050,34012323017,1840,1813,948,865,27,17,10
SL050,34012323018,2739,2677,1387,1290,62,40,22
SL050,34012323019,1784,1733,884,849,51,35,16
SL050,34012323020,1882,1787,887,900,95,76,19
SL050,34012323021,606,601,310,291,5,3,2
SL050,34012323024,15306,15103,7472,7631,203,97,106
SL050,34012323025,3364,3311,1670,1641,53,27,26
SL050,34012323026,4120,3919,1935,1984,201,103,98
SL050,34012323027,829,820,406,414,9,4,5
SL050,34012323028,7574,7378,3570,3808,196,120,76
SL050,34012323029,962,905,444,461,57,47,10
SL050,34012323030,1459,1429,689,740,30,15,15
SL050,34012323031,949,928,460,468,21,12,9
SL050,34012323032,643,636,313,323,7,4,3
SL050,34012323033,1592,1533,769,764,59,30,29
SL050,34012323034,3086,2961,1460,1501,125,71,54
SL050,34012323035,1387,1330,676,654,57,39,18
SL050,34012323037,614,585,312,273,29,20,9
SL050,34012323038,4965,4920,2508,2412,45,19,26
SL050,34012323039,2779,2697,1350,1347,82,45,37
SL050,34012323040,1742,1728,845,883,14,7,7
SL050,34012323041,616,592,313,279,24,16,8
SL050,34012323042,335,318,167,151,17,8,9
SL050,34012323043,620,616,310,306,4,2,2
SL050,34012323044,5845,5738,2848,2890,107,57,50
SL050,34012323045,2527,2481,1255,1226,46,15,31
SL050,34012323046,2884,2768,1384,1384,116,64,52
SL050,34012323047,1935,1888,935,953,47,29,18
SL050,34012323048,995,973,495,478,22,19,3
SL050,34012323049,2070,2057,1035,1022,13,7,6
SL050,34012323050,113457,110945,53184,57761,2512,1349,1163
SL050,34012323051,3327,3301,1674,1627,26,10,16
SL050,34012323052,1286,1273,616,657,13,6,7
SL050,34012323053,11805,11725,5834,5891,80,43,37
SL050,34012323054,482,477,243,234,5,1,4
SL050,34012323055,57811,56481,27614,28867,1330,665,665
SL050,34012323056,3673,3625,1827,1798,48,22,26
SL050,34012323057,852,843,409,434,9,6,3
SL050,34012323058,11322,11015,5466,5549,307,161,146
SL050,34012323059,6877,6767,3374,3393,110,55,55
SL050,34012323060,24207,23217,11521,11696,990,485,505
SL050,34012323061,9927,9762,4855,4907,165,86,79
SL050,34012323062,1716,1653,835,818,63,47,16
SL050,34012323063,4555,4520,2263,2257,35,17,18
SL050,34012323064,1948,1901,953,948,47,30,17
SL050,34012323065,1835,1803,908,895,32,20,12
SL050,34012323066,5277,5129,2523,2606,148,84,64
SL050,34012323067,2916,2874,1442,1432,42,22,20
SL050,34012323069,6283,6084,3052,3032,199,119,80
SL050,34012323070,4708,4570,2312,2258,138,79,59
SL050,34012323071,2179,2101,1046,1055,78,45,33
SL050,34012323072,2339,2265,1117,1148,74,46,28
SL050,34012323073,5303,5187,2622,2565,116,67,49
SL050,34012323074,3580,3529,1802,1727,51,26,25
SL050,34012323075,3958,3925,1937,1988,33,16,17
SL050,34012323076,913,906,480,426,7,3,4
SL050,34012323077,697,673,350,323,24,17,7
SL050,34012323079,4520,4408,2250,2158,112,74,38
SL050,34012323080,2154,2054,1025,1029,100,54,46
SL050,34012323081,1782,1738,850,888,44,26,18
SL050,34012323082,2262,2219,1114,1105,43,20,23
SL050,34012323084,1124,1055,542,513,69,41,28
SL050,34012323085,2564,2548,1289,1259,16,8,8
SL050,34012323086,14335,14032,7008,7024,303,160,143
SL050,34012323087,13731,13497,6623,6874,234,124,110
SL050,34012323088,7286,7190,3514,3676,96,40,56
SL050,34012323090,1434,1411,702,709,23,18,5
SL050,34012323091,804,794,412,382,10,5,5
SL050,34012323092,34602,33749,16532,17217,853,428,425
SL050,34012323093,3799,3708,1833,1875,91,42,49
SL050,34012323094,4519,4403,2207,2196,116,67,49
SL050,34012323095,10795,10386,5155,5231,409,262,147
SL050,34012323096,3146,3058,1538,1520,88,44,44
SL050,34012323097,8301,7766,3911,3855,535,353,182
SL050,34012323098,966,939,469,470,27,21,6
SL050,34012323099,5980,5922,2961,2961,58,30,28
SL050,34012323101,416,401,213,188,15,8,7
SL050,34012323901,1373,1337,691,646,36,26,10
SL050,34012323902,2682,2672,1338,1334,10,4,6
SL050,34012323903,4357,4240,2154,2086,117,61,56
SL050,34012323904,3060,3034,1557,1477,26,16,10
SL050,34012323905,2323,2177,1088,1089,146,94,52
SL050,34072424001,202,202,117,85,0,0,0
SL050,34072424002,286,255,128,127,31,17,14
SL050,34072424003,671,655,331,324,16,7,9
SL050,34072424004,558,518,295,223,40,26,14
SL050,34072424005,377,373,217,156,4,3,1
SL050,34072424006,533,508,280,228,25,12,13
SL050,34072424007,802,777,390,387,25,13,12
SL050,34072424008,11029,10626,5021,5605,403,183,220
SL050,34072424009,308,308,166,142,0,0,0
SL050,34072424010,10307,9824,4738,5086,483,238,245
SL050,34072424011,194,194,108,86,0,0,0
SL050,34072424012,313,312,177,135,1,1,0
SL050,34072424014,8979,8324,4015,4309,655,357,298
SL050,34072424015,2497,2461,1214,1247,36,14,22
SL050,34072424016,489,478,273,205,11,6,5
SL050,34072424017,580,580,297,283,0,0,0
SL050,34072424018,193,187,96,91,6,1,5
SL050,34072424019,360,357,167,190,3,2,1
SL050,34072424020,475,465,276,189,10,5,5
SL050,34072424021,1850,1792,915,877,58,27,31
SL050,34072424022,319,316,167,149,3,2,1
SL050,34072424023,287,268,148,120,19,6,13
SL050,34072424024,733,709,379,330,24,9,15
SL050,34072424025,304,303,176,127,1,1,0
SL050,34072424026,1184,1169,602,567,15,8,7
SL050,34072424027,1330,1312,681,631,18,7,11
SL050,34072424028,412,403,218,185,9,8,1
SL050,34072424029,775,748,391,357,27,13,14
SL050,34072424030,5132,4932,2455,2477,200,96,104
SL050,34072424031,231,228,133,95,3,1,2
SL050,34072424032,123,118,54,64,5,1,4
SL050,34072424033,203,201,111,90,2,1,1
SL050,34072424034,4062,3982,1988,1994,80,30,50
SL050,34072424036,273,270,148,122,3,1,2
SL050,34072424037,357,353,194,159,4,3,1
SL050,34072424038,3472,3364,1671,1693,108,57,51
SL050,34072424039,2269,2178,1101,1077,91,45,46
SL050,34072424040,465,457,247,210,8,3,5
SL050,34072424041,557,550,280,270,7,3,4
SL050,34072424042,65,62,37,25,3,1,2
SL050,34072424043,122,122,71,51,0,0,0
SL050,34072424044,164,162,72,90,2,0,2
SL050,34072424046,979,975,503,472,4,1,3
SL050,34072424047,794,782,416,366,12,7,5
SL050,34072424049,1658,1604,821,783,54,30,24
SL050,34072424050,113,113,59,54,0,0,0
SL050,34072424051,426,421,219,202,5,2,3
SL050,34072424052,153,149,94,55,4,0,4
SL050,34072424053,461,449,245,204,12,6,6
SL050,34072424054,472,461,238,223,11,6,5
SL050,34072424055,740,731,392,339,9,4,5
SL050,34072424056,3150,3066,1513,1553,84,42,42
SL050,34072424057,1533,1476,742,734,57,25,32
SL050,34072424058,209,200,114,86,9,5,4
SL050,34072424059,914,868,445,423,46,23,23
SL050,34072424060,544,539,288,251,5,2,3
SL050,34072424061,2018,1991,1018,973,27,9,18
SL050,34072424062,147,145,83,62,2,1,1
SL050,34072424063,404,386,206,180,18,8,10
SL050,34072424064,1839,1793,948,845,46,25,21
SL050,34072424065,2564,2500,1317,1183,64,27,37
SL050,34072424066,495,485,233,252,10,2,8
SL050,34072424067,686,652,343,309,34,15,19
SL050,34072424068,462,460,240,220,2,1,1
SL050,34072424069,42,40,23,17,2,1,1
SL050,34072424070,4551,4424,2168,2256,127,62,65
SL050,34072424071,1108,1090,532,558,18,7,11
SL050,34072424073,500,480,244,236,20,14,6
SL050,34072424074,95,85,45,40,10,4,6
SL050,34072424076,1475,1439,791,648,36,16,20
SL050,34072424077,244,234,115,119,10,4,6
SL050,34072424078,406,361,177,184,45,29,16
SL050,34072424079,944,916,500,416,28,14,14
SL050,34072424080,223,216,106,110,7,2,5
SL050,34072424081,128,127,66,61,1,0,1
SL050,34072424082,987,957,486,471,30,11,19
SL050,34072424083,1142,1071,551,520,71,42,29
SL050,34072424084,174,165,82,83,9,4,5
SL050,34072424086,298,283,152,131,15,7,8
SL050,34072424087,666,651,348,303,15,8,7
SL050,34072424088,1066,1053,545,508,13,4,9
SL050,34072424089,124772,118027,53210,64817,6745,3326,3419
SL050,34072424090,383,370,193,177,13,8,5
SL050,34072424091,645,634,336,298,11,5,6
SL050,34072424092,831,813,425,388,18,7,11
SL050,34072424093,362,355,184,171,7,3,4
SL050,34072424094,1743,1534,773,761,209,102,107
SL050,34072424095,333,332,179,153,1,0,1
SL050,34072424096,118,115,68,47,3,2,1
SL050,34072424097,232,221,118,103,11,5,6
SL050,34072424098,1306,1282,670,612,24,17,7
SL050,34072424099,175,172,91,81,3,1,2
SL050,34072424100,872,846,471,375,26,9,17
SL050,34072424101,395,394,195,199,1,1,0
SL050,34072424102,680,671,342,329,9,2,7
SL050,34072424103,278,277,163,114,1,1,0
SL050,34072424104,271,259,141,118,12,6,6
SL050,34072424105,1835,1774,912,862,61,33,28
SL050,34072424106,240,237,137,100,3,1,2
SL050,34072424107,279,237,147,90,42,22,20
SL050,34072424108,382,372,180,192,10,5,5
SL050,34072424109,989,978,521,457,11,5,6
SL050,34072424110,1293,1270,650,620,23,12,11
SL050,34072424112,317,316,184,132,1,1,0
SL050,34072424113,382,378,196,182,4,1,3
SL050,34072424114,3325,3192,1601,1591,133,88,45
SL050,34072424115,65239,62812,29872,32940,2427,1149,1278
SL050,34072424116,433,429,251,178,4,2,2
SL050,34072424117,439,439,221,218,0,0,0
SL050,34072424118,122,118,67,51,4,1,3
SL050,34072424119,793,767,390,377,26,14,12
SL050,34072424120,355,351,204,147,4,1,3
SL050,34072424121,671,662,378,284,9,1,8
SL050,34072424122,1511,1456,764,692,55,25,30
SL050,34072424123,748,739,414,325,9,1,8
SL050,34072424124,381,380,207,173,1,1,0
SL050,34072424125,354,354,178,176,0,0,0
SL050,34072424127,293,292,159,133,1,0,1
SL050,34072424129,123,123,67,56,0,0,0
SL050,34072424130,474,465,272,193,9,5,4
SL050,34072424131,772,757,401,356,15,9,6
SL050,34072424132,622,613,349,264,9,3,6
SL050,34072424133,379,377,208,169,2,1,1
SL050,34072424134,3884,3765,1864,1901,119,71,48
SL050,34072424136,550,544,274,270,6,4,2
SL050,34072424137,1161,1136,576,560,25,13,12
SL050,34072424139,2517,2350,1157,1193,167,80,87
SL050,34072424141,106,100,57,43,6,2,4
SL050,34072424142,30820,29780,14228,15552,1040,520,520
SL050,34072424143,561,551,273,278,10,5,5
SL050,34072424144,716,705,359,346,11,6,5
SL050,34072424145,665,664,361,303,1,1,0
SL050,34072424146,261,259,134,125,2,0,2
SL050,34072424148,1875,1851,954,897,24,10,14
SL050,34072424149,168,159,83,76,9,5,4
SL050,34072424150,237,233,125,108,4,3,1
SL050,34072424151,490,477,254,223,13,7,6
SL050,34072424152,504,487,264,223,17,9,8
SL050,34072424153,273,246,127,119,27,15,12
SL050,34072424154,1092,1061,552,509,31,16,15
SL050,34072424155,492,484,252,232,8,5,3
SL050,34072424156,233,231,129,102,2,0,2
SL050,34072424157,3096,2930,1449,1481,166,72,94
SL050,34072424158,326,320,167,153,6,3,3
SL050,34072424159,1939,1913,958,955,26,9,17
SL050,34072424160,757,713,382,331,44,19,25
SL050,34072424161,334,321,181,140,13,5,8
SL050,34072424162,2108,2067,1050,1017,41,18,23
SL050,34072424163,5040,4918,2447,2471,122,64,58
SL050,34072424164,385,384,190,194,1,1,0
SL050,34072424165,324,321,161,160,3,1,2
SL050,34072424166,1557,1538,805,733,19,8,11
SL050,34072424167,801,791,410,381,10,4,6
SL050,34072424168,508,472,257,215,36,19,17
SL050,34072424169,3157,3120,1549,1571,37,20,17
SL050,34072424170,2162,1995,1020,975,167,82,85
SL050,34072424171,353,347,197,150,6,2,4
SL050,34072424172,413,409,213,196,4,0,4
SL050,34072424173,1005,994,505,489,11,5,6
SL050,34072424174,503,487,259,228,16,8,8
SL050,34072424175,2177,2114,1091,1023,63,26,37
SL050,34072424176,335,332,176,156,3,0,3
SL050,34072424177,509,505,286,219,4,3,1
SL050,34072424178,73,70,32,38,3,1,2
SL050,34072424179,337,317,186,131,20,10,10
SL050,34072424180,1224,1185,636,549,39,16,23
SL050,34072424181,1661,1617,829,788,44,25,19
SL050,34072424182,436,427,213,214,9,1,8
SL050,34072424183,853,830,435,395,23,10,13
SL050,34072424184,196,187,107,80,9,2,7
SL050,34072424185,515,496,245,251,19,11,8
SL050,34072424187,1003,912,467,445,91,61,30
SL050,34072424188,5302,4555,2222,2333,747,371,376
SL050,34072424189,7294,7127,3704,3423,167,64,103
SL050,34072424190,159,158,80,78,1,1,0
SL050,34072424191,124,120,73,47,4,3,1
SL050,34072424193,393,389,208,181,4,1,3
SL050,34072424194,284,280,145,135,4,2,2
SL050,34072424196,2137,2121,1075,1046,16,5,11
SL050,34072424197,854,833,425,408,21,9,12
SL050,34072424198,604,584,303,281,20,11,9
SL050,34072424199,437,430,236,194,7,5,2
SL050,34072424201,1117,1099,640,459,18,10,8
SL050,34072424202,8919,8639,4237,4402,280,146,134
SL050,34072424203,93,93,55,38,0,0,0
SL050,34072424205,1094,1068,554,514,26,8,18
SL050,34072424206,1887,1798,876,922,89,52,37
SL050,34072424207,336,295,160,135,41,23,18
SL050,34072424209,2974,2858,1381,1477,116,49,67
SL050,34072424210,588,532,288,244,56,31,25
SL050,34072424211,308,296,164,132,12,6,6
SL050,34072424212,1155,1094,530,564,61,36,25
SL050,34072424213,152,150,86,64,2,1,1
SL050,34072424214,696,688,365,323,8,5,3
SL050,34072424215,162,159,80,79,3,2,1
SL050,34072424216,736,728,385,343,8,1,7
SL050,34072424217,158,144,81,63,14,9,5
SL050,34072424218,485,475,251,224,10,5,5
SL050,34072424219,563,555,301,254,8,6,2
SL050,34072424221,896,870,436,434,26,19,7
SL050,34072424222,18676,18203,9022,9181,473,201,272
SL050,34072424223,3001,2880,1408,1472,121,62,59
SL050,34072424224,615,598,316,282,17,7,10
SL050,34072424225,1135,1103,582,521,32,19,13
SL050,34072424226,196,192,109,83,4,2,2
SL050,34072424227,1877,1805,945,860,72,36,36
SL050,34072424228,673,661,350,311,12,8,4
SL050,34072424229,429,423,246,177,6,4,2
SL050,34072424230,439,429,239,190,10,3,7
SL050,34072424901,936,919,473,446,17,7,10
SL050,34072424902,371,356,178,178,15,7,8
SL050,34092525001,181,162,89,73,19,10,9
SL050,34092525002,611,527,292,235,84,32,52
SL050,34092525003,5393,4505,2245,2260,888,455,433
SL050,34092525004,796,686,357,329,110,64,46
SL050,34092525005,342,333,169,164,9,5,4
SL050,34092525006,375,368,195,173,7,4,3
SL050,34092525007,2335,1781,905,876,554,300,254
SL050,34092525008,1576,1321,694,627,255,168,87
SL050,34092525009,762,709,364,345,53,29,24
SL050,34092525010,232,230,116,114,2,2,0
SL050,34092525011,9422,6640,3366,3274,2782,1510,1272
SL050,34092525012,3419,2979,1526,1453,440,246,194
SL050,34092525013,2822,2508,1263,1245,314,217,97
SL050,34092525014,313,283,152,131,30,11,19
SL050,34092525015,399,382,207,175,17,9,8
SL050,34092525016,2937,2503,1269,1234,434,283,151
SL050,34092525017,290,273,146,127,17,7,10
SL050,34092525019,6789,5505,2764,2741,1284,790,494
SL050,34092525020,314,289,162,127,25,12,13
SL050,34092525021,3453,3050,1553,1497,403,271,132
SL050,34092525022,131,120,70,50,11,7,4
SL050,34092525023,6230,5817,2894,2923,413,235,178
SL050,34092525024,406,391,220,171,15,8,7
SL050,34092525025,1790,1660,873,787,130,55,75
SL050,34092525027,1328,1170,579,591,158,91,67
SL050,34092525029,2162,1871,947,924,291,154,137
SL050,34092525030,171,155,92,63,16,5,11
SL050,34092525031,63,61,39,22,2,1,1
SL050,34092525032,85,84,48,36,1,0,1
SL050,34092525033,1538,1360,698,662,178,106,72
SL050,34092525034,3447,2753,1401,1352,694,369,325
SL050,34092525035,427,424,221,203,3,2,1
SL050,34092525036,217,208,104,104,9,5,4
SL050,34092525037,455,424,249,175,31,12,19
SL050,34092525038,2545,1786,907,879,759,421,338
SL050,34092525039,330,302,161,141,28,14,14
SL050,34092525040,16841,13214,6436,6778,3627,2083,1544
SL050,34092525041,939,646,328,318,293,177,116
SL050,34092525042,231,224,118,106,7,3,4
SL050,34092525043,1022,941,511,430,81,35,46
SL050,34092525044,231,210,104,106,21,9,12
SL050,34092525045,64,60,31,29,4,3,1
SL050,34092525046,525,470,232,238,55,33,22
SL050,34092525047,1252,1170,582,588,82,52,30
SL050,34092525048,2289,1997,977,1020,292,152,140
SL050,34092525049,193,187,91,96,6,3,3
SL050,34092525050,5060,3935,1945,1990,1125,690,435
SL050,34092525051,1979,1842,948,894,137,73,64
SL050,34092525052,2266,1851,915,936,415,234,181
SL050,34092525053,1468,1342,683,659,126,85,41
SL050,34092525055,181,177,96,81,4,1,3
SL050,34092525056,257,243,126,117,14,13,1
SL050,34092525057,266,257,141,116,9,4,5
SL050,34092525058,6002,5231,2642,2589,771,412,359
SL050,34092525059,1110,996,488,508,114,56,58
SL050,34092525060,76,74,32,42,2,1,1
SL050,34092525061,97,92,50,42,5,2,3
SL050,34092525062,842,809,413,396,33,19,14
SL050,34092525063,84,81,46,35,3,2,1
SL050,34092525064,137,134,69,65,3,1,2
SL050,34092525067,931,816,430,386,115,72,43
SL050,34092525068,687,630,326,304,57,35,22
SL050,34092525069,538,497,265,232,41,25,16
SL050,34092525070,1000,936,459,477,64,37,27
SL050,34092525071,46,44,27,17,2,1,1
SL050,34092525072,9066,7256,3596,3660,1810,998,812
SL050,34092525073,648,632,335,297,16,10,6
SL050,34092525074,206,202,108,94,4,1,3
SL050,34092525075,147,146,74,72,1,0,1
SL050,34092525076,161,152,83,69,9,5,4
SL050,34092525077,549,507,265,242,42,19,23
SL050,34092525078,1431,1249,634,615,182,143,39
SL050,34092525079,358,320,167,153,38,17,21
SL050,34092525081,357,334,166,168,23,15,8
SL050,34092525082,352,325,176,149,27,14,13
SL050,34092525085,160,160,85,75,0,0,0
SL050,34092525086,756,600,292,308,156,71,85
SL050,34092525087,69,65,34,31,4,2,2
SL050,34092525088,119,117,68,49,2,1,1
SL050,34092525089,122,111,64,47,11,5,6
SL050,34092525092,154,146,80,66,8,3,5
SL050,34092525093,792,757,372,385,35,16,19
SL050,34092525094,173,154,95,59,19,8,11
SL050,34092525096,1217,1065,524,541,152,82,70
SL050,34092525097,84,84,43,41,0,0,0
SL050,34092525098,274,263,129,134,11,4,7
SL050,34092525099,1864,1638,817,821,226,120,106
SL050,34092525100,209,206,118,88,3,2,1
SL050,34092525101,728,624,330,294,104,58,46
SL050,34092525102,956,746,382,364,210,137,73
SL050,34092525103,140,139,78,61,1,1,0
SL050,34092525104,147,146,75,71,1,1,0
SL050,34092525105,144,122,71,51,22,16,6
SL050,34092525109,270,233,126,107,37,20,17
SL050,34092525110,7034,3458,1759,1699,3576,1987,1589
SL050,34092525111,138,131,84,47,7,4,3
SL050,34092525112,337,314,154,160,23,20,3
SL050,34092525113,1557,1329,648,681,228,169,59
SL050,34092525114,104,101,56,45,3,1,2
SL050,34092525115,1028,934,497,437,94,49,45
SL050,34092525118,393,365,192,173,28,19,9
SL050,34092525119,3409,2696,1369,1327,713,416,297
SL050,34092525120,137856,112855,54191,58664,25001,13879,11122
SL050,34092525121,954,772,391,381,182,89,93
SL050,34092525122,2660,2323,1164,1159,337,176,161
SL050,34092525123,227,221,107,114,6,4,2
SL050,34092525124,179,177,94,83,2,1,1
SL050,34092525125,460,443,230,213,17,9,8
SL050,34092525126,352,331,164,167,21,7,14
SL050,34092525127,255,251,143,108,4,3,1
SL050,34092525128,142,134,83,51,8,3,5
SL050,34092525129,195,195,107,88,0,0,0
SL050,34092525130,225,215,108,107,10,7,3
SL050,34092525131,585,439,216,223,146,118,28
SL050,34092525132,232,184,94,90,48,28,20
SL050,34092525133,931,779,402,377,152,109,43
SL050,34092525134,801,673,355,318,128,95,33
SL050,34092525135,1347,1241,625,616,106,51,55
SL050,34092525136,109,106,51,55,3,3,0
SL050,34092525137,14740,10787,5348,5439,3953,2195,1758
SL050,34092525138,635,621,318,303,14,9,5
SL050,34092525139,554,525,289,236,29,18,11
SL050,34092525140,1074,971,522,449,103,56,47
SL050,34092525141,190,181,99,82,9,6,3
SL050,34092525142,469,417,207,210,52,29,23
SL050,34092525143,98,97,45,52,1,1,0
SL050,34092525145,93,88,48,40,5,4,1
SL050,34092525146,291,281,138,143,10,9,1
SL050,34092525148,260,241,140,101,19,13,6
SL050,34092525149,1787,1563,789,774,224,111,113
SL050,34092525150,202,191,100,91,11,8,3
SL050,34092525151,961,931,491,440,30,17,13
SL050,34092525152,172,168,89,79,4,1,3
SL050,34092525153,212,210,112,98,2,2,0
SL050,34092525154,134,131,73,58,3,0,3
SL050,34092525155,792,719,360,359,73,36,37
SL050,34092525156,1009,971,491,480,38,21,17
SL050,34092525157,205,198,99,99,7,5,2
SL050,34092525158,2163,2003,997,1006,160,73,87
SL050,34092525161,428,408,210,198,20,10,10
SL050,34092525163,265,259,156,103,6,4,2
SL050,34092525164,462,424,244,180,38,22,16
SL050,34092525165,353,313,159,154,40,16,24
SL050,34092525166,203,194,113,81,9,6,3
SL050,34092525167,298,282,150,132,16,5,11
SL050,34092525168,626,569,293,276,57,32,25
SL050,34092525169,191,188,104,84,3,3,0
SL050,34092525170,301,291,156,135,10,4,6
SL050,34092525171,2939,2505,1226,1279,434,222,212
SL050,34092525172,2604,2139,1050,1089,465,249,216
SL050,34092525173,2216,1942,971,971,274,136,138
SL050,34092525174,703,453,252,201,250,147,103
SL050,34092525175,231,217,116,101,14,5,9
SL050,34092525176,385,363,189,174,22,9,13
SL050,34092525177,428,410,211,199,18,6,12
SL050,34092525179,224,204,100,104,20,9,11
SL050,34092525180,272,263,131,132,9,5,4
SL050,34092525181,231,187,101,86,44,30,14
SL050,34092525182,1363,1276,655,621,87,45,42
SL050,34092525183,663,613,313,300,50,25,25
SL050,34092525185,923,809,418,391,114,60,54
SL050,34092525186,261,248,124,124,13,6,7
SL050,34092525189,3130,2714,1341,1373,416,230,186
SL050,34092525190,324,292,160,132,32,14,18
SL050,34092525191,393,369,192,177,24,14,10
SL050,34092525192,1040,879,461,418,161,85,76
SL050,34092525193,934,864,422,442,70,35,35
SL050,34092525194,495,471,247,224,24,15,9
SL050,34092525196,129,116,70,46,13,8,5
SL050,34092525197,177,161,87,74,16,14,2
SL050,34092525200,361,356,194,162,5,4,1
SL050,34092525201,120,115,65,50,5,4,1
SL050,34092525202,139,121,68,53,18,12,6
SL050,34092525203,12041,10602,5120,5482,1439,714,725
SL050,34092525204,1889,1407,730,677,482,282,200
SL050,34092525205,733,693,369,324,40,16,24
SL050,34092525206,328,295,151,144,33,24,9
SL050,34092525207,9014,7776,3791,3985,1238,674,564
SL050,34092525208,399,389,208,181,10,7,3
SL050,34092525209,2164,1881,941,940,283,135,148
SL050,34092525210,1764,1359,680,679,405,246,159
SL050,34092525211,851,799,432,367,52,38,14
SL050,34092525212,355,255,129,126,100,79,21
SL050,34092525215,651,629,444,185,22,12,10
SL050,34092525216,247,242,138,104,5,4,1
SL050,34092525217,16795,13430,6588,6842,3365,1735,1630
SL050,34092525218,99,98,52,46,1,1,0
SL050,34092525219,183,173,95,78,10,5,5
SL050,34092525220,1383,1196,595,601,187,110,77
SL050,34092525221,134,131,66,65,3,0,3
SL050,34092525222,74,74,38,36,0,0,0
SL050,34092525223,1244,1067,533,534,177,91,86
SL050,34092525224,151,146,80,66,5,3,2
SL050,34092525225,879,641,337,304,238,136,102
SL050,34092525226,289,284,152,132,5,1,4
SL050,34092525227,747,707,360,347,40,19,21
SL050,34092525228,4630,4113,2106,2007,517,247,270
SL050,34092525230,2190,1854,930,924,336,194,142
SL050,34092525231,742,587,300,287,155,126,29
SL050,34092525232,2307,1580,797,783,727,398,329
SL050,34092525233,386,321,159,162,65,43,22
SL050,34092525234,5824,5017,2429,2588,807,418,389
SL050,34092525238,234,227,119,108,7,4,3
SL050,34092525239,803,702,360,342,101,58,43
SL050,34092525240,1884,1703,844,859,181,98,83
SL050,34092525242,905,819,389,430,86,45,41
SL050,34092525243,5493,4443,2273,2170,1050,514,536
SL050,34092525244,510,445,228,217,65,33,32
SL050,34092525245,536,481,260,221,55,21,34
SL050,34092525247,159,149,87,62,10,3,7
SL050,34092525248,1170,1065,510,555,105,72,33
SL050,34092525249,202,198,99,99,4,2,2
SL050,34092525250,395,372,213,159,23,12,11
SL050,34092525251,945,843,435,408,102,59,43
SL050,34092525252,717,676,341,335,41,17,24
SL050,34092525253,168,158,83,75,10,2,8
SL050,34092525254,1039,857,431,426,182,100,82
SL050,34092525255,482,455,239,216,27,13,14
SL050,34092525901,372,342,178,164,30,17,13
SL050,34092525902,648,621,324,297,27,13,14
SL050,34092525903,298,265,143,122,33,17,16
SL050,34092525904,165,162,88,74,3,3,0
SL050,34092525905,422,414,210,204,8,5,3
SL050,34092525906,272,233,133,100,39,18,21
SL050,34092525907,590,560,302,258,30,14,16
SL050,34092525908,253,245,137,108,8,4,4
SL050,34092525909,168,153,78,75,15,9,6
SL050,34092525910,118,106,58,48,12,8,4
SL050,34092525911,507,480,259,221,27,10,17
SL050,34092525912,1108,998,513,485,110,74,36
SL050,34092525913,94,93,54,39,1,1,0
SL050,34172626001,255,223,133,90,32,17,15
SL050,34172626002,1105,941,513,428,164,86,78
SL050,34172626003,470,436,216,220,34,17,17
SL050,34172626004,62,62,44,18,0,0,0
SL050,34172626005,3462,3022,1540,1482,440,222,218
SL050,34172626006,2433,2205,1124,1081,228,105,123
SL050,34172626007,644,560,284,276,84,54,30
SL050,34172626008,2732,2204,1123,1081,528,304,224
SL050,34172626009,502,446,238,208,56,31,25
SL050,34172626010,102,97,59,38,5,2,3
SL050,34172626011,9460,8617,4320,4297,843,443,400
SL050,34172626012,28,27,15,12,1,1,0
SL050,34172626013,434,398,221,177,36,16,20
SL050,34172626014,509,494,278,216,15,9,6
SL050,34172626015,226,202,104,98,24,13,11
SL050,34172626016,30,30,20,10,0,0,0
SL050,34172626017,426,407,202,205,19,8,11
SL050,34172626018,14815,12572,6229,6343,2243,1144,1099
SL050,34172626019,488,393,212,181,95,49,46
SL050,34172626020,754,525,282,243,229,117,112
SL050,34172626021,4469,3352,1690,1662,1117,528,589
SL050,34172626022,200,193,103,90,7,3,4
SL050,34172626023,502,465,235,230,37,21,16
SL050,34172626024,234,223,116,107,11,8,3
SL050,34172626025,86,86,53,33,0,0,0
SL050,34172626026,1590,1494,745,749,96,47,49
SL050,34172626027,159,151,96,55,8,5,3
SL050,34172626028,142,137,74,63,5,4,1
SL050,34172626029,39,37,20,17,2,1,1
SL050,34172626030,19,18,8,10,1,1,0
SL050,34172626031,104,102,52,50,2,1,1
SL050,34172626032,51,49,30,19,2,0,2
SL050,34172626033,201,200,89,111,1,0,1
SL050,34172626034,766,719,383,336,47,26,21
SL050,34172626035,20,20,14,6,0,0,0
SL050,34172626036,23923,20706,10144,10562,3217,1597,1620
SL050,34172626037,151,144,79,65,7,3,4
SL050,34172626038,85,83,56,27,2,1,1
SL050,34172626039,40,40,20,20,0,0,0
SL050,34172626040,97,76,41,35,21,10,11
SL050,34172626041,147,128,65,63,19,15,4
SL050,34172626042,1145,935,470,465,210,113,97
SL050,34172626043,424,399,192,207,25,12,13
SL050,34172626044,50,44,26,18,6,4,2
SL050,34172626045,12,12,5,7,0,0,0
SL050,34172626046,2036,1813,908,905,223,135,88
SL050,34172626047,2298,2144,1116,1028,154,77,77
SL050,34172626048,24,24,12,12,0,0,0
SL050,34172626049,197,186,100,86,11,6,5
SL050,34172626050,142,130,85,45,12,7,5
SL050,34172626051,273,255,155,100,18,7,11
SL050,34172626052,157,152,76,76,5,2,3
SL050,34172626053,252,221,120,101,31,12,19
SL050,34172626054,319,316,184,132,3,1,2
SL050,34172626055,39,39,23,16,0,0,0
SL050,34172626056,488,445,240,205,43,26,17
SL050,34172626057,47,47,32,15,0,0,0
SL050,34172626058,167,156,97,59,11,6,5
SL050,34172626059,1519,1356,708,648,163,92,71
SL050,34172626060,93,78,52,26,15,10,5
SL050,34172626061,2027,1764,921,843,263,124,139
SL050,34172626062,96,96,55,41,0,0,0
SL050,34172626063,134,123,79,44,11,6,5
SL050,34172626064,3108,2875,1440,1435,233,129,104
SL050,34172626065,50,45,30,15,5,2,3
SL050,34172626066,332,290,146,144,42,22,20
SL050,34172626067,18,18,12,6,0,0,0
SL050,34172626068,116,98,52,46,18,11,7
SL050,34172626069,255,242,140,102,13,6,7
SL050,34172626070,179,170,87,83,9,5,4
SL050,34172626071,11309,10428,5090,5338,881,453,428
SL050,34172626072,330,316,165,151,14,7,7
SL050,34172626073,110,99,56,43,11,4,7
SL050,34172626074,120,119,61,58,1,1,0
SL050,34172626075,440,386,214,172,54,22,32
SL050,34172626076,130,124,62,62,6,4,2
SL050,34172626077,18,18,8,10,0,0,0
SL050,34172626078,92,86,48,38,6,5,1
SL050,34172626079,818,711,389,322,107,54,53
SL050,34172626080,608,505,277,228,103,67,36
SL050,34172626081,18,15,8,7,3,2,1
SL050,34172626082,116,115,71,44,1,0,1
SL050,34172626083,293,278,153,125,15,8,7
SL050,34172626084,10193,8939,4558,4381,1254,566,688
SL050,34172626086,15,15,12,3,0,0,0
SL050,34172626087,238,202,105,97,36,18,18
SL050,34172626088,33,33,18,15,0,0,0
SL050,34172626089,151113,135049,64085,70964,16064,7775,8289
SL050,34172626091,168,165,109,56,3,2,1
SL050,34172626092,117,111,67,44,6,5,1
SL050,34172626093,55,52,40,12,3,1,2
SL050,34172626094,72,71,42,29,1,0,1
SL050,34172626095,93,91,48,43,2,1,1
SL050,34172626096,321,303,165,138,18,9,9
SL050,34172626098,108,101,56,45,7,5,2
SL050,34172626099,1654,1469,756,713,185,91,94
SL050,34172626100,59,56,33,23,3,1,2
SL050,34172626101,39,37,22,15,2,1,1
SL050,34172626102,8047,7224,3544,3680,823,404,419
SL050,34172626103,988,922,497,425,66,31,35
SL050,34172626104,15,13,10,3,2,0,2
SL050,34172626105,2952,2785,1419,1366,167,81,86
SL050,34172626106,86,86,48,38,0,0,0
SL050,34172626107,92,92,61,31,0,0,0
SL050,34172626108,282,272,169,103,10,4,6
SL050,34172626109,82,78,48,30,4,1,3
SL050,34172626110,175,155,94,61,20,11,9
SL050,34172626111,286,275,147,128,11,4,7
SL050,34172626112,246,244,144,100,2,1,1
SL050,34172626113,31,31,24,7,0,0,0
SL050,34172626114,76,76,53,23,0,0,0
SL050,34172626115,15,15,9,6,0,0,0
SL050,34172626117,3822,2527,1280,1247,1295,674,621
SL050,34172626118,71,68,35,33,3,1,2
SL050,34172626119,217,203,111,92,14,10,4
SL050,34172626120,2032,1678,887,791,354,178,176
SL050,34172626121,32,31,22,9,1,1,0
SL050,34172626122,130,118,61,57,12,6,6
SL050,34172626123,138,131,73,58,7,4,3
SL050,34172626124,961,907,485,422,54,18,36
SL050,34172626125,3722,3199,1618,1581,523,274,249
SL050,34172626126,29,29,19,10,0,0,0
SL050,34172626127,229,200,111,89,29,11,18
SL050,34172626128,130,121,59,62,9,6,3
SL050,34172626129,1124,1073,573,500,51,25,26
SL050,34172626130,222,209,139,70,13,10,3
SL050,34172626131,35,35,24,11,0,0,0
SL050,34172626132,142,120,70,50,22,15,7
SL050,34172626134,88,84,53,31,4,2,2
SL050,34172626135,154,150,96,54,4,3,1
SL050,34172626136,107,100,55,45,7,3,4
SL050,34172626138,6231,5427,2701,2726,804,422,382
SL050,34172626139,64,62,32,30,2,0,2
SL050,34172626140,288,275,146,129,13,7,6
SL050,34172626141,109,105,67,38,4,1,3
SL050,34172626142,1015,903,467,436,112,62,50
SL050,34172626143,296,263,157,106,33,10,23
SL050,34172626144,232,207,119,88,25,16,9
SL050,34172626145,297,268,150,118,29,17,12
SL050,34172626146,87,87,50,37,0,0,0
SL050,34172626147,30,30,16,14,0,0,0
SL050,34172626148,186,172,87,85,14,6,8
SL050,34172626149,47,47,28,19,0,0,0
SL050,34172626150,139,115,70,45,24,11,13
SL050,34172626151,464,440,245,195,24,8,16
SL050,34172626152,30,30,19,11,0,0,0
SL050,34172626153,10,10,8,2,0,0,0
SL050,34172626154,10,10,6,4,0,0,0
SL050,34172626155,168,161,87,74,7,4,3
SL050,34172626157,358,336,165,171,22,12,10
SL050,34172626158,359,276,146,130,83,49,34
SL050,34172626160,988,903,461,442,85,43,42
SL050,34172626161,8,8,5,3,0,0,0
SL050,34172626162,133,127,77,50,6,4,2
SL050,34172626163,169,166,87,79,3,0,3
SL050,34172626164,59,55,32,23,4,1,3
SL050,34172626165,390,374,211,163,16,9,7
SL050,34172626166,154,153,95,58,1,0,1
SL050,34172626167,67,60,39,21,7,5,2
SL050,34172626168,7973,7252,3696,3556,721,323,398
SL050,34172626169,72,72,40,32,0,0,0
SL050,34172626170,597,509,266,243,88,43,45
SL050,34172626171,163,160,97,63,3,1,2
SL050,34172626172,27,26,21,5,1,0,1
SL050,34172626173,5,5,3,2,0,0,0
SL050,34172626174,140,139,82,57,1,1,0
SL050,34172626175,48,47,30,17,1,1,0
SL050,34172626176,57,53,32,21,4,0,4
SL050,34172626177,325,319,198,121,6,1,5
SL050,34172626178,78,76,44,32,2,1,1
SL050,34172626179,42,42,29,13,0,0,0
SL050,34172626180,258,245,134,111,13,7,6
SL050,34172626181,14,14,10,4,0,0,0
SL050,34172626183,91,87,45,42,4,0,4
SL050,34122727001,2428,2411,1186,1225,17,9,8
SL050,34122727002,1757,1730,834,896,27,13,14
SL050,34122727003,2008,1962,962,1000,46,23,23
SL050,34122727004,1268,1249,658,591,19,14,5
SL050,34122727005,2941,2818,1348,1470,123,60,63
SL050,34122727006,2827,2699,1340,1359,128,82,46
SL050,34122727007,3037,2989,1506,1483,48,21,27
SL050,34122727008,1503,1469,752,717,34,25,9
SL050,34122727009,2235,2189,1098,1091,46,28,18
SL050,34122727010,5011,4871,2387,2484,140,81,59
SL050,34122727011,2675,2615,1343,1272,60,39,21
SL050,34122727012,1377,1371,786,585,6,2,4
SL050,34122727013,4227,4121,2020,2101,106,56,50
SL050,34122727014,3487,3459,1753,1706,28,15,13
SL050,34122727015,4596,4516,2185,2331,80,41,39
SL050,34122727016,8324,7976,3847,4129,348,177,171
SL050,34122727017,1018,1004,523,481,14,6,8
SL050,34122727018,3589,3534,1848,1686,55,19,36
SL050,34122727019,10002,9496,4619,4877,506,246,260
SL050,34122727020,3772,3702,1866,1836,70,37,33
SL050,34122727021,1841,1815,879,936,26,13,13
SL050,34122727022,5505,5298,2638,2660,207,101,106
SL050,34122727023,2718,2685,1372,1313,33,21,12
SL050,34122727024,1609,1575,787,788,34,19,15
SL050,34122727025,3314,3155,1533,1622,159,114,45
SL050,34122727026,2637,2560,1302,1258,77,36,41
SL050,34122727027,2181,2064,997,1067,117,62,55
SL050,34122727028,98025,93388,43278,50110,4637,2178,2459
SL050,34122727029,1711,1607,801,806,104,51,53
SL050,34122727030,3639,3578,1680,1898,61,32,29
SL050,34122727031,18599,17518,8273,9245,1081,554,527
SL050,34122727032,3667,3569,1779,1790,98,48,50
SL050,34122727033,636,633,313,320,3,1,2
SL050,34122727034,1103,1085,612,473,18,10,8
SL050,34122727035,218,199,101,98,19,11,8
SL050,34122727037,1114,1104,584,520,10,7,3
SL050,34122727038,1018,994,500,494,24,17,7
SL050,34122727039,5093,5023,2584,2439,70,40,30
SL050,34122727040,3414,3341,1691,1650,73,40,33
SL050,34122727041,2539,2412,1173,1239,127,59,68
SL050,34122727042,1820,1790,903,887,30,13,17
SL050,34122727043,1388,1361,678,683,27,15,12
SL050,34122727044,3056,3015,1516,1499,41,27,14
SL050,34122727045,1032,1017,558,459,15,5,10
SL050,34122727046,1616,1585,784,801,31,16,15
SL050,34122727047,1685,1654,825,829,31,17,14
SL050,34122727048,2283,2210,1062,1148,73,42,31
SL050,34122727049,1487,1435,737,698,52,30,22
SL050,34122727050,3257,3176,1523,1653,81,36,45
SL050,34122727051,9900,9405,4501,4904,495,232,263
SL050,34122727052,970,944,470,474,26,13,13
SL050,34122727053,543,534,273,261,9,5,4
SL050,34122727054,1255,1231,600,631,24,16,8
SL050,34122727055,1293,1273,679,594,20,12,8
SL050,34122727056,1501,1392,690,702,109,65,44
SL050,34122727057,13345,12780,6235,6545,565,289,276
SL050,34122727058,3743,3595,1801,1794,148,88,60
SL050,34122727059,2301,2210,1086,1124,91,47,44
SL050,34122727060,2830,2729,1282,1447,101,59,42
SL050,34122727061,1121,1101,538,563,20,8,12
SL050,34122727062,643,634,314,320,9,3,6
SL050,34122727063,2004,1942,935,1007,62,28,34
SL050,34122727064,1723,1684,819,865,39,25,14
SL050,34122727065,14226,13833,6688,7145,393,206,187
SL050,34122727066,15510,14634,7094,7540,876,512,364
SL050,34122727901,2566,2493,1304,1189,73,44,29
SL050,34122727902,9566,8488,4145,4343,1078,608,470
SL050,34132828001,65,64,34,30,1,1,0
SL050,34132828002,4559,3953,2081,1872,606,293,313
SL050,34132828003,195,192,115,77,3,2,1
SL050,34132828004,9353,8143,4027,4116,1210,590,620
SL050,34132828005,193751,163933,79807,84126,29818,14552,15266
SL050,34132828006,116037,100631,48643,51988,15406,6970,8436
SL050,34132828007,169502,153713,74095,79618,15789,7655,8134
SL050,34132828008,2698,2244,1170,1074,454,238,216
SL050,34132828009,20473,18424,9083,9341,2049,1008,1041
SL050,34132828010,14364,13349,6560,6789,1015,477,538
SL050,34132828011,601,496,254,242,105,47,58
SL050,34132828012,1272,1140,605,535,132,56,76
SL050,34132828013,59037,51970,25328,26642,7067,3447,3620
SL050,34132828014,54554,42866,21399,21467,11688,5978,5710
SL050,34132828015,30052,28127,14241,13886,1925,856,1069
SL050,34132828016,93,88,49,39,5,4,1
SL050,34132828017,1638,1544,793,751,94,47,47
SL050,34132828018,5564,4907,2465,2442,657,322,335
SL050,34132828019,1627,1501,790,711,126,71,55
SL050,34132828020,198,181,106,75,17,9,8
SL050,34132828021,741,682,354,328,59,25,34
SL050,34132828022,52626,49105,24210,24895,3521,1493,2028
SL050,34132828023,7399,6635,3360,3275,764,364,400
SL050,34132828024,205,183,107,76,22,15,7
SL050,34132828025,525,472,269,203,53,33,20
SL050,34132828026,10596,8507,4220,4287,2089,989,1100
SL050,34132828027,1875,1467,719,748,408,191,217
SL050,34132828028,2486,2228,1122,1106,258,118,140
SL050,34132828029,712,662,346,316,50,19,31
SL050,34132828030,2613,2157,1051,1106,456,230,226
SL050,34132828031,3049,2512,1312,1200,537,283,254
SL050,34132828032,7226,6500,3294,3206,726,364,362
SL050,34132828033,6075,5050,2548,2502,1025,510,515
SL050,34132828034,423,400,218,182,23,9,14
SL050,34132828035,1905,1628,811,817,277,136,141
SL050,34132828036,3707,3465,1759,1706,242,118,124
SL050,34132828037,1980,1769,868,901,211,109,102
SL050,34132828038,6948,6138,2995,3143,810,408,402
SL050,34132828039,149,139,83,56,10,6,4
SL050,34132828040,24087,20495,10347,10148,3592,1778,1814
SL050,34132828041,7280,6412,3200,3212,868,394,474
SL050,34132828042,1685,1489,782,707,196,99,97
SL050,34132828043,7902,7315,3702,3613,587,300,287
SL050,34132828044,9124,8047,3955,4092,1077,509,568
SL050,34132828045,49498,43577,21556,22021,5921,2900,3021
SL050,34132828046,6781,5854,2906,2948,927,452,475
SL050,34132828047,63074,52388,25491,26897,10686,5232,5454
SL050,34132828048,697,652,342,310,45,22,23
SL050,34132828049,81860,68253,33382,34871,13607,6724,6883
SL050,34132828050,6310,5904,2940,2964,406,188,218
SL050,34132828051,2240,2016,1013,1003,224,124,100
SL050,34132828052,5239,4686,2355,2331,553,286,267
SL050,34132828053,10061,9335,4674,4661,726,335,391
SL050,34132828054,15842,14195,7045,7150,1647,776,871
SL050,34132828055,1236,1020,520,500,216,116,100
SL050,34132828056,1554,1167,591,576,387,194,193
SL050,34132828057,2181,2007,1055,952,174,82,92
SL050,34132828058,193586,173821,85427,88394,19765,10006,9759
SL050,34132828059,6541,5539,2809,2730,1002,510,492
SL050,34132828060,1985,1812,927,885,173,76,97
SL050,34132828061,33379,28082,13900,14182,5297,2473,2824
SL050,34132828062,348,328,179,149,20,12,8
SL050,34132828063,318,296,162,134,22,12,10
SL050,34132828064,188,169,100,69,19,9,10
SL050,34132828065,180747,158429,77639,80790,22318,10825,11493
SL050,34132828066,10178,9424,4676,4748,754,372,382
SL050,34132828067,6119,5392,2737,2655,727,352,375
SL050,34132828068,15785,14148,6990,7158,1637,789,848
SL050,34132828069,48,48,32,16,0,0,0
SL050,34132828070,148,136,77,59,12,5,7
SL050,34132828071,89,74,36,38,15,10,5
SL050,34132828072,8222,7411,3733,3678,811,392,419
SL050,34132828073,19587,16996,8488,8508,2591,1350,1241
SL050,34132828074,188425,169763,82362,87401,18662,9101,9561
SL050,34132828075,8673,7772,3933,3839,901,426,475
SL050,34132828076,559,462,248,214,97,46,51
SL050,34132828078,47,44,28,16,3,3,0
SL050,34132828079,3223334,2798096,1303221,1494875,425238,196969,228269
SL050,34132828080,71785,64065,30807,33258,7720,3213,4507
SL050,34132828082,8597,7625,3865,3760,972,493,479
SL050,34132828083,13959,12199,6191,6008,1760,861,899
SL050,34132828084,23241,20165,10030,10135,3076,1521,1555
SL050,34132828085,5897,5020,2597,2423,877,444,433
SL050,34132828086,8666,6766,3462,3304,1900,922,978
SL050,34132828087,4328,3869,1924,1945,459,221,238
SL050,34132828088,363,342,173,169,21,13,8
SL050,34132828089,5021,4724,2345,2379,297,156,141
SL050,34132828090,12697,11576,5797,5779,1121,545,576
SL050,34132828091,7553,6629,3333,3296,924,435,489
SL050,34132828092,207095,183867,89525,94342,23228,11405,11823
SL050,34132828093,2911,2560,1286,1274,351,159,192
SL050,34132828094,1397,1161,609,552,236,108,128
SL050,34132828095,2601,2087,1076,1011,514,266,248
SL050,34132828096,28305,25392,12725,12667,2913,1423,1490
SL050,34132828097,122,121,77,44,1,0,1
SL050,34132828099,2819,2278,1222,1056,541,278,263
SL050,34132828100,6154,5307,2708,2599,847,416,431
SL050,34132828101,346,295,152,143,51,31,20
SL050,34132828102,1202,1043,530,513,159,82,77
SL050,34132828104,24521,21540,11003,10537,2981,1393,1588
SL050,34132828106,128256,102086,50389,51697,26170,13449,12721
SL050,34132828107,523,499,240,259,24,11,13
SL050,34132828108,5746,4699,2424,2275,1047,456,591
SL050,34132828109,2475,1883,956,927,592,304,288
SL050,34132828110,2831,2384,1201,1183,447,230,217
SL050,34132828111,821,741,388,353,80,38,42
SL050,34132828112,187,178,106,72,9,5,4
SL050,34132828113,51541,46372,23047,23325,5169,2477,2692
SL050,34132828114,171,162,87,75,9,4,5
SL050,34132828115,86172,79247,38335,40912,6925,2955,3970
SL050,34132828116,1120,984,523,461,136,69,67
SL050,34132828117,117,115,67,48,2,1,1
SL050,34132828118,60,59,36,23,1,0,1
SL050,34132828119,3357,2998,1521,1477,359,174,185
SL050,34132828120,1663,1324,730,594,339,183,156
SL050,34132828121,247,229,125,104,18,6,12
SL050,34132828122,706,640,329,311,66,29,37
SL050,34132828123,85893,78507,39137,39370,7386,3479,3907
SL050,34132828124,87,74,38,36,13,8,5
SL050,34132828125,4159,3795,1992,1803,364,172,192
SL050,34132828126,48,42,27,15,6,2,4
SL050,34132828127,95550,87649,42792,44857,7901,3454,4447
SL050,34132828128,527,492,280,212,35,20,15
SL050,34132828129,13273,11429,5612,5817,1844,894,950
SL050,34132828130,39466,34247,16728,17519,5219,2479,2740
SL050,34132828131,18088,16358,7833,8525,1730,827,903
SL050,34132828132,18784,15477,7876,7601,3307,1693,1614
SL050,34132828133,8318,7265,3616,3649,1053,517,536
SL050,34132828134,87724,78979,38783,40196,8745,4071,4674
SL050,34132828135,1182,1091,584,507,91,35,56
SL050,34132828136,850,788,404,384,62,23,39
SL050,34132828137,2542,2289,1172,1117,253,116,137
SL050,34132828138,74,66,37,29,8,3,5
SL050,34132828140,4066,3929,1957,1972,137,68,69
SL050,34132828141,9095,8127,3989,4138,968,462,506
SL050,34132828143,80,77,44,33,3,2,1
SL050,34132828144,8694,7865,3871,3994,829,397,432
SL050,34132828145,3725,3288,1639,1649,437,211,226
SL050,34132828146,2604,2139,1102,1037,465,231,234
SL050,34132828147,1304,1207,622,585,97,49,48
SL050,34132828148,129729,109634,53829,55805,20095,10081,10014
SL050,34132828149,8582,7864,3896,3968,718,350,368
SL050,34132828150,4298,4109,2053,2056,189,78,111
SL050,34132828151,4724,4009,2048,1961,715,341,374
SL050,34132828152,23361,21766,10562,11204,1595,677,918
SL050,34132828153,975,893,452,441,82,45,37
SL050,34132828154,7760,6987,3561,3426,773,395,378
SL050,34132828155,626,577,292,285,49,29,20
SL050,34132828156,1510,1334,692,642,176,91,85
SL050,34132828157,903,806,408,398,97,41,56
SL050,34132828158,927,829,434,395,98,62,36
SL050,34132828159,761,698,358,340,63,38,25
SL050,34132828160,12280,10823,5496,5327,1457,687,770
SL050,34132828161,74745,67897,33678,34219,6848,3306,3542
SL050,34132828162,4039,3657,1885,1772,382,192,190
SL050,34132828163,574,524,283,241,50,27,23
SL050,34132828164,4384,3859,1993,1866,525,240,285
SL050,34132828165,2840,2259,1183,1076,581,286,295
SL050,34132828166,432,384,200,184,48,24,24
SL050,34132828167,12193,10974,5554,5420,1219,592,627
SL050,34132828168,1942,1624,861,763,318,152,166
SL050,34132828169,2081,1896,1020,876,185,82,103
SL050,34132828170,3363,3028,1558,1470,335,154,181
SL050,34132828171,6409,5314,2676,2638,1095,557,538
SL050,34132828172,13421,12538,6356,6182,883,429,454
SL050,34132828173,699,612,303,309,87,50,37
SL050,34132828174,2501,2175,1098,1077,326,176,150
SL050,34132828175,1420,1229,609,620,191,91,100
SL050,34132828176,21000,17671,8729,8942,3329,1509,1820
SL050,34132828177,17127,15145,7461,7684,1982,870,1112
SL050,34132828178,1547,1424,729,695,123,60,63
SL050,34132828179,1967,1751,885,866,216,98,118
SL050,34132828180,7291,6511,3300,3211,780,374,406
SL050,34132828181,27596,25367,12341,13026,2229,1011,1218
SL050,34132828182,258,229,125,104,29,16,13
SL050,34132828183,1620,1390,719,671,230,128,102
SL050,34132828901,1266,1002,515,487,264,141,123
SL050,34132828902,642,598,329,269,44,19,25
SL050,34132828903,46750,43606,21291,22315,3144,1403,1741
SL050,34012929001,5366,5148,2591,2557,218,125,93
SL050,34012929002,2239,1375,711,664,864,437,427
SL050,34012929003,1105,1067,543,524,38,32,6
SL050,34012929004,394,350,185,165,44,19,25
SL050,34012929005,6367,5493,2763,2730,874,428,446
SL050,34012929006,778,756,398,358,22,13,9
SL050,34012929007,39911,36866,18383,18483,3045,1447,1598
SL050,34012929008,24123,19298,9669,9629,4825,2397,2428
SL050,34012929009,1802,1720,893,827,82,37,45
SL050,34012929010,1984,1911,977,934,73,36,37
SL050,34012929011,3770,3464,1798,1666,306,152,154
SL050,34012929012,12951,11758,5909,5849,1193,624,569
SL050,34012929013,2015,1856,951,905,159,78,81
SL050,34012929014,252,238,121,117,14,8,6
SL050,34012929015,41154,39440,19356,20084,1714,805,909
SL050,34012929016,391,292,150,142,99,50,49
SL050,34012929017,8288,7744,3935,3809,544,298,246
SL050,34012929018,2493,2398,1226,1172,95,46,49
SL050,34012929019,1177,1018,529,489,159,90,69
SL050,34012929020,4147,4022,1995,2027,125,56,69
SL050,34012929021,169,156,83,73,13,8,5
SL050,34012929022,225,203,100,103,22,10,12
SL050,34012929023,7989,2894,1522,1372,5095,2502,2593
SL050,34012929024,443,429,220,209,14,7,7
SL050,34012929025,67746,51558,25608,25950,16188,7777,8411
SL050,34012929026,1496,1169,609,560,327,163,164
SL050,34012929027,2999,2869,1459,1410,130,52,78
SL050,34012929028,1488,1443,752,691,45,23,22
SL050,34012929029,458,442,222,220,16,7,9
SL050,34012929030,933,904,474,430,29,16,13
SL050,34012929031,1823,1796,922,874,27,12,15
SL050,34012929032,8517,8151,4099,4052,366,220,146
SL050,34012929033,1620,1264,681,583,356,180,176
SL050,34012929034,732,540,271,269,192,92,100
SL050,34012929035,1691,1657,833,824,34,16,18
SL050,34012929036,748,716,374,342,32,17,15
SL050,34012929037,247,230,125,105,17,8,9
SL050,34012929038,25758,24209,12249,11960,1549,762,787
SL050,34012929039,3507,3291,1722,1569,216,100,116
SL050,34012929040,2510,2302,1238,1064,208,98,110
SL050,34012929041,6121,4367,2262,2105,1754,889,865
SL050,34012929042,21716,18119,9118,9001,3597,1793,1804
SL050,34012929043,3392,3014,1522,1492,378,221,157
SL050,34012929044,1323,868,479,389,455,240,215
SL050,34012929045,3745,2053,1020,1033,1692,852,840
SL050,34012929046,3181,3055,1576,1479,126,60,66
SL050,34012929047,1392,1333,656,677,59,38,21
SL050,34012929048,1595,1575,783,792,20,8,12
SL050,34012929049,3671,3439,1712,1727,232,137,95
SL050,34012929050,614,460,245,215,154,72,82
SL050,34012929051,67012,52529,25949,26580,14483,6969,7514
SL050,34012929052,248,237,120,117,11,7,4
SL050,34012929053,3086,2073,1044,1029,1013,514,499
SL050,34012929054,75396,51394,25017,26377,24002,11673,12329
SL050,34012929055,2554,2230,1129,1101,324,177,147
SL050,34012929056,1573,1297,690,607,276,137,139
SL050,34012929057,393,361,183,178,32,16,16
SL050,34012929058,2182,1817,903,914,365,187,178
SL050,34012929059,3310,3243,1618,1625,67,29,38
SL050,34012929060,762,757,377,380,5,4,1
SL050,34012929061,1458,1217,621,596,241,108,133
SL050,34012929062,863,811,422,389,52,24,28
SL050,34012929063,376,343,175,168,33,15,18
SL050,34012929064,559,523,267,256,36,16,20
SL050,34012929065,225,205,120,85,20,10,10
SL050,34012929066,442,394,212,182,48,23,25
SL050,34012929067,571026,527463,252830,274633,43563,21543,22020
SL050,34012929068,14977,9676,5001,4675,5301,2650,2651
SL050,34012929069,141463,108012,52224,55788,33451,15849,17602
SL050,34012929070,80630,55520,27990,27530,25110,12277,12833
SL050,34012929071,1230,1158,605,553,72,37,35
SL050,34012929072,5020,4036,2022,2014,984,504,480
SL050,34012929073,2523,2068,1079,989,455,217,238
SL050,34012929074,970,916,453,463,54,23,31
SL050,34012929075,21061,15814,7878,7936,5247,2519,2728
SL050,34012929076,3568,2825,1456,1369,743,364,379
SL050,34012929077,253,245,122,123,8,3,5
SL050,34012929079,3068,2790,1472,1318,278,142,136
SL050,34012929080,9118,8609,4329,4280,509,271,238
SL050,34012929081,294,275,147,128,19,6,13
SL050,34012929082,46093,43049,21266,21783,3044,1380,1664
SL050,34012929083,2701,2437,1288,1149,264,135,129
SL050,34012929084,33978,32948,16090,16858,1030,440,590
SL050,34012929085,174,160,82,78,14,7,7
SL050,34012929086,1658,936,472,464,722,377,345
SL050,34012929087,606,397,236,161,209,108,101
SL050,34012929088,3356,3279,1658,1621,77,40,37
SL050,34012929089,3818,3751,1897,1854,67,30,37
SL050,34012929090,2083,1953,998,955,130,59,71
SL050,34012929091,16465,11377,5778,5599,5088,2596,2492
SL050,34012929092,715,685,362,323,30,14,16
SL050,34012929093,2568,2517,1275,1242,51,28,23
SL050,34012929094,80817,73362,36256,37106,7455,3644,3811
SL050,34012929095,4218,3949,2013,1936,269,157,112
SL050,34012929096,3373,3275,1607,1668,98,40,58
SL050,34012929097,5300,5044,2534,2510,256,129,127
SL050,34012929098,1490,1433,726,707,57,30,27
SL050,34012929099,2020,1128,593,535,892,458,434
SL050,34012929100,2880,2813,1436,1377,67,31,36
SL050,34012929901,68262,54574,27270,27304,13688,6809,6879
SL050,34012929902,3288,3153,1545,1608,135,64,71
SL050,34012929903,585,569,305,264,16,8,8
SL050,34012929904,477,462,236,226,15,5,10
SL050,34143030001,6063,5381,2718,2663,682,342,340
SL050,34143030002,13030,11867,5860,6007,1163,667,496
SL050,34143030003,35031,30917,15309,15608,4114,2181,1933
SL050,34143030004,1361,1348,683,665,13,6,7
SL050,34143030005,41622,38048,18738,19310,3574,1801,1773
SL050,34143030006,1022,956,475,481,66,33,33
SL050,34143030007,9525,8285,4164,4121,1240,732,508
SL050,34143030008,21657,17507,8767,8740,4150,2167,1983
SL050,34143030009,19053,15836,7896,7940,3217,2082,1135
SL050,34143030010,11274,8722,4394,4328,2552,1425,1127
SL050,34143030011,6564,5738,2850,2888,826,504,322
SL050,34143030012,11547,11037,5543,5494,510,261,249
SL050,34143030013,10165,9009,4537,4472,1156,621,535
SL050,34143030014,2045,1923,910,1013,122,63,59
SL050,34143030015,25730,23865,11859,12006,1865,1000,865
SL050,34143030016,213943,191069,94158,96911,22874,12543,10331
SL050,34143030017,15022,13719,6873,6846,1303,677,626
SL050,34143030018,11565,10556,5276,5280,1009,548,461
SL050,34143030019,34889,32079,15856,16223,2810,1630,1180
SL050,34143030020,10060,8083,4173,3910,1977,1190,787
SL050,34143030021,16184,11936,6085,5851,4248,2374,1874
SL050,34143030022,25547,21431,10743,10688,4116,2591,1525
SL050,34143030023,5196,4767,2448,2319,429,206,223
SL050,34143030024,93079,74227,36563,37664,18852,11097,7755
SL050,34143030025,7002,6162,3070,3092,840,473,367
SL050,34143030026,31562,20054,10113,9941,11508,6195,5313
SL050,34143030027,70964,63526,31563,31963,7438,3829,3609
SL050,34143030028,7954,7609,3869,3740,345,182,163
SL050,34143030029,16790,14920,7428,7492,1870,1191,679
SL050,34143030030,447182,397348,193105,204243,49834,25406,24428
SL050,34143030031,500,498,261,237,2,1,1
SL050,34143030032,3842,3476,1802,1674,366,187,179
SL050,34143030033,14981,12629,6215,6414,2352,1304,1048
SL050,34143030034,1301,1252,661,591,49,27,22
SL050,34143030035,31905,24250,12029,12221,7655,4004,3651
SL050,34143030036,25167,19157,9528,9629,6010,3205,2805
SL050,34143030037,35614,24988,12574,12414,10626,5968,4658
SL050,34143030038,21375,19946,10015,9931,1429,853,576
SL050,34143030039,31639,25067,12607,12460,6572,3692,2880
SL050,34143030040,879,830,427,403,49,24,25
SL050,34143030041,19907,17994,9079,8915,1913,1006,907
SL050,34143030042,2758,2563,1279,1284,195,108,87
SL050,34143030043,34234,31898,15929,15969,2336,1228,1108
SL050,34143030901,16105,13361,6648,6713,2744,1445,1299
SL050,34143030902,15674,10243,5064,5179,5431,2930,2501
SL050,34153131001,87,87,51,36,0,0,0
SL050,34153131002,550,521,263,258,29,6,23
SL050,34153131003,121,121,76,45,0,0,0
SL050,34153131004,33,33,20,13,0,0,0
SL050,34153131005,356,318,172,146,38,21,17
SL050,34153131006,2483,2251,1150,1101,232,110,122
SL050,34153131007,156,150,85,65,6,2,4
SL050,34153131008,72,72,40,32,0,0,0
SL050,34153131009,791,758,403,355,33,18,15
SL050,34153131010,7407,6876,3462,3414,531,278,253
SL050,34153131011,850,825,444,381,25,11,14
SL050,34153131012,983,896,451,445,87,39,48
SL050,34153131013,730,725,390,335,5,1,4
SL050,34153131014,340,310,177,133,30,15,15
SL050,34153131015,2715,2363,1179,1184,352,177,175
SL050,34153131016,10739,9974,4880,5094,765,405,360
SL050,34153131017,485,469,252,217,16,6,10
SL050,34153131018,568,525,290,235,43,22,21
SL050,34153131019,2624,2278,1155,1123,346,175,171
SL050,34153131020,525,512,286,226,13,6,7
SL050,34153131021,70,67,38,29,3,2,1
SL050,34153131022,614,607,323,284,7,1,6
SL050,34153131023,10512,9971,5041,4930,541,255,286
SL050,34153131024,116,116,63,53,0,0,0
SL050,34153131025,949,922,481,441,27,12,15
SL050,34153131026,157,156,84,72,1,0,1
SL050,34153131027,1124,1074,546,528,50,27,23
SL050,34153131028,264,249,135,114,15,8,7
SL050,34153131029,1117,1039,510,529,78,41,37
SL050,34153131030,157,147,81,66,10,4,6
SL050,34153131031,275,274,143,131,1,0,1
SL050,34153131032,2315,2023,1031,992,292,156,136
SL050,34153131033,53,53,30,23,0,0,0
SL050,34153131034,36,34,18,16,2,1,1
SL050,34153131035,55,55,31,24,0,0,0
SL050,34153131036,1047,1025,549,476,22,6,16
SL050,34153131037,106,103,56,47,3,1,2
SL050,34153131038,1669,1602,817,785,67,30,37
SL050,34153131039,118,107,58,49,11,2,9
SL050,34153131040,212,209,117,92,3,2,1
SL050,34153131041,2331,2191,1149,1042,140,65,75
SL050,34153131042,3853,3278,1639,1639,575,328,247
SL050,34153131043,32,32,13,19,0,0,0
SL050,34153131044,345,339,179,160,6,1,5
SL050,34153131045,639,626,339,287,13,7,6
SL050,34153131046,58,57,28,29,1,0,1
SL050,34153131047,262,256,124,132,6,2,4
SL050,34153131048,219,201,110,91,18,7,11
SL050,34153131049,839,822,472,350,17,6,11
SL050,34153131050,7749,7346,3734,3612,403,186,217
SL050,34153131051,275,266,141,125,9,5,4
SL050,34153131052,125,122,60,62,3,2,1
SL050,34153131053,610,562,289,273,48,24,24
SL050,34153131054,607,553,265,288,54,30,24
SL050,34153131055,352,335,183,152,17,4,13
SL050,34153131056,204,199,111,88,5,2,3
SL050,34153131057,2223,2015,978,1037,208,109,99
SL050,34153131058,242,237,120,117,5,0,5
SL050,34153131059,208,207,119,88,1,0,1
SL050,34153131060,18934,17180,8238,8942,1754,914,840
SL050,34153131061,57,55,24,31,2,2,0
SL050,34153131062,1364,1245,647,598,119,73,46
SL050,34153131063,97,93,53,40,4,2,2
SL050,34153131064,1993,1632,799,833,361,222,139
SL050,34153131065,2702,2246,1158,1088,456,265,191
SL050,34153131066,1039,926,474,452,113,49,64
SL050,34153131067,2455,2209,1118,1091,246,127,119
SL050,34153131068,3818,3385,1677,1708,433,212,221
SL050,34153131069,980,944,473,471,36,17,19
SL050,34153131070,4109,3281,1619,1662,828,422,406
SL050,34153131071,17,17,13,4,0,0,0
SL050,34153131072,7823,6698,3417,3281,1125,596,529
SL050,34153131073,361,340,178,162,21,8,13
SL050,34153131074,490,484,258,226,6,2,4
SL050,34153131075,141,132,62,70,9,4,5
SL050,34153131076,3850,3605,1818,1787,245,158,87
SL050,34153131077,7707,6534,3289,3245,1173,595,578
SL050,34153131078,3148,2812,1429,1383,336,159,177
SL050,34153131079,75,68,41,27,7,2,5
SL050,34153131080,599,575,300,275,24,8,16
SL050,34153131081,431,427,214,213,4,1,3
SL050,34153131082,805,764,408,356,41,20,21
SL050,34153131083,77,73,35,38,4,2,2
SL050,34153131084,2503,2419,1258,1161,84,45,39
SL050,34153131085,633,603,316,287,30,15,15
SL050,34153131086,20774,19593,9916,9677,1181,541,640
SL050,34153131087,219,211,106,105,8,5,3
SL050,34153131088,8224,7576,3832,3744,648,311,337
SL050,34153131089,298,285,147,138,13,10,3
SL050,34153131090,152,150,91,59,2,2,0
SL050,34153131091,384,367,196,171,17,9,8
SL050,34153131092,789,769,432,337,20,9,11
SL050,34153131093,306,298,164,134,8,1,7
SL050,34153131094,119,119,58,61,0,0,0
SL050,34153131095,76,74,39,35,2,1,1
SL050,34153131096,103,103,57,46,0,0,0
SL050,34153131097,13673,12491,5975,6516,1182,580,602
SL050,34153131098,2600,2496,1293,1203,104,55,49
SL050,34153131099,65,57,30,27,8,6,2
SL050,34153131100,284,282,159,123,2,1,1
SL050,34153131101,1804,1736,897,839,68,38,30
SL050,34153131102,150,148,98,50,2,0,2
SL050,34153131103,42,42,21,21,0,0,0
SL050,34153131104,2306,2028,1023,1005,278,144,134
SL050,34153131105,2017,1804,920,884,213,100,113
SL050,34153131106,983,897,454,443,86,41,45
SL050,34153131107,2485,2009,1043,966,476,285,191
SL050,34153131108,2487,2197,1095,1102,290,133,157
SL050,34153131109,2213,2135,1129,1006,78,35,43
SL050,34153131110,100,98,55,43,2,1,1
SL050,34153131111,95,94,63,31,1,0,1
SL050,34153131112,89,89,52,37,0,0,0
SL050,34153131113,146,145,89,56,1,0,1
SL050,34153131114,479,460,243,217,19,9,10
SL050,34153131115,189,186,96,90,3,3,0
SL050,34153131116,74,66,42,24,8,4,4
SL050,34153131117,705,688,374,314,17,3,14
SL050,34153131118,163,163,107,56,0,0,0
SL050,34153131119,40,40,23,17,0,0,0
SL050,34153131120,444,434,259,175,10,4,6
SL050,34153131121,78,75,39,36,3,2,1
SL050,34153131122,7014,6616,3341,3275,398,201,197
SL050,34153131123,805,758,399,359,47,27,20
SL050,34153131124,253,247,144,103,6,4,2
SL050,34153131125,325,317,166,151,8,5,3
SL050,34153131126,425,418,226,192,7,1,6
SL050,34153131127,176,176,95,81,0,0,0
SL050,34153131128,420,402,200,202,18,9,9
SL050,34153131129,504,482,243,239,22,15,7
SL050,34153131130,382,372,191,181,10,2,8
SL050,34153131131,1199,1149,633,516,50,16,34
SL050,34153131132,176,164,109,55,12,6,6
SL050,34153131133,44,44,27,17,0,0,0
SL050,34153131134,191,189,106,83,2,1,1
SL050,34153131135,106,104,29,75,2,1,1
SL050,34153131136,550,531,285,246,19,13,6
SL050,34153131137,227,225,132,93,2,0,2
SL050,34153131138,1272,1209,631,578,63,37,26
SL050,34153131139,172,170,97,73,2,1,1
SL050,34153131140,147,147,88,59,0,0,0
SL050,34153131141,119,113,67,46,6,0,6
SL050,34153131142,2060,1686,881,805,374,206,168
SL050,34153131143,103,100,51,49,3,0,3
SL050,34153131144,967,934,506,428,33,19,14
SL050,34153131145,187,186,95,91,1,0,1
SL050,34153131146,31,31,18,13,0,0,0
SL050,34153131147,113,111,61,50,2,2,0
SL050,34153131148,110,95,40,55,15,9,6
SL050,34153131149,2898,2778,1439,1339,120,66,54
SL050,34153131150,232,230,145,85,2,1,1
SL050,34153131151,60,59,38,21,1,0,1
SL050,34153131152,1725,1482,753,729,243,138,105
SL050,34153131153,2735,2613,1353,1260,122,61,61
SL050,34153131154,242,240,144,96,2,1,1
SL050,34153131155,291,280,144,136,11,1,10
SL050,34153131156,297,292,170,122,5,3,2
SL050,34153131157,4764,4165,2106,2059,599,308,291
SL050,34153131158,294,288,155,133,6,3,3
SL050,34153131159,1317,1251,679,572,66,37,29
SL050,34153131160,130,123,66,57,7,4,3
SL050,34153131161,437,419,226,193,18,7,11
SL050,34153131162,52,51,25,26,1,1,0
SL050,34153131163,2862,2441,1213,1228,421,227,194
SL050,34153131164,747,626,316,310,121,68,53
SL050,34153131165,3534,3236,1643,1593,298,172,126
SL050,34153131166,292,277,142,135,15,10,5
SL050,34153131167,1057,1008,528,480,49,26,23
SL050,34153131168,277,271,152,119,6,3,3
SL050,34153131169,3397,2703,1359,1344,694,407,287
SL050,34153131170,56,55,26,29,1,1,0
SL050,34153131171,850,800,419,381,50,23,27
SL050,34153131172,466,450,244,206,16,9,7
SL050,34153131173,1088,991,479,512,97,62,35
SL050,34153131174,120,119,60,59,1,0,1
SL050,34153131175,77,71,37,34,6,4,2
SL050,34153131176,4088,3588,1797,1791,500,258,242
SL050,34153131177,327,298,160,138,29,13,16
SL050,34153131178,646,558,293,265,88,46,42
SL050,34153131179,639,575,297,278,64,43,21
SL050,34153131180,239,232,99,133,7,2,5
SL050,34153131181,142,142,85,57,0,0,0
SL050,34153131182,34,34,20,14,0,0,0
SL050,34153131183,912,847,429,418,65,30,35
SL050,34153131184,77,77,39,38,0,0,0
SL050,34153131185,530,515,276,239,15,8,7
SL050,34153131186,369,364,199,165,5,3,2
SL050,34153131187,121,113,68,45,8,4,4
SL050,34153131188,363,349,200,149,14,7,7
SL050,34153131189,1497,1354,694,660,143,68,75
SL050,34153131190,51,51,28,23,0,0,0
SL050,34153131191,3931,3630,1853,1777,301,138,163
SL050,34153131192,204,197,109,88,7,3,4
SL050,34153131193,1842,1788,891,897,54,24,30
SL050,34153131194,415,406,221,185,9,3,6
SL050,34153131195,197,196,98,98,1,0,1
SL050,34153131196,36,36,19,17,0,0,0
SL050,34153131197,79,79,44,35,0,0,0
SL050,34153131198,48,48,25,23,0,0,0
SL050,34153131199,147,145,83,62,2,2,0
SL050,34153131200,919,890,474,416,29,16,13
SL050,34153131201,199066,179523,84603,94920,19543,9521,10022
SL050,34153131202,5823,5364,2673,2691,459,257,202
SL050,34153131203,31,31,18,13,0,0,0
SL050,34153131204,37,37,24,13,0,0,0
SL050,34153131205,493,487,245,242,6,3,3
SL050,34153131206,2843,2563,1297,1266,280,140,140
SL050,34153131207,349,338,186,152,11,6,5
SL050,34153131208,3742,3125,1576,1549,617,380,237
SL050,34153131209,174,168,91,77,6,3,3
SL050,34153131210,208,201,105,96,7,3,4
SL050,34153131211,21,20,11,9,1,0,1
SL050,34153131212,144,144,79,65,0,0,0
SL050,34153131213,116,114,66,48,2,0,2
SL050,34153131214,110,109,62,47,1,0,1
SL050,34153131215,6241,5670,2818,2852,571,279,292
SL050,34153131216,4960,4676,2386,2290,284,137,147
SL050,34153131217,398,357,183,174,41,20,21
SL050,34153131219,100,88,48,40,12,7,5
SL050,34153131220,886,838,434,404,48,27,21
SL050,34153131221,1729,1534,779,755,195,104,91
SL050,34153131222,62,62,40,22,0,0,0
SL050,34153131223,1294,1105,558,547,189,111,78
SL050,34153131224,1180,1028,523,505,152,83,69
SL050,34153131225,57,40,23,17,17,11,6
SL050,34153131226,671,638,333,305,33,17,16
SL050,34153131227,10605,9677,4732,4945,928,490,438
SL050,34153131228,598,580,297,283,18,10,8
SL050,34153131229,42,42,27,15,0,0,0
SL050,34153131230,104,104,54,50,0,0,0
SL050,34153131231,122,118,58,60,4,1,3
SL050,34153131232,35593,31109,15094,16015,4484,2403,2081
SL050,34153131233,134,107,45,62,27,14,13
SL050,34153131234,177,172,97,75,5,2,3
SL050,34153131235,177,172,101,71,5,1,4
SL050,34153131236,1655,1580,821,759,75,36,39
SL050,34153131237,212,209,118,91,3,3,0
SL050,34153131238,137,128,70,58,9,2,7
SL050,34153131239,355,341,170,171,14,5,9
SL050,34153131240,675,647,339,308,28,8,20
SL050,34153131241,133,132,87,45,1,0,1
SL050,34153131242,308,299,137,162,9,1,8
SL050,34153131243,374,359,190,169,15,8,7
SL050,34153131244,180,177,103,74,3,0,3
SL050,34153131245,88,86,54,32,2,2,0
SL050,34153131246,164,155,87,68,9,5,4
SL050,34153131247,160,156,80,76,4,2,2
SL050,34153131248,358,303,162,141,55,44,11
SL050,34153131249,2373,2142,1065,1077,231,121,110
SL050,34153131250,3761,3451,1696,1755,310,159,151
SL050,34153131251,4156,3840,1931,1909,316,168,148
SL050,34153131252,95,95,52,43,0,0,0
SL050,34153131253,171,170,93,77,1,0,1
SL050,34153131254,2841,2336,1152,1184,505,271,234
SL050,34153131255,120,118,63,55,2,1,1
SL050,34153131256,106,106,57,49,0,0,0
SL050,34153131257,1186,1130,567,563,56,28,28
SL050,34153131258,10150,9495,4642,4853,655,328,327
SL050,34153131259,622,597,312,285,25,13,12
SL050,34153131260,1508,1461,763,698,47,22,25
SL050,34153131261,297,268,158,110,29,16,13
SL050,34153131262,295,288,156,132,7,4,3
SL050,34153131263,316,310,159,151,6,5,1
SL050,34153131264,225,219,109,110,6,3,3
SL050,34153131265,112,81,52,29,31,18,13
SL050,34153131901,20039,18094,8673,9421,1945,1001,944
SL050,34153131902,7011,6438,3300,3138,573,283,290
SL050,34153131903,10167,8895,4489,4406,1272,640,632
SL050,34153131904,2209,1937,985,952,272,153,119
SL050,34153131905,3941,3692,1817,1875,249,115,134
SL050,34153131906,3996,3716,1873,1843,280,135,145
SL050,34153131907,14891,14075,6907,7168,816,378,438
SL050,34153131908,1535,1405,692,713,130,70,60
SL050,34123232001,6110,5926,2987,2939,184,91,93
SL050,34123232002,2265,2214,1109,1105,51,20,31
SL050,34123232003,995,984,489,495,11,7,4
SL050,34123232004,1806,1770,817,953,36,14,22
SL050,34123232005,968,880,474,406,88,51,37
SL050,34123232006,1591,1560,760,800,31,11,20
SL050,34123232007,1547,1511,754,757,36,19,17
SL050,34123232008,10951,10524,5144,5380,427,199,228
SL050,34123232009,13463,12441,6078,6363,1022,474,548
SL050,34123232010,404,398,211,187,6,4,2
SL050,34123232011,973,957,425,532,16,3,13
SL050,34123232012,809,800,437,363,9,5,4
SL050,34123232013,2299,2226,1056,1170,73,38,35
SL050,34123232014,1199,1164,552,612,35,15,20
SL050,34123232015,917,899,456,443,18,11,7
SL050,34123232016,779,749,367,382,30,15,15
SL050,34123232017,1574,1304,666,638,270,147,123
SL050,34123232018,1317,1290,623,667,27,14,13
SL050,34123232019,13939,13266,6239,7027,673,300,373
SL050,34123232020,2643,2607,1280,1327,36,14,22
SL050,34123232021,1001,979,496,483,22,13,9
SL050,34123232022,1380,1339,669,670,41,21,20
SL050,34123232023,1224,1210,616,594,14,6,8
SL050,34123232024,5533,5376,2564,2812,157,62,95
SL050,34123232025,1140,1099,547,552,41,21,20
SL050,34123232026,3049,2991,1505,1486,58,29,29
SL050,34123232027,1105,1080,517,563,25,16,9
SL050,34123232028,1700,1652,838,814,48,32,16
SL050,34123232029,466,461,258,203,5,4,1
SL050,34123232030,1166,1023,478,545,143,73,70
SL050,34123232031,1134,1118,570,548,16,7,9
SL050,34123232032,9836,9371,4523,4848,465,240,225
SL050,34123232033,750,727,352,375,23,9,14
SL050,34123232034,1308,1168,579,589,140,102,38
SL050,34123232035,1477,1459,701,758,18,8,10
SL050,34123232036,1418,1401,707,694,17,10,7
SL050,34123232037,741,721,355,366,20,11,9
SL050,34123232038,455,449,216,233,6,4,2
SL050,34123232039,1287,1266,653,613,21,13,8
SL050,34123232040,1583,1542,742,800,41,19,22
SL050,34123232041,807,783,375,408,24,8,16
SL050,34123232042,1732,1617,809,808,115,59,56
SL050,34123232043,2890,2801,1366,1435,89,51,38
SL050,34123232044,890,876,428,448,14,7,7
SL050,34123232045,2767,2728,1336,1392,39,17,22
SL050,34123232046,1227,1206,577,629,21,10,11
SL050,34123232047,1911,1866,907,959,45,25,20
SL050,34123232048,1039,928,484,444,111,53,58
SL050,34123232049,722,713,371,342,9,5,4
SL050,34123232050,2602,2523,1299,1224,79,38,41
SL050,34123232051,1486,1445,731,714,41,27,14
SL050,34123232052,2011,1984,1002,982,27,15,12
SL050,34123232053,1766,1501,789,712,265,172,93
SL050,34123232054,105505,100661,45778,54883,4844,2184,2660
SL050,34123232055,1383,1354,676,678,29,13,16
SL050,34123232056,1759,1630,779,851,129,70,59
SL050,34123232057,564,554,302,252,10,5,5
SL050,34123232058,6254,6116,3131,2985,138,74,64
SL050,34123232059,1871,1848,911,937,23,9,14
SL050,34123232060,889,865,423,442,24,12,12
SL050,34123232061,1140,1106,560,546,34,16,18
SL050,34123232062,830,819,399,420,11,5,6
SL050,34123232063,2118,2039,1020,1019,79,43,36
SL050,34123232064,554,542,272,270,12,4,8
SL050,34123232065,699,681,331,350,18,13,5
SL050,34123232066,611,594,263,331,17,5,12
SL050,34123232067,1282,1275,653,622,7,1,6
SL050,34123232068,1540,1484,679,805,56,24,32
SL050,34123232069,5028,4866,2368,2498,162,85,77
SL050,34123232070,549,546,270,276,3,1,2
SL050,34123232071,1568,1508,766,742,60,36,24
SL050,34123232072,4359,4179,2051,2128,180,87,93
SL050,34123232073,1448,1426,691,735,22,14,8
SL050,34123232074,1091,1063,517,546,28,15,13
SL050,34123232075,5249,5074,2567,2507,175,93,82
SL050,34123232076,2191,2153,1057,1096,38,18,20
SL050,34123232077,1213,1188,547,641,25,14,11
SL050,34123232078,1189,1173,591,582,16,7,9
SL050,34123232079,1443,1418,726,692,25,15,10
SL050,34123232080,332,323,164,159,9,3,6
SL050,34123232081,2368,2283,1172,1111,85,47,38
SL050,34123232082,1288,1263,633,630,25,12,13
SL050,34123232083,904,882,452,430,22,11,11
SL050,34123232084,933,924,444,480,9,3,6
SL050,34123232085,13817,12450,5961,6489,1367,673,694
SL050,34123232086,2929,2864,1454,1410,65,26,39
SL050,34123232087,1904,1863,956,907,41,18,23
SL050,34123232088,1746,1686,860,826,60,34,26
SL050,34123232089,1317,1288,652,636,29,23,6
SL050,34123232090,829,810,395,415,19,9,10
SL050,34123232091,1912,1831,945,886,81,54,27
SL050,34123232092,535,527,306,221,8,5,3
SL050,34033333001,1697,1649,835,814,48,19,29
SL050,34033333002,10808,10583,5230,5353,225,96,129
SL050,34033333003,675,665,375,290,10,4,6
SL050,34033333004,78715,76020,35919,40101,2695,1272,1423
SL050,34033333005,1522,1497,790,707,25,5,20
SL050,34033333006,1700,1663,792,871,37,18,19
SL050,34033333007,1571,1552,783,769,19,8,11
SL050,34033333008,2002,1909,987,922,93,34,59
SL050,34033333009,1035,970,489,481,65,25,40
SL050,34033333010,1985,1944,956,988,41,18,23
SL050,34033333011,12579,12227,6040,6187,352,156,196
SL050,34033333012,6278,5918,2874,3044,360,159,201
SL050,34033333013,477,472,240,232,5,2,3
SL050,34033333014,10444,10173,4918,5255,271,125,146
SL050,34033333015,1553,1531,877,654,22,4,18
SL050,34033333016,22464,22040,10715,11325,424,179,245
SL050,34033333017,3470,3408,1655,1753,62,34,28
SL050,34033333018,3336,3268,1597,1671,68,30,38
SL050,34033333019,3332,3218,1582,1636,114,54,60
SL050,34033333020,15721,15376,7584,7792,345,146,199
SL050,34033333021,5078,4929,2434,2495,149,71,78
SL050,34033333022,949,934,488,446,15,5,10
SL050,34033333023,3830,3769,1847,1922,61,35,26
SL050,34033333024,271843,259514,122227,137287,12329,5981,6348
SL050,34033333025,10427,10198,4982,5216,229,106,123
SL050,34033333026,9839,9433,4556,4877,406,192,214
SL050,34033333027,853,839,437,402,14,2,12
SL050,34033333028,1301,1272,723,549,29,13,16
SL050,34033333029,352,349,174,175,3,1,2
SL050,34033333030,1022,1011,508,503,11,8,3
SL050,34033333031,39984,39060,18604,20456,924,447,477
SL050,34033333032,13087,12853,6167,6686,234,102,132
SL050,34033333033,11086,10741,5163,5578,345,176,169
SL050,34033333034,11734,11465,5597,5868,269,133,136
SL050,34033333035,13676,13343,6629,6714,333,154,179
SL050,34033333036,13639,13091,6363,6728,548,258,290
SL050,34033333037,38428,37529,17835,19694,899,402,497
SL050,34033333038,2631,2561,1288,1273,70,32,38
SL050,34033333039,1846,1812,869,943,34,14,20
SL050,34033333040,5334,5186,2564,2622,148,60,88
SL050,34033333041,8409,8160,3930,4230,249,113,136
SL050,34033333042,5167,5020,2415,2605,147,66,81
SL050,34033333043,740,718,393,325,22,8,14
SL050,34033333044,220020,207317,96125,111192,12703,5781,6922
SL050,34033333045,5353,5064,2481,2583,289,145,144
SL050,34033333046,531,528,278,250,3,1,2
SL050,34033333047,1246,1228,602,626,18,8,10
SL050,34033333048,146,142,78,64,4,3,1
SL050,34033333049,7101,6890,3408,3482,211,95,116
SL050,34033333050,598,594,353,241,4,1,3
SL050,34033333051,8282,7930,3811,4119,352,187,165
SL050,34033333052,737,728,420,308,9,5,4
SL050,34033333053,1194,1174,681,493,20,10,10
SL050,34033333054,1865,1825,944,881,40,20,20
SL050,34033333055,1758,1719,832,887,39,13,26
SL050,34033333056,5730,5497,2643,2854,233,95,138
SL050,34033333057,1857,1801,900,901,56,29,27
SL050,34033333058,1933,1888,958,930,45,13,32
SL050,34033333059,5084,4957,2459,2498,127,53,74
SL050,34033333060,16283,15938,7620,8318,345,165,180
SL050,34033333061,393,390,193,197,3,1,2
SL050,34033333062,453,444,231,213,9,4,5
SL050,34033333063,433,427,210,217,6,2,4
SL050,34033333064,288,273,137,136,15,5,10
SL050,34033333065,1254,1239,596,643,15,8,7
SL050,34033333066,51662,50177,24537,25640,1485,697,788
SL050,34033333067,818,808,430,378,10,4,6
SL050,34033333068,1125,1094,631,463,31,19,12
SL050,34033333069,3887,3815,1886,1929,72,33,39
SL050,34033333070,3795,3737,1826,1911,58,20,38
SL050,34033333071,646,635,304,331,11,4,7
SL050,34033333072,1628,1569,845,724,59,26,33
SL050,34033333073,9543,9179,4656,4523,364,159,205
SL050,34033333074,3866,3722,1806,1916,144,56,88
SL050,34033333075,298,293,145,148,5,5,0
SL050,34033333076,14430,13889,6896,6993,541,224,317
SL050,34033333077,1248,1239,646,593,9,3,6
SL050,34033333078,140,140,78,62,0,0,0
SL050,34073434001,42,40,25,15,2,1,1
SL050,34073434003,164,158,89,69,6,2,4
SL050,34073434004,6842,6410,3103,3307,432,209,223
SL050,34073434005,928,880,424,456,48,29,19
SL050,34073434006,86,86,46,40,0,0,0
SL050,34073434009,35,35,22,13,0,0,0
SL050,34073434010,622,604,310,294,18,9,9
SL050,34073434011,423,420,234,186,3,0,3
SL050,34073434012,369,358,194,164,11,2,9
SL050,34073434015,42,42,26,16,0,0,0
SL050,34073434017,1004,979,494,485,25,12,13
SL050,34073434018,221,217,123,94,4,2,2
SL050,34073434019,131,114,63,51,17,8,9
SL050,34073434020,52,51,32,19,1,0,1
SL050,34073434022,1216,1171,615,556,45,26,19
SL050,34073434023,6363,6132,3074,3058,231,121,110
SL050,34073434024,28,27,18,9,1,0,1
SL050,34073434025,53,51,23,28,2,1,1
SL050,34073434027,1183,1166,581,585,17,8,9
SL050,34073434028,144,144,77,67,0,0,0
SL050,34073434029,754,740,383,357,14,9,5
SL050,34073434031,33,28,15,13,5,3,2
SL050,34073434032,41,39,22,17,2,0,2
SL050,34073434033,17,17,13,4,0,0,0
SL050,34073434034,115,114,65,49,1,0,1
SL050,34073434035,111,109,64,45,2,1,1
SL050,34073434036,246,241,138,103,5,2,3
SL050,34073434037,264,260,144,116,4,3,1
SL050,34073434038,306,294,159,135,12,8,4
SL050,34073434039,61,61,37,24,0,0,0
SL050,34073434041,92,92,43,49,0,0,0
SL050,34073434042,326,318,176,142,8,6,2
SL050,34073434045,77,77,40,37,0,0,0
SL050,34073434046,43,42,24,18,1,1,0
SL050,34073434047,2096,1959,933,1026,137,63,74
SL050,34073434048,63,62,30,32,1,0,1
SL050,34073434049,360,358,191,167,2,2,0
SL050,34073434050,220,214,119,95,6,5,1
SL050,34073434051,101,100,53,47,1,0,1
SL050,34073434052,183,183,100,83,0,0,0
SL050,34073434053,230,227,118,109,3,1,2
SL050,34073434055,262,260,142,118,2,2,0
SL050,34073434056,2316,2231,1121,1110,85,44,41
SL050,34073434057,490,489,242,247,1,1,0
SL050,34073434058,198,196,112,84,2,0,2
SL050,34073434059,448,439,217,222,9,3,6
SL050,34073434060,139,138,76,62,1,0,1
SL050,34073434061,105,103,59,44,2,2,0
SL050,34073434062,165,164,101,63,1,0,1
SL050,34073434063,93,81,48,33,12,7,5
SL050,34073434066,63,62,35,27,1,1,0
SL050,34073434067,136,136,78,58,0,0,0
SL050,34073434068,42,30,19,11,12,6,6
SL050,34073434069,2633,2520,1280,1240,113,63,50
SL050,34073434070,149,146,78,68,3,1,2
SL050,34073434071,179,168,88,80,11,6,5
SL050,34073434072,153,150,74,76,3,1,2
SL050,34073434073,194,192,96,96,2,1,1
SL050,34073434074,770,742,383,359,28,14,14
SL050,34073434076,659,613,316,297,46,24,22
SL050,34073434077,429,419,221,198,10,5,5
SL050,34073434079,2269,2212,1161,1051,57,23,34
SL050,34073434080,6153,6066,3015,3051,87,42,45
SL050,34073434081,58,58,36,22,0,0,0
SL050,34073434082,78,78,41,37,0,0,0
SL050,34073434083,2006,1943,949,994,63,28,35
SL050,34073434084,146,139,80,59,7,3,4
SL050,34073434086,103,102,53,49,1,0,1
SL050,34073434087,143,137,73,64,6,5,1
SL050,34073434088,313,294,171,123,19,9,10
SL050,34073434089,157,155,88,67,2,0,2
SL050,34073434091,136,136,77,59,0,0,0
SL050,34073434092,291,287,152,135,4,2,2
SL050,34073434093,98,92,54,38,6,3,3
SL050,34073434094,63,61,35,26,2,1,1
SL050,34073434096,51,51,32,19,0,0,0
SL050,34073434098,993,938,496,442,55,32,23
SL050,34073434099,82,65,37,28,17,7,10
SL050,34073434100,144,144,81,63,0,0,0
SL050,34073434101,41,41,19,22,0,0,0
SL050,34073434102,217,216,126,90,1,0,1
SL050,34073434103,102,102,62,40,0,0,0
SL050,34073434104,259,253,143,110,6,5,1
SL050,34073434106,122,110,57,53,12,9,3
SL050,34073434107,74,74,42,32,0,0,0
SL050,34073434108,610,587,308,279,23,10,13
SL050,34073434109,59,57,34,23,2,1,1
SL050,34073434110,82,82,46,36,0,0,0
SL050,34073434112,46,45,25,20,1,0,1
SL050,34073434113,39,39,14,25,0,0,0
SL050,34073434114,198,194,119,75,4,2,2
SL050,34073434116,57,57,32,25,0,0,0
SL050,34073434120,78629,75531,35619,39912,3098,1457,1641
SL050,34073434121,211,195,111,84,16,9,7
SL050,34073434122,121,95,50,45,26,18,8
SL050,34073434123,1930,1873,959,914,57,27,30
SL050,34073434124,66,66,39,27,0,0,0
SL050,34073434125,88,88,43,45,0,0,0
SL050,34073434126,324,292,163,129,32,17,15
SL050,34073434127,90,88,48,40,2,1,1
SL050,34073434129,179,179,108,71,0,0,0
SL050,34073434130,220,219,113,106,1,1,0
SL050,34073434131,61,60,32,28,1,0,1
SL050,34073434132,131,121,67,54,10,5,5
SL050,34073434133,110,109,64,45,1,0,1
SL050,34073434134,42,42,23,19,0,0,0
SL050,34073434135,463,446,251,195,17,9,8
SL050,34073434136,184,171,102,69,13,7,6
SL050,34073434137,24,24,16,8,0,0,0
SL050,34073434139,194,180,96,84,14,6,8
SL050,34073434140,105,104,56,48,1,1,0
SL050,34073434141,252,198,109,89,54,33,21
SL050,34073434143,184,174,105,69,10,5,5
SL050,34073434146,53,53,35,18,0,0,0
SL050,34073434147,198,190,104,86,8,5,3
SL050,34073434149,21,21,10,11,0,0,0
SL050,34073434151,154,153,89,64,1,1,0
SL050,34073434152,151,126,70,56,25,12,13
SL050,34073434154,80,79,45,34,1,1,0
SL050,34073434155,146,128,65,63,18,8,10
SL050,34073434156,52,52,34,18,0,0,0
SL050,34073434157,3004,2767,1400,1367,237,128,109
SL050,34073434158,317,305,156,149,12,9,3
SL050,34073434159,433,422,231,191,11,7,4
SL050,34073434160,162,158,87,71,4,1,3
SL050,34073434161,23,23,14,9,0,0,0
SL050,34073434163,51,48,24,24,3,2,1
SL050,34073434165,65,63,37,26,2,1,1
SL050,34073434167,120,120,68,52,0,0,0
SL050,34073434168,52,51,31,20,1,1,0
SL050,34073434169,459,429,242,187,30,17,13
SL050,34073434170,54,53,30,23,1,0,1
SL050,34073434171,1044,1031,507,524,13,7,6
SL050,34073434174,197,195,108,87,2,1,1
SL050,34073434175,100,93,59,34,7,3,4
SL050,34073434176,145,144,85,59,1,1,0
SL050,34073434177,191,191,109,82,0,0,0
SL050,34073434178,137,125,68,57,12,5,7
SL050,34073434179,25,25,15,10,0,0,0
SL050,34073434180,71,70,36,34,1,1,0
SL050,34073434181,490,478,255,223,12,5,7
SL050,34073434182,968,874,480,394,94,46,48
SL050,34073434184,45,44,24,20,1,1,0
SL050,34073434185,64,63,35,28,1,0,1
SL050,34073434186,47,47,25,22,0,0,0
SL050,34073434189,61,58,34,24,3,2,1
SL050,34073434190,51,51,28,23,0,0,0
SL050,34073434192,96,91,54,37,5,3,2
SL050,34073434196,88,88,52,36,0,0,0
SL050,34073434199,1299,1294,665,629,5,1,4
SL050,34073434201,184,180,95,85,4,4,0
SL050,34073434202,32,29,15,14,3,3,0
SL050,34073434204,48,47,28,19,1,0,1
SL050,34073434205,63,61,36,25,2,0,2
SL050,34073434206,963,945,482,463,18,9,9
SL050,34073434208,58,57,34,23,1,0,1
SL050,34073434210,104,104,52,52,0,0,0
SL050,34073434211,193,186,94,92,7,3,4
SL050,34073434213,57,57,31,26,0,0,0
SL050,34073434214,196,193,104,89,3,0,3
SL050,34073434215,169,168,87,81,1,1,0
SL050,34073434216,66,66,39,27,0,0,0
SL050,34073434217,1652,1621,819,802,31,13,18
SL050,34073434218,589,491,272,219,98,61,37
SL050,34073434220,177,171,97,74,6,2,4
SL050,34073434221,175,175,97,78,0,0,0
SL050,34073434222,118,118,64,54,0,0,0
SL050,34073434223,235,222,132,90,13,6,7
SL050,34073434224,45,45,30,15,0,0,0
SL050,34073434225,6503,6237,3224,3013,266,136,130
SL050,34073434227,75,74,36,38,1,1,0
SL050,34073434228,90,82,48,34,8,3,5
SL050,34073434229,62,58,39,19,4,2,2
SL050,34073434230,16,16,11,5,0,0,0
SL050,34073434231,207,203,108,95,4,3,1
SL050,34073434232,826,799,439,360,27,12,15
SL050,34073434233,143,137,78,59,6,6,0
SL050,34073434234,71,71,48,23,0,0,0
SL050,34073434236,155,151,79,72,4,3,1
SL050,34073434237,665,655,330,325,10,5,5
SL050,34073434238,365,343,167,176,22,10,12
SL050,34073434240,97,96,52,44,1,0,1
SL050,34073434241,17,17,10,7,0,0,0
SL050,34073434242,109,96,49,47,13,8,5
SL050,34073434243,369,349,185,164,20,9,11
SL050,34073434245,327,323,182,141,4,1,3
SL050,34073434246,75,72,37,35,3,2,1
SL050,34073434901,1225,1199,638,561,26,16,10
SL050,34073434902,174,147,87,60,27,20,7
SL050,34073434903,198,195,114,81,3,0,3
SL050,34073434904,320,319,183,136,1,1,0
SL050,34053535001,5573,5270,2634,2636,303,149,154
SL050,34053535002,31152,29343,14832,14511,1809,945,864
SL050,34053535003,11948,6676,3613,3063,5272,2757,2515
SL050,34053535004,61351,50671,25203,25468,10680,5521,5159
SL050,34053535005,1090,1083,586,497,7,3,4
SL050,34053535006,37691,36953,18379,18574,738,356,382
SL050,34053535007,731,596,313,283,135,72,63
SL050,34053535008,7491,7339,3697,3642,152,69,83
SL050,34053535009,24209,23793,11898,11895,416,220,196
SL050,34053535010,4969,4274,2200,2074,695,332,363
SL050,34053535011,30831,29617,14935,14682,1214,597,617
SL050,34053535012,19657,13012,6817,6195,6645,3329,3316
SL050,34053535013,7728,7617,3890,3727,111,43,68
SL050,34053535014,25884,14682,7734,6948,11202,5771,5431
SL050,34053535015,20539,13270,7034,6236,7269,3627,3642
SL050,34053535016,378517,352843,170745,182098,25674,12289,13385
SL050,34053535017,39382,33595,17071,16524,5787,2918,2869
SL050,34053535018,18327,15877,8039,7838,2450,1142,1308
SL050,34053535019,53588,38877,20289,18588,14711,7643,7068
SL050,34053535020,7608,6924,3519,3405,684,363,321
SL050,34053535021,18314,17571,8754,8817,743,348,395
SL050,34053535022,71863,62743,31357,31386,9120,4559,4561
SL050,34053535023,13924,13685,6790,6895,239,138,101
SL050,34053535024,22122,17583,8993,8590,4539,2186,2353
SL050,34053535025,1921,1895,1025,870,26,16,10
SL050,34053535026,102424,99405,48953,50452,3019,1458,1561
SL050,34053535027,12449,12264,6308,5956,185,84,101
SL050,34053535028,20006,12195,6302,5893,7811,3957,3854
SL050,34053535029,6119,5338,2761,2577,781,415,366
SL050,34053535030,14791,12344,6316,6028,2447,1243,1204
SL050,34053535031,9278,8924,4509,4415,354,161,193
SL050,34053535032,3784,3737,1950,1787,47,24,23
SL050,34053535033,7625,7459,3860,3599,166,78,88
SL050,34053535034,16289,10242,5368,4874,6047,3068,2979
SL050,34123636001,2637,2615,1334,1281,22,14,8
SL050,34123636002,3716,3683,1823,1860,33,23,10
SL050,34123636003,12134,11789,5817,5972,345,167,178
SL050,34123636004,12148,11994,5913,6081,154,70,84
SL050,34123636005,9860,9589,4631,4958,271,117,154
SL050,34123636006,13814,13518,6519,6999,296,154,142
SL050,34123636007,1806,1790,841,949,16,7,9
SL050,34123636008,26487,25935,12804,13131,552,274,278
SL050,34123636009,5173,5060,2473,2587,113,54,59
SL050,34123636010,3349,3316,1611,1705,33,12,21
SL050,34123636013,2417,2351,1195,1156,66,29,37
SL050,34123636014,2032,1983,953,1030,49,28,21
SL050,34123636015,4710,4632,2204,2428,78,39,39
SL050,34123636016,1110,1101,574,527,9,5,4
SL050,34123636017,20661,20242,9698,10544,419,214,205
SL050,34123636018,3451,3417,1641,1776,34,8,26
SL050,34123636019,1640,1606,766,840,34,17,17
SL050,34123636020,2370,2335,1167,1168,35,15,20
SL050,34123636021,14236,14053,6991,7062,183,83,100
SL050,34123636022,10700,10504,5196,5308,196,93,103
SL050,34123636023,10013,9749,4741,5008,264,134,130
SL050,34123636024,20103,18936,9157,9779,1167,586,581
SL050,34123636025,2430,2355,1164,1191,75,28,47
SL050,34123636026,24362,23627,11720,11907,735,455,280
SL050,34123636027,5315,5210,2555,2655,105,40,65
SL050,34123636028,4776,4697,2240,2457,79,39,40
SL050,34123636029,19448,19148,9304,9844,300,131,169
SL050,34123636030,4496,4473,2224,2249,23,8,15
SL050,34123636031,618,607,309,298,11,8,3
SL050,34123636032,4200,4147,1996,2151,53,29,24
SL050,34123636033,15142,14685,7222,7463,457,268,189
SL050,34123636034,3892,3817,1835,1982,75,46,29
SL050,34123636035,17723,17220,8456,8764,503,245,258
SL050,34123636036,3018,2942,1477,1465,76,36,40
SL050,34123636037,2980,2943,1443,1500,37,18,19
SL050,34123636038,82802,79882,37769,42113,2920,1420,1500
SL050,34123636039,19740,18743,9250,9493,997,485,512
SL050,34123636040,2984,2949,1416,1533,35,15,20
SL050,34123636041,17018,16516,8199,8317,502,242,260
SL050,34123636042,22854,22028,10686,11342,826,405,421
SL050,34123636043,5491,5400,2592,2808,91,50,41
SL050,34123636044,3037,2989,1482,1507,48,23,25
SL050,34123636045,29194,28760,14029,14731,434,190,244
SL050,34123636046,5069,4933,2412,2521,136,66,70
SL050,34123636047,2509,2484,1259,1225,25,15,10
SL050,34123636048,6249,6143,3016,3127,106,54,52
SL050,34123636049,9146,8775,4363,4412,371,194,177
SL050,34123636050,9691,9023,4483,4540,668,363,305
SL050,34123636051,17212,16761,8268,8493,451,219,232
SL050,34123636052,8698,8307,4032,4275,391,205,186
SL050,34123636053,7305,7068,3509,3559,237,113,124
SL050,34123636054,13464,13011,6542,6469,453,240,213
SL050,34123636055,16902,16034,7674,8360,868,490,378
SL050,34123636056,5927,5887,2895,2992,40,19,21
SL050,34123636057,293642,280653,132786,147867,12989,6194,6795
SL050,34123636058,5954,5814,2830,2984,140,69,71
SL050,34123636059,5273,5194,2559,2635,79,30,49
SL050,34123636060,37519,36137,17355,18782,1382,615,767
SL050,34123636061,10352,10176,4951,5225,176,84,92
SL050,34123636901,4958,4917,2441,2476,41,18,23
SL050,34123636902,5815,5706,2750,2956,109,45,64
SL050,34073737001,193,189,100,89,4,2,2
SL050,34073737002,146,146,75,71,0,0,0
SL050,34073737003,120,119,65,54,1,0,1
SL050,34073737004,34,29,16,13,5,3,2
SL050,34073737005,76,76,39,37,0,0,0
SL050,34073737006,138,123,66,57,15,3,12
SL050,34073737007,463,461,240,221,2,1,1
SL050,34073737008,5166,5041,2527,2514,125,64,61
SL050,34073737009,220,214,116,98,6,3,3
SL050,34073737010,1107,1074,524,550,33,23,10
SL050,34073737011,116,113,56,57,3,2,1
SL050,34073737012,155,155,83,72,0,0,0
SL050,34073737013,116,116,61,55,0,0,0
SL050,34073737014,1239,1226,619,607,13,5,8
SL050,34073737015,266,215,109,106,51,32,19
SL050,34073737016,696,684,345,339,12,4,8
SL050,34073737017,256,234,126,108,22,10,12
SL050,34073737018,113,112,64,48,1,1,0
SL050,34073737019,141,141,78,63,0,0,0
SL050,34073737020,486,477,260,217,9,3,6
SL050,34073737021,74,74,35,39,0,0,0
SL050,34073737022,269,267,137,130,2,1,1
SL050,34073737023,1989,1959,985,974,30,10,20
SL050,34073737024,102,100,52,48,2,1,1
SL050,34073737025,290,288,154,134,2,1,1
SL050,34073737026,195,187,100,87,8,4,4
SL050,34073737027,254,246,138,108,8,5,3
SL050,34073737028,157,155,91,64,2,1,1
SL050,34073737029,215,213,122,91,2,0,2
SL050,34073737030,93,93,50,43,0,0,0
SL050,34073737031,372,372,208,164,0,0,0
SL050,34073737032,644,631,338,293,13,8,5
SL050,34073737033,102,98,52,46,4,3,1
SL050,34073737034,86,85,42,43,1,0,1
SL050,34073737035,200,181,100,81,19,14,5
SL050,34073737036,56,54,31,23,2,1,1
SL050,34073737037,113,113,64,49,0,0,0
SL050,34073737038,911,885,457,428,26,12,14
SL050,34073737039,309,306,157,149,3,1,2
SL050,34073737040,410,409,216,193,1,1,0
SL050,34073737041,75,75,42,33,0,0,0
SL050,34073737042,46,46,30,16,0,0,0
SL050,34073737044,442,441,237,204,1,1,0
SL050,34073737045,26,26,14,12,0,0,0
SL050,34073737046,12961,12536,5924,6612,425,209,216
SL050,34073737047,223,206,112,94,17,9,8
SL050,34073737049,132,131,66,65,1,0,1
SL050,34073737050,69,69,40,29,0,0,0
SL050,34073737051,85,84,48,36,1,0,1
SL050,34073737052,315,315,155,160,0,0,0
SL050,34073737054,286,279,148,131,7,2,5
SL050,34073737055,137,126,68,58,11,6,5
SL050,34073737056,53,48,22,26,5,2,3
SL050,34073737057,231,230,127,103,1,0,1
SL050,34073737058,56,56,29,27,0,0,0
SL050,34073737059,132,132,69,63,0,0,0
SL050,34073737060,351,318,174,144,33,15,18
SL050,34073737061,232,219,111,108,13,6,7
SL050,34073737062,77,77,45,32,0,0,0
SL050,34073737063,67,67,41,26,0,0,0
SL050,34073737065,291,291,157,134,0,0,0
SL050,34073737067,4256,4154,2089,2065,102,40,62
SL050,34073737068,383,371,189,182,12,6,6
SL050,34073737069,1152,1114,600,514,38,10,28
SL050,34073737070,600,591,322,269,9,2,7
SL050,34073737071,86,86,46,40,0,0,0
SL050,34073737072,161,159,82,77,2,2,0
SL050,34073737073,676,664,335,329,12,5,7
SL050,34073737074,164,150,82,68,14,14,0
SL050,34073737077,266,266,153,113,0,0,0
SL050,34073737078,906,899,453,446,7,5,2
SL050,34073737079,77,77,54,23,0,0,0
SL050,34073737080,260,257,138,119,3,1,2
SL050,34073737081,986,979,516,463,7,2,5
SL050,34073737082,878,856,467,389,22,15,7
SL050,34073737083,195,191,106,85,4,2,2
SL050,34073737085,6947,6779,3391,3388,168,65,103
SL050,34073737086,100,100,57,43,0,0,0
SL050,34073737087,1188,1165,610,555,23,12,11
SL050,34073737088,217,216,116,100,1,1,0
SL050,34073737089,68,66,36,30,2,1,1
SL050,34073737090,61,61,28,33,0,0,0
SL050,34073737091,191,179,88,91,12,6,6
SL050,34073737092,2615,2502,1294,1208,113,45,68
SL050,34073737096,216,216,127,89,0,0,0
SL050,34073737097,42,42,27,15,0,0,0
SL050,34073737098,331,329,164,165,2,2,0
SL050,34073737099,66,65,33,32,1,1,0
SL050,34073737100,76,75,41,34,1,0,1
SL050,34073737101,154,153,85,68,1,1,0
SL050,34073737102,409,407,204,203,2,0,2
SL050,34073737103,490,484,258,226,6,4,2
SL050,34073737104,25,25,12,13,0,0,0
SL050,34073737106,279,275,144,131,4,2,2
SL050,34073737107,12513,12141,5851,6290,372,180,192
SL050,34073737108,108,100,47,53,8,3,5
SL050,34073737109,182,180,101,79,2,2,0
SL050,34073737110,123,122,63,59,1,0,1
SL050,34073737112,155,155,89,66,0,0,0
SL050,34073737113,450,449,242,207,1,0,1
SL050,34073737114,78,76,41,35,2,1,1
SL050,34073737115,127,126,69,57,1,0,1
SL050,34073737116,73,73,39,34,0,0,0
SL050,34073737117,2050,2016,1056,960,34,16,18
SL050,34073737118,126,124,70,54,2,2,0
SL050,34073737119,103,103,61,42,0,0,0
SL050,34073737120,110,110,53,57,0,0,0
SL050,34073737121,635,634,337,297,1,0,1
SL050,34073737122,233,233,118,115,0,0,0
SL050,34073737123,170,170,92,78,0,0,0
SL050,34073737124,225,221,120,101,4,2,2
SL050,34073737125,235,233,135,98,2,1,1
SL050,34073737126,34,34,20,14,0,0,0
SL050,34073737127,231,224,116,108,7,2,5
SL050,34073737128,279,279,152,127,0,0,0
SL050,34073737129,272,268,146,122,4,1,3
SL050,34073737130,193,189,103,86,4,3,1
SL050,34073737131,191,178,99,79,13,6,7
SL050,34073737132,362,356,179,177,6,3,3
SL050,34073737133,109,108,63,45,1,1,0
SL050,34073737134,217,217,120,97,0,0,0
SL050,34073737135,1336,1308,653,655,28,15,13
SL050,34073737136,680,677,336,341,3,0,3
SL050,34073737137,108,102,52,50,6,2,4
SL050,34073737138,248,242,124,118,6,3,3
SL050,34073737139,232,211,104,107,21,12,9
SL050,34073737140,1188,713,349,364,475,277,198
SL050,34073737141,160,159,73,86,1,1,0
SL050,34073737142,690,676,389,287,14,7,7
SL050,34073737143,429,427,209,218,2,1,1
SL050,34073737144,385,378,205,173,7,3,4
SL050,34073737145,280,265,135,130,15,5,10
SL050,34073737146,115,115,65,50,0,0,0
SL050,34073737147,187,182,105,77,5,3,2
SL050,34073737148,464,450,239,211,14,6,8
SL050,34073737149,64,64,37,27,0,0,0
SL050,34073737150,38,38,22,16,0,0,0
SL050,34073737151,154,154,79,75,0,0,0
SL050,34073737152,444,441,237,204,3,1,2
SL050,34073737154,145,145,85,60,0,0,0
SL050,34073737155,68,66,40,26,2,1,1
SL050,34073737156,5660,5168,2571,2597,492,254,238
SL050,34073737157,78,78,47,31,0,0,0
SL050,34073737158,264,263,149,114,1,0,1
SL050,34073737159,83,83,40,43,0,0,0
SL050,34073737160,669,656,329,327,13,8,5
SL050,34073737161,140,130,68,62,10,7,3
SL050,34073737162,222,222,116,106,0,0,0
SL050,34073737163,37,37,21,16,0,0,0
SL050,34073737164,299,290,164,126,9,3,6
SL050,34073737165,34,33,15,18,1,0,1
SL050,34073737166,224,219,112,107,5,4,1
SL050,34073737167,191,190,100,90,1,0,1
SL050,34073737168,486,444,243,201,42,19,23
SL050,34073737169,192,186,107,79,6,3,3
SL050,34073737170,1636,1546,776,770,90,50,40
SL050,34073737171,478,463,232,231,15,9,6
SL050,34073737172,963,938,509,429,25,17,8
SL050,34073737173,1619,1597,806,791,22,13,9
SL050,34073737174,1085,1082,563,519,3,0,3
SL050,34073737175,459,448,234,214,11,3,8
SL050,34073737176,140,140,77,63,0,0,0
SL050,34073737177,266,264,148,116,2,1,1
SL050,34073737178,100,98,56,42,2,0,2
SL050,34073737179,212,209,111,98,3,1,2
SL050,34073737180,72,72,39,33,0,0,0
SL050,34073737181,285,282,152,130,3,1,2
SL050,34073737182,84,77,47,30,7,3,4
SL050,34073737183,421,418,218,200,3,0,3
SL050,34073737184,289,289,145,144,0,0,0
SL050,34073737185,633,619,335,284,14,8,6
SL050,34073737186,103,103,57,46,0,0,0
SL050,34073737187,627,623,312,311,4,2,2
SL050,34073737188,176,172,105,67,4,1,3
SL050,34073737189,114,113,68,45,1,0,1
SL050,34073737190,208,208,103,105,0,0,0
SL050,34073737191,115,115,68,47,0,0,0
SL050,34073737192,426,422,222,200,4,2,2
SL050,34073737193,399,389,207,182,10,7,3
SL050,34073737194,275,253,131,122,22,11,11
SL050,34073737195,44,41,24,17,3,2,1
SL050,34073737196,70,68,36,32,2,2,0
SL050,34073737197,91,91,52,39,0,0,0
SL050,34073737198,226,223,105,118,3,1,2
SL050,34073737199,142,141,74,67,1,1,0
SL050,34073737200,221,219,123,96,2,2,0
SL050,34073737201,266,265,142,123,1,0,1
SL050,34073737202,1323,1294,690,604,29,6,23
SL050,34073737203,158,154,87,67,4,3,1
SL050,34073737204,263,263,143,120,0,0,0
SL050,34073737205,230,229,124,105,1,1,0
SL050,34073737206,100,94,50,44,6,5,1
SL050,34073737207,384,367,206,161,17,7,10
SL050,34073737208,74,74,46,28,0,0,0
SL050,34073737209,493,477,257,220,16,5,11
SL050,34073737211,231,227,126,101,4,3,1
SL050,34073737212,98,98,53,45,0,0,0
SL050,34073737213,98,97,54,43,1,1,0
SL050,34073737214,131,126,70,56,5,2,3
SL050,34073737215,158,154,90,64,4,1,3
SL050,34073737216,332,331,182,149,1,0,1
SL050,34073737217,60,60,27,33,0,0,0
SL050,34073737218,56,55,36,19,1,1,0
SL050,34073737219,177,175,89,86,2,1,1
SL050,34073737221,460,450,234,216,10,6,4
SL050,34073737222,90,90,52,38,0,0,0
SL050,34073737223,100,100,53,47,0,0,0
SL050,34073737224,207,207,108,99,0,0,0
SL050,34073737225,113,113,60,53,0,0,0
SL050,34073737226,161,155,76,79,6,2,4
SL050,34073737228,354,352,188,164,2,1,1
SL050,34073737229,157,156,90,66,1,0,1
SL050,34073737230,249,242,124,118,7,3,4
SL050,34073737231,259,258,138,120,1,0,1
SL050,34073737232,406,405,238,167,1,1,0
SL050,34073737233,56,56,33,23,0,0,0
SL050,34073737234,335,331,162,169,4,2,2
SL050,34073737235,238,238,125,113,0,0,0
SL050,34073737236,142,138,79,59,4,3,1
SL050,34073737237,360,327,187,140,33,14,19
SL050,34073737238,126,123,65,58,3,1,2
SL050,34073737239,216,216,111,105,0,0,0
SL050,34073737240,1232,1186,639,547,46,21,25
SL050,34073737241,172,172,103,69,0,0,0
SL050,34073737242,85,85,51,34,0,0,0
SL050,34073737243,100,98,47,51,2,1,1
SL050,34073737244,146,142,69,73,4,1,3
SL050,34073737245,364,359,179,180,5,3,2
SL050,34073737246,6308,6118,3016,3102,190,80,110
SL050,34073737247,182,182,98,84,0,0,0
SL050,34073737248,157,155,83,72,2,0,2
SL050,34073737249,39,39,25,14,0,0,0
SL050,34073737250,341,338,180,158,3,1,2
SL050,34073737251,122,121,58,63,1,0,1
SL050,34073737252,113,111,63,48,2,1,1
SL050,34073737253,159,155,82,73,4,2,2
SL050,34073737254,188,187,104,83,1,1,0
SL050,34073737255,47,44,28,16,3,2,1
SL050,34073737256,223,215,123,92,8,4,4
SL050,34073737257,46,46,25,21,0,0,0
SL050,34073737258,177,156,80,76,21,14,7
SL050,34073737259,38,38,23,15,0,0,0
SL050,34073737260,149,149,77,72,0,0,0
SL050,34073737261,227,224,126,98,3,1,2
SL050,34073737262,79,78,44,34,1,0,1
SL050,34073737263,370,364,178,186,6,3,3
SL050,34073737264,59,59,29,30,0,0,0
SL050,34073737265,223,221,117,104,2,0,2
SL050,34073737266,79,78,45,33,1,1,0
SL050,34073737267,198,198,110,88,0,0,0
SL050,34073737268,117,116,66,50,1,0,1
SL050,34073737269,499,486,262,224,13,6,7
SL050,34073737270,196,192,97,95,4,3,1
SL050,34073737271,376,369,203,166,7,4,3
SL050,34073737272,147,146,81,65,1,0,1
SL050,34073737273,99,97,55,42,2,1,1
SL050,34073737274,143978,137202,62206,74996,6776,3072,3704
SL050,34073737275,109,109,60,49,0,0,0
SL050,34073737276,137,136,82,54,1,1,0
SL050,34073737277,75,73,35,38,2,1,1
SL050,34073737278,1015,970,519,451,45,19,26
SL050,34073737279,826,805,436,369,21,12,9
SL050,34073737280,84,84,44,40,0,0,0
SL050,34073737281,39,39,23,16,0,0,0
SL050,34073737282,222,217,117,100,5,2,3
SL050,34073737283,125,125,76,49,0,0,0
SL050,34073737284,347,336,190,146,11,5,6
SL050,34073737285,413,400,210,190,13,4,9
SL050,34073737286,219,216,116,100,3,2,1
SL050,34073737287,347,345,180,165,2,0,2
SL050,34073737288,337,325,181,144,12,6,6
SL050,34073737289,239,233,119,114,6,3,3
SL050,34073737290,145,144,80,64,1,0,1
SL050,34073737291,301,295,162,133,6,4,2
SL050,34073737292,89,89,49,40,0,0,0
SL050,34073737293,114,113,59,54,1,0,1
SL050,34073737294,14732,14200,7015,7185,532,234,298
SL050,34073737296,324,320,169,151,4,1,3
SL050,34073737297,467,447,224,223,20,10,10
SL050,34073737298,186,184,101,83,2,1,1
SL050,34073737299,244,241,127,114,3,2,1
SL050,34073737300,614,603,313,290,11,2,9
SL050,34073737301,91,91,52,39,0,0,0
SL050,34073737302,283,275,142,133,8,3,5
SL050,34073737303,193,192,105,87,1,1,0
SL050,34073737304,178,174,99,75,4,2,2
SL050,34073737305,239,235,116,119,4,0,4
SL050,34073737306,270,266,144,122,4,2,2
SL050,34073737307,154,154,80,74,0,0,0
SL050,34073737309,44,44,20,24,0,0,0
SL050,34073737310,187,187,91,96,0,0,0
SL050,34073737311,232,232,117,115,0,0,0
SL050,34073737312,273,270,139,131,3,3,0
SL050,34073737313,580,580,307,273,0,0,0
SL050,34073737314,107,97,57,40,10,5,5
SL050,34073737315,88,88,49,39,0,0,0
SL050,34073737316,804,791,402,389,13,6,7
SL050,34073737317,317,317,170,147,0,0,0
SL050,34073737318,212,210,121,89,2,2,0
SL050,34073737319,104,102,55,47,2,1,1
SL050,34073737320,90,88,48,40,2,2,0
SL050,34073737321,151,151,74,77,0,0,0
SL050,34073737322,3051,2883,1443,1440,168,94,74
SL050,34073737323,530,524,283,241,6,4,2
SL050,34073737324,362,362,196,166,0,0,0
SL050,34073737325,98,98,55,43,0,0,0
SL050,34073737327,191,191,96,95,0,0,0
SL050,34073737328,200,185,92,93,15,6,9
SL050,34073737329,43,43,23,20,0,0,0
SL050,34073737330,351,351,179,172,0,0,0
SL050,34073737331,203,201,114,87,2,1,1
SL050,34073737332,79,78,43,35,1,0,1
SL050,34073737333,214,214,127,87,0,0,0
SL050,34073737334,73,73,37,36,0,0,0
SL050,34073737335,407,401,197,204,6,2,4
SL050,34073737336,65,65,41,24,0,0,0
SL050,34073737337,152,152,74,78,0,0,0
SL050,34073737338,100,96,49,47,4,1,3
SL050,34073737339,330,326,181,145,4,3,1
SL050,34073737340,149,149,83,66,0,0,0
SL050,34073737341,74,50,25,25,24,18,6
SL050,34073737342,288,281,146,135,7,4,3
SL050,34073737343,76,76,35,41,0,0,0
SL050,34073737344,264,257,130,127,7,3,4
SL050,34073737345,168,160,88,72,8,3,5
SL050,34073737346,285,277,131,146,8,3,5
SL050,34073737347,554,537,296,241,17,6,11
SL050,34073737348,112,112,65,47,0,0,0
SL050,34073737349,116,112,54,58,4,2,2
SL050,34073737350,422,421,210,211,1,0,1
SL050,34073737351,282,282,145,137,0,0,0
SL050,34073737352,206,201,117,84,5,3,2
SL050,34073737353,133,132,75,57,1,0,1
SL050,34073737354,7207,7023,3535,3488,184,70,114
SL050,34073737355,159,149,77,72,10,3,7
SL050,34073737356,95,90,47,43,5,2,3
SL050,34073737357,279,276,139,137,3,3,0
SL050,34073737358,201,172,98,74,29,29,0
SL050,34073737359,179,175,92,83,4,2,2
SL050,34073737360,229,226,114,112,3,1,2
SL050,34073737361,89,89,50,39,0,0,0
SL050,34073737362,6316,6105,3031,3074,211,103,108
SL050,34073737363,123,121,58,63,2,1,1
SL050,34073737364,805,799,414,385,6,3,3
SL050,34073737365,197,189,107,82,8,4,4
SL050,34073737366,43,43,28,15,0,0,0
SL050,34073737367,191,191,106,85,0,0,0
SL050,34073737368,23,22,7,15,1,1,0
SL050,34073737369,135,134,79,55,1,0,1
SL050,34073737370,324,322,184,138,2,2,0
SL050,34073737371,283,278,153,125,5,2,3
SL050,34073737372,145,144,82,62,1,0,1
SL050,34073737373,785,769,404,365,16,6,10
SL050,34073737374,1358,1327,673,654,31,14,17
SL050,34073737375,780,758,382,376,22,10,12
SL050,34073737376,2538,2482,1212,1270,56,25,31
SL050,34073737377,244,242,129,113,2,0,2
SL050,34073737378,98,98,57,41,0,0,0
SL050,34073737379,206,206,126,80,0,0,0
SL050,34073737380,59,57,32,25,2,1,1
SL050,34073737381,148,144,81,63,4,2,2
SL050,34073737382,160,160,83,77,0,0,0
SL050,34053838001,47280,25774,13051,12723,21506,10793,10713
SL050,34053838002,1067,1020,525,495,47,20,27
SL050,34053838003,2006,1744,926,818,262,134,128
SL050,34053838004,5562,5377,2647,2730,185,86,99
SL050,34053838005,7831,6606,3437,3169,1225,655,570
SL050,34053838006,79448,49888,25318,24570,29560,15320,14240
SL050,34053838007,1855,1783,909,874,72,32,40
SL050,34053838008,7154,6745,3325,3420,409,174,235
SL050,34053838009,5498,5024,2569,2455,474,221,253
SL050,34053838010,4755,4552,2311,2241,203,94,109
SL050,34053838011,27641,25791,12549,13242,1850,877,973
SL050,34053838012,2768,2663,1395,1268,105,49,56
SL050,34053838013,4018,3517,1782,1735,501,240,261
SL050,34053838014,1709,1560,797,763,149,75,74
SL050,34053838015,4819,4606,2307,2299,213,104,109
SL050,34053838016,1626,1287,690,597,339,163,176
SL050,34053838017,48374,37523,18733,18790,10851,5423,5428
SL050,34053838018,5428,5226,2554,2672,202,93,109
SL050,34053838019,20991,16528,8236,8292,4463,2249,2214
SL050,34053838020,19739,18777,9310,9467,962,482,480
SL050,34053838021,1805,1688,873,815,117,54,63
SL050,34053838022,22749,21435,10576,10859,1314,622,692
SL050,34053838023,155549,147155,71395,75760,8394,3966,4428
SL050,34053838024,20171,18112,8770,9342,2059,999,1060
SL050,34053838025,8956,8524,4310,4214,432,197,235
SL050,34053838026,41833,40265,19815,20450,1568,697,871
SL050,34053838027,7543,6598,3288,3310,945,459,486
SL050,34053838028,30483,25405,12438,12967,5078,2464,2614
SL050,34053838029,2073,1593,816,777,480,239,241
SL050,34053838030,2493,2286,1140,1146,207,94,113
SL050,34053838031,36405,34756,17140,17616,1649,728,921
SL050,34053838032,17352,16337,8311,8026,1015,461,554
SL050,34053838033,4112,3959,1994,1965,153,71,82
SL050,34053838034,4799,4693,2332,2361,106,48,58
SL050,34053838035,19672,12935,6528,6407,6737,3367,3370
SL050,34053838036,8945,8084,4068,4016,861,413,448
SL050,34053838037,15674,14862,7201,7661,812,387,425
SL050,34053838038,204856,193400,92290,101110,11456,5551,5905
SL050,34053838039,14445,13285,6672,6613,1160,551,609
SL050,34053838040,10755,6510,3278,3232,4245,2069,2176
SL050,34053838041,8947,8333,4111,4222,614,296,318
SL050,34053838042,4757,4373,2179,2194,384,195,189
SL050,34053838043,23961,23113,11493,11620,848,415,433
SL050,34053838044,2670,2533,1226,1307,137,67,70
SL050,34053838045,4600,4077,2095,1982,523,255,268
SL050,34053838046,11203,10965,5400,5565,238,131,107
SL050,34053838047,2564,2009,1036,973,555,262,293
SL050,34053838048,4955,4604,2339,2265,351,161,190
SL050,34053838049,4484,3097,1598,1499,1387,658,729
SL050,34053838050,2829,2599,1336,1263,230,135,95
SL050,34053838051,9040,8730,4389,4341,310,151,159
SL050,34053838052,1645,1459,755,704,186,96,90
SL050,34053838053,4791,4395,2236,2159,396,172,224
SL050,34053838901,1825,1637,869,768,188,94,94
SL050,34063939001,2408,2346,1209,1137,62,24,38
SL050,34063939002,4219,4086,2075,2011,133,64,69
SL050,34063939003,279,279,149,130,0,0,0
SL050,34063939004,1676,1651,856,795,25,8,17
SL050,34063939005,1723,1667,860,807,56,25,31
SL050,34063939006,2108,2030,1038,992,78,36,42
SL050,34063939007,470,452,261,191,18,6,12
SL050,34063939008,18108,17074,8351,8723,1034,489,545
SL050,34063939009,4186,3986,2074,1912,200,104,96
SL050,34063939010,680,669,341,328,11,2,9
SL050,34063939011,1972,1860,952,908,112,53,59
SL050,34063939012,8349,8143,3931,4212,206,90,116
SL050,34063939013,592,576,329,247,16,9,7
SL050,34063939014,999,983,536,447,16,10,6
SL050,34063939015,946,925,527,398,21,8,13
SL050,34063939016,30263,29127,14277,14850,1136,534,602
SL050,34063939017,668,640,349,291,28,11,17
SL050,34063939018,5778,5571,2806,2765,207,95,112
SL050,34063939019,2809,2693,1391,1302,116,52,64
SL050,34063939020,31977,29545,14724,14821,2432,1119,1313
SL050,34063939021,539,535,274,261,4,0,4
SL050,34063939022,1337,1165,612,553,172,83,89
SL050,34063939023,8453,7999,3918,4081,454,227,227
SL050,34063939024,2156,2055,969,1086,101,52,49
SL050,34063939025,10910,10426,5083,5343,484,248,236
SL050,34063939026,2041,1982,1011,971,59,27,32
SL050,34063939027,3750,3652,1884,1768,98,41,57
SL050,34063939028,5090,4893,2477,2416,197,94,103
SL050,34063939029,771,713,372,341,58,27,31
SL050,34063939030,2347,2273,1171,1102,74,33,41
SL050,34063939031,1541,1486,744,742,55,29,26
SL050,34063939032,1627,1610,890,720,17,9,8
SL050,34063939033,609,595,340,255,14,4,10
SL050,34063939034,287,285,181,104,2,1,1
SL050,34063939035,11148,10686,5096,5590,462,205,257
SL050,34063939036,1194,1168,599,569,26,14,12
SL050,34063939037,2370,2283,1138,1145,87,31,56
SL050,34063939038,1867,1801,898,903,66,34,32
SL050,34063939039,601,593,324,269,8,5,3
SL050,34063939040,5118,4979,2492,2487,139,58,81
SL050,34063939041,2120,2091,1074,1017,29,12,17
SL050,34063939042,7520,7197,3496,3701,323,136,187
SL050,34063939043,1982,1867,940,927,115,55,60
SL050,34063939044,4713,4531,2288,2243,182,92,90
SL050,34063939045,389,379,194,185,10,7,3
SL050,34063939046,1544,1503,755,748,41,19,22
SL050,34063939047,2539,2345,1174,1171,194,94,100
SL050,34063939048,2108,2075,1054,1021,33,14,19
SL050,34063939049,321,314,171,143,7,5,2
SL050,34063939050,285,282,164,118,3,1,2
SL050,34063939051,68,68,43,25,0,0,0
SL050,34063939052,25223,24115,11988,12127,1108,496,612
SL050,34063939053,238,236,150,86,2,1,1
SL050,34063939054,5845,5671,2816,2855,174,75,99
SL050,34063939055,1350,1232,595,637,118,58,60
SL050,34063939056,2868,2793,1417,1376,75,43,32
SL050,34063939057,2881,2766,1390,1376,115,56,59
SL050,34063939058,952,929,480,449,23,13,10
SL050,34063939059,9095,8734,4114,4620,361,152,209
SL050,34063939060,8381,8226,4052,4174,155,72,83
SL050,34063939061,4447,4165,2108,2057,282,135,147
SL050,34063939062,2257,2166,1131,1035,91,39,52
SL050,34063939063,1038,1015,576,439,23,8,15
SL050,34063939064,1609,1563,745,818,46,22,24
SL050,34063939065,268,267,154,113,1,0,1
SL050,34063939066,1026,1004,543,461,22,9,13
SL050,34063939067,872,856,467,389,16,6,10
SL050,34063939068,732,701,360,341,31,13,18
SL050,34063939069,2387,2338,1171,1167,49,27,22
SL050,34063939070,147,146,76,70,1,0,1
SL050,34063939071,466,462,258,204,4,2,2
SL050,34063939072,370,365,217,148,5,3,2
SL050,34063939073,12964,12482,6171,6311,482,212,270
SL050,34063939074,9060,8553,4272,4281,507,282,225
SL050,34063939075,172044,159362,73253,86109,12682,6118,6564
SL050,34063939076,4172,4078,2001,2077,94,50,44
SL050,34063939077,257,251,149,102,6,2,4
SL050,34063939078,1623,1605,836,769,18,9,9
SL050,34063939079,11050,10510,5103,5407,540,285,255
SL050,34063939080,4158,4045,2007,2038,113,55,58
SL050,34063939081,512,503,264,239,9,3,6
SL050,34063939082,1891,1861,938,923,30,9,21
SL050,34063939083,1193,1183,658,525,10,4,6
SL050,34063939084,1050,1012,534,478,38,23,15
SL050,34063939085,8716,8394,4154,4240,322,140,182
SL050,34063939086,400,387,227,160,13,6,7
SL050,34063939087,51687,48545,22724,25821,3142,1617,1525
SL050,34063939088,64,62,42,20,2,2,0
SL050,34063939089,140,139,97,42,1,1,0
SL050,34063939090,925,915,467,448,10,6,4
SL050,34063939091,2191,2150,1115,1035,41,22,19
SL050,34063939092,967,950,506,444,17,6,11
SL050,34063939093,316,303,175,128,13,6,7
SL050,34063939094,974,911,514,397,63,35,28
SL050,34063939095,2772,2684,1397,1287,88,44,44
SL050,34063939096,745,731,382,349,14,7,7
SL050,34063939097,775,768,402,366,7,4,3
SL050,34063939098,1604,1586,832,754,18,8,10
SL050,34063939099,3912,3841,1909,1932,71,32,39
SL050,34063939100,1029,991,511,480,38,21,17
SL050,34063939101,286,272,149,123,14,6,8
SL050,34063939102,2745,2613,1399,1214,132,65,67
SL050,34074040001,845,822,409,413,23,11,12
SL050,34074040002,44,42,22,20,2,1,1
SL050,34074040003,139,133,74,59,6,4,2
SL050,34074040004,587,510,250,260,77,37,40
SL050,34074040005,27,27,18,9,0,0,0
SL050,34074040006,22,22,13,9,0,0,0
SL050,34074040007,76,74,47,27,2,1,1
SL050,34074040008,56,53,28,25,3,2,1
SL050,34074040009,48,46,32,14,2,2,0
SL050,34074040010,123,121,63,58,2,1,1
SL050,34074040012,301,285,152,133,16,7,9
SL050,34074040013,57,57,33,24,0,0,0
SL050,34074040014,57,55,32,23,2,1,1
SL050,34074040015,25,23,13,10,2,1,1
SL050,34074040016,55,54,27,27,1,1,0
SL050,34074040017,131,96,41,55,35,19,16
SL050,34074040018,79,77,45,32,2,0,2
SL050,34074040019,32,30,23,7,2,0,2
SL050,34074040020,175,160,77,83,15,6,9
SL050,34074040021,21,21,12,9,0,0,0
SL050,34074040022,229,218,124,94,11,7,4
SL050,34074040024,1203,1020,529,491,183,94,89
SL050,34074040025,169,147,78,69,22,13,9
SL050,34074040026,149,143,60,83,6,2,4
SL050,34074040028,111,103,57,46,8,3,5
SL050,34074040029,25,25,13,12,0,0,0
SL050,34074040030,494,475,264,211,19,7,12
SL050,34074040031,760,697,372,325,63,34,29
SL050,34074040032,716,475,243,232,241,126,115
SL050,34074040033,86,76,43,33,10,5,5
SL050,34074040034,85,84,47,37,1,0,1
SL050,34074040035,186,171,92,79,15,8,7
SL050,34074040036,671,576,293,283,95,52,43
SL050,34074040037,30,30,16,14,0,0,0
SL050,34074040039,258,215,118,97,43,19,24
SL050,34074040040,3543,2986,1483,1503,557,276,281
SL050,34074040041,1321,1156,600,556,165,95,70
SL050,34074040043,2529,2120,1085,1035,409,224,185
SL050,34074040044,147,143,78,65,4,0,4
SL050,34074040045,157,134,75,59,23,10,13
SL050,34074040046,130,91,53,38,39,19,20
SL050,34074040047,29,29,19,10,0,0,0
SL050,34074040048,36,36,19,17,0,0,0
SL050,34074040049,50,50,28,22,0,0,0
SL050,34074040051,45,39,22,17,6,4,2
SL050,34074040052,95,78,45,33,17,6,11
SL050,34074040053,117,90,48,42,27,14,13
SL050,34074040054,138,118,70,48,20,8,12
SL050,34074040055,35,35,22,13,0,0,0
SL050,34074040056,34,33,17,16,1,0,1
SL050,34074040057,1774,1642,828,814,132,64,68
SL050,34074040058,334,333,167,166,1,0,1
SL050,34074040059,123,118,57,61,5,3,2
SL050,34074040060,95,79,44,35,16,9,7
SL050,34074040061,78,70,43,27,8,4,4
SL050,34074040062,77,66,42,24,11,5,6
SL050,34074040063,9584,8172,4114,4058,1412,724,688
SL050,34074040065,754,526,291,235,228,89,139
SL050,34074040068,27,27,17,10,0,0,0
SL050,34074040069,91,88,49,39,3,2,1
SL050,34074040070,178,161,97,64,17,9,8
SL050,34074040071,43,42,22,20,1,0,1
SL050,34074040072,273,266,144,122,7,4,3
SL050,34074040073,501,438,232,206,63,31,32
SL050,34074040074,300,281,154,127,19,10,9
SL050,34074040075,173,169,91,78,4,1,3
SL050,34074040076,9061,8065,4132,3933,996,470,526
SL050,34074040077,1301,1186,630,556,115,59,56
SL050,34074040078,166,157,90,67,9,3,6
SL050,34074040079,262,242,136,106,20,8,12
SL050,34074040080,71,55,32,23,16,7,9
SL050,34074040081,116,116,62,54,0,0,0
SL050,34074040082,119,115,63,52,4,2,2
SL050,34074040083,172,76,47,29,96,31,65
SL050,34074040084,60,60,35,25,0,0,0
SL050,34074040086,852,782,415,367,70,34,36
SL050,34074040087,96,91,51,40,5,2,3
SL050,34074040088,343,305,154,151,38,22,16
SL050,34074040089,241,235,126,109,6,2,4
SL050,34074040091,103,101,56,45,2,1,1
SL050,34074040092,142,118,65,53,24,17,7
SL050,34074040093,94,85,47,38,9,5,4
SL050,34074040094,450,424,219,205,26,14,12
SL050,34074040095,688,526,270,256,162,92,70
SL050,34074040097,223,151,89,62,72,38,34
SL050,34074040099,58,54,31,23,4,3,1
SL050,34074040100,308,295,161,134,13,8,5
SL050,34074040101,1404,1286,683,603,118,50,68
SL050,34074040103,179,176,103,73,3,0,3
SL050,34074040104,361,322,179,143,39,13,26
SL050,34074040105,43,42,23,19,1,0,1
SL050,34074040106,208,200,98,102,8,5,3
SL050,34074040107,116,97,57,40,19,9,10
SL050,34074040108,111,111,65,46,0,0,0
SL050,34074040109,82,74,43,31,8,7,1
SL050,34074040110,355,341,176,165,14,8,6
SL050,34074040111,67,56,29,27,11,6,5
SL050,34074040112,3773,3437,1755,1682,336,156,180
SL050,34074040113,523,498,282,216,25,11,14
SL050,34074040115,97,91,53,38,6,3,3
SL050,34074040118,53,53,30,23,0,0,0
SL050,34074040119,225,202,119,83,23,14,9
SL050,34074040120,222,215,114,101,7,1,6
SL050,34074040121,288,273,141,132,15,8,7
SL050,34074040122,617,570,310,260,47,24,23
SL050,34074040123,178,152,84,68,26,13,13
SL050,34074040124,264,255,135,120,9,4,5
SL050,34074040125,89,83,50,33,6,3,3
SL050,34074040126,77,77,40,37,0,0,0
SL050,34074040127,29,29,16,13,0,0,0
SL050,34074040128,137,133,73,60,4,2,2
SL050,34074040129,185,181,100,81,4,0,4
SL050,34074040130,148,142,86,56,6,2,4
SL050,34074040131,61,56,32,24,5,3,2
SL050,34074040132,54,54,31,23,0,0,0
SL050,34074040134,904,765,402,363,139,86,53
SL050,34074040135,306,292,157,135,14,9,5
SL050,34074040136,154,125,63,62,29,12,17
SL050,34074040138,2790,2490,1268,1222,300,146,154
SL050,34074040139,291,279,155,124,12,1,11
SL050,34074040140,106,88,46,42,18,10,8
SL050,34074040141,1062,943,499,444,119,54,65
SL050,34074040142,53,53,27,26,0,0,0
SL050,34074040143,91,90,54,36,1,1,0
SL050,34074040144,25,18,13,5,7,3,4
SL050,34074040145,1347,1272,640,632,75,44,31
SL050,34074040146,322,277,144,133,45,22,23
SL050,34074040148,265,248,129,119,17,9,8
SL050,34074040149,561,539,290,249,22,8,14
SL050,34074040150,60,60,36,24,0,0,0
SL050,34074040151,54,47,25,22,7,4,3
SL050,34074040152,963,903,458,445,60,27,33
SL050,34074040154,12,12,8,4,0,0,0
SL050,34074040155,5308,5031,2609,2422,277,129,148
SL050,34074040156,359,328,189,139,31,15,16
SL050,34074040157,46,46,27,19,0,0,0
SL050,34074040158,15,15,12,3,0,0,0
SL050,34074040159,188,144,84,60,44,25,19
SL050,34074040160,100,99,54,45,1,1,0
SL050,34074040161,49,33,21,12,16,11,5
SL050,34074040162,520,444,238,206,76,37,39
SL050,34074040163,46,45,24,21,1,0,1
SL050,34074040164,202,190,102,88,12,1,11
SL050,34074040165,84,81,44,37,3,1,2
SL050,34074040166,305,287,148,139,18,12,6
SL050,34074040168,28,28,18,10,0,0,0
SL050,34074040170,2099,1550,831,719,549,289,260
SL050,34074040171,39,36,29,7,3,2,1
SL050,34074040172,38,37,25,12,1,0,1
SL050,34074040173,185,166,92,74,19,7,12
SL050,34074040174,372,351,183,168,21,13,8
SL050,34074040176,463,417,228,189,46,21,25
SL050,34074040177,148,143,78,65,5,3,2
SL050,34074040178,104,104,57,47,0,0,0
SL050,34074040179,930,742,357,385,188,93,95
SL050,34074040180,321,294,165,129,27,13,14
SL050,34074040181,5267,4978,2470,2508,289,140,149
SL050,34074040182,239,190,92,98,49,22,27
SL050,34074040183,135,130,67,63,5,1,4
SL050,34074040184,297,287,151,136,10,7,3
SL050,34074040185,999,897,494,403,102,53,49
SL050,34074040186,39,30,14,16,9,6,3
SL050,34074040188,94,87,59,28,7,3,4
SL050,34074040189,556,535,298,237,21,9,12
SL050,34074040190,61,58,34,24,3,1,2
SL050,34074040191,259,222,122,100,37,20,17
SL050,34074040192,154,153,85,68,1,1,0
SL050,34074040193,260,245,132,113,15,5,10
SL050,34074040194,51683,46279,21642,24637,5404,2565,2839
SL050,34074040195,1065,953,486,467,112,64,48
SL050,34074040196,34,31,21,10,3,2,1
SL050,34074040198,25,24,14,10,1,0,1
SL050,34074040199,113,110,59,51,3,1,2
SL050,34074040200,51,41,19,22,10,5,5
SL050,34074040201,50,48,23,25,2,1,1
SL050,34074040202,57,57,25,32,0,0,0
SL050,34074040203,1323,1172,609,563,151,82,69
SL050,34074040204,194,163,94,69,31,14,17
SL050,34074040205,260,246,132,114,14,7,7
SL050,34074040206,187,182,95,87,5,1,4
SL050,34074040207,1052,1033,533,500,19,11,8
SL050,34074040208,979,821,418,403,158,68,90
SL050,34074040210,107,107,66,41,0,0,0
SL050,34074040211,70,67,38,29,3,1,2
SL050,34074040212,30,30,15,15,0,0,0
SL050,34074040213,91,89,48,41,2,1,1
SL050,34074040214,241,214,118,96,27,18,9
SL050,34074040215,80,80,46,34,0,0,0
SL050,34074040216,1096,994,518,476,102,48,54
SL050,34074040218,94,93,55,38,1,1,0
SL050,34074040219,704,640,341,299,64,36,28
SL050,34074040220,73,69,34,35,4,3,1
SL050,34074040221,54,54,27,27,0,0,0
SL050,34074040222,230,175,94,81,55,33,22
SL050,34074040223,260,233,143,90,27,13,14
SL050,34074040224,20,20,12,8,0,0,0
SL050,34074040225,1493,1286,671,615,207,112,95
SL050,34074040228,621,573,302,271,48,25,23
SL050,34074040229,27,27,16,11,0,0,0
SL050,34074040230,111,103,61,42,8,4,4
SL050,34074040231,134,114,59,55,20,9,11
SL050,34074040233,505,467,247,220,38,16,22
SL050,34074040234,444,438,229,209,6,2,4
SL050,34074040901,568,549,296,253,19,12,7
SL050,34074040902,129,125,70,55,4,0,4
SL050,34074040903,106,87,59,28,19,11,8
SL050,34074040904,395,379,181,198,16,10,6
SL050,34074040905,135,135,75,60,0,0,0
SL050,34074040906,3021,2746,1398,1348,275,121,154
SL050,34014141001,2026,1915,953,962,111,53,58
SL050,34014141002,1746,1712,871,841,34,10,24
SL050,34014141003,3193,3112,1567,1545,81,37,44
SL050,34014141004,75256,73686,36629,37057,1570,754,816
SL050,34014141005,11927,11702,5963,5739,225,109,116
SL050,34014141006,3387,3367,1678,1689,20,12,8
SL050,34014141007,16301,15747,7820,7927,554,261,293
SL050,34014141008,1248,1225,629,596,23,13,10
SL050,34014141009,1379,1358,704,654,21,12,9
SL050,34014141010,6008,5889,2940,2949,119,59,60
SL050,34014141011,19565,19345,9581,9764,220,101,119
SL050,34014141012,4495,4212,2130,2082,283,127,156
SL050,34014141013,6092,5973,3056,2917,119,50,69
SL050,34014141014,3094,3058,1578,1480,36,16,20
SL050,34014141015,7177,7022,3533,3489,155,80,75
SL050,34014141016,10647,10226,5136,5090,421,200,221
SL050,34014141017,21964,21196,10538,10658,768,357,411
SL050,34014141018,12608,11845,5861,5984,763,417,346
SL050,34014141019,6618,6362,3189,3173,256,124,132
SL050,34014141020,16379,16185,8111,8074,194,82,112
SL050,34014141021,27463,26393,12926,13467,1070,508,562
SL050,34014141022,5281,5169,2574,2595,112,58,54
SL050,34014141023,10661,9919,5039,4880,742,404,338
SL050,34014141024,28620,27882,14018,13864,738,361,377
SL050,34014141025,2500,2429,1183,1246,71,38,33
SL050,34014141026,5530,5290,2692,2598,240,129,111
SL050,34014141027,4810,4672,2343,2329,138,77,61
SL050,34014141028,2826,2778,1434,1344,48,21,27
SL050,34014141029,17350,16665,8111,8554,685,317,368
SL050,34014141030,625,595,307,288,30,17,13
SL050,34014141031,1439,1401,726,675,38,15,23
SL050,34014141032,4789,4704,2323,2381,85,37,48
SL050,34014141033,5954,5878,2907,2971,76,36,40
SL050,34014141034,30657,29532,14734,14798,1125,570,555
SL050,34014141035,1290,1274,633,641,16,4,12
SL050,34014141036,4807,4717,2362,2355,90,53,37
SL050,34014141037,3958,3896,1982,1914,62,30,32
SL050,34014141038,133168,130205,64201,66004,2963,1340,1623
SL050,34014141039,39882,39103,19318,19785,779,344,435
SL050,34014141040,15683,14974,7488,7486,709,377,332
SL050,34014141041,12503,12046,6005,6041,457,233,224
SL050,34014141042,7139,6984,3479,3505,155,78,77
SL050,34014141043,789,769,394,375,20,6,14
SL050,34014141044,10054,9765,4870,4895,289,137,152
SL050,34014141045,7541,7376,3724,3652,165,67,98
SL050,34014141046,3790,3673,1844,1829,117,58,59
SL050,34014141047,13471,13184,6492,6692,287,133,154
SL050,34014141048,2646,2607,1297,1310,39,21,18
SL050,34014141049,12650,12159,6141,6018,491,258,233
SL050,34014141050,6485,6340,3143,3197,145,71,74
SL050,34014141051,2944,2879,1478,1401,65,30,35
SL050,34014141052,3834,3813,1962,1851,21,7,14
SL050,34014141053,27432,26939,13469,13470,493,226,267
SL050,34014141054,860,826,421,405,34,14,20
SL050,34014141055,18861,18481,9171,9310,380,180,200
SL050,34014141056,4572,4516,2288,2228,56,19,37
SL050,34014141057,282,279,140,139,3,1,2
SL050,34014141058,23473,22873,11445,11428,600,299,301
SL050,34014141059,45890,44532,21724,22808,1358,624,734
SL050,34014141060,19580,19024,9510,9514,556,271,285
SL050,34014141061,2626,2590,1325,1265,36,15,21
SL050,34014141062,2720,2643,1367,1276,77,38,39
SL050,34014141063,3460,3413,1732,1681,47,27,20
SL050,34014141064,7081,7001,3512,3489,80,30,50
SL050,34014141065,27844,27418,13549,13869,426,179,247
SL050,34014141066,1581,1569,777,792,12,5,7
SL050,34014141067,9390,9082,4566,4516,308,144,164
SL050,34014141068,17622,17330,8661,8669,292,119,173
SL050,34014141069,38246,37746,18979,18767,500,241,259
SL050,34014141070,8552,8377,4223,4154,175,88,87
SL050,34014141071,6924,6817,3399,3418,107,47,60
SL050,34014141072,5205,4965,2464,2501,240,115,125
SL050,34014141073,2037,2005,993,1012,32,13,19
SL050,34014141074,3669,3632,1827,1805,37,17,20
SL050,34014141075,13949,12947,6515,6432,1002,506,496
SL050,34014141076,2658,2567,1312,1255,91,48,43
SL050,34014141077,11033,10786,5362,5424,247,130,117
SL050,34014141078,3013,2960,1467,1493,53,28,25
SL050,34014141079,11879,11627,5754,5873,252,125,127
SL050,34014141080,1507,1478,729,749,29,17,12
SL050,34014141081,38406,37694,18677,19017,712,336,376
SL050,34014141082,4243,4080,2028,2052,163,78,85
SL050,34014141083,1360,1340,678,662,20,6,14
SL050,34014141084,3445,3349,1659,1690,96,42,54
SL050,34014141085,5477,5326,2594,2732,151,61,90
SL050,34014141086,21195,19888,9601,10287,1307,593,714
SL050,34014141087,13683,13106,6495,6611,577,279,298
SL050,34014141088,599,593,307,286,6,3,3
SL050,34014141089,8442,8275,4103,4172,167,86,81
SL050,34014141090,4301,4217,2091,2126,84,40,44
SL050,34014141091,688711,656452,311948,344504,32259,14987,17272
SL050,34014141092,9578,9436,4681,4755,142,74,68
SL050,34014141093,25220,24555,12161,12394,665,290,375
SL050,34014141094,8768,8534,4300,4234,234,106,128
SL050,34014141095,52617,51648,25721,25927,969,419,550
SL050,34014141096,7803,7583,3736,3847,220,92,128
SL050,34014141097,4478,4008,1980,2028,470,234,236
SL050,34014141098,6571,6417,3136,3281,154,72,82
SL050,34014141099,4860,4782,2406,2376,78,32,46
SL050,34014141100,1155,1145,558,587,10,4,6
SL050,34014141101,7797,7494,3800,3694,303,143,160
SL050,34014141102,19191,18658,9337,9321,533,271,262
SL050,34014141901,3307,3287,1620,1667,20,12,8
SL050,34014141902,5857,5728,2861,2867,129,62,67
SL050,34014141903,8628,8367,4214,4153,261,132,129
SL050,34074242001,302,272,148,124,30,14,16
SL050,34074242003,44,44,25,19,0,0,0
SL050,34074242004,3008,2709,1375,1334,299,160,139
SL050,34074242006,189,177,113,64,12,6,6
SL050,34074242007,108,104,55,49,4,2,2
SL050,34074242008,59,59,35,24,0,0,0
SL050,34074242009,87,78,44,34,9,2,7
SL050,34074242010,34,23,15,8,11,6,5
SL050,34074242011,18,18,8,10,0,0,0
SL050,34074242012,30,28,15,13,2,1,1
SL050,34074242013,36,36,21,15,0,0,0
SL050,34074242014,64,63,34,29,1,1,0
SL050,34074242015,33,33,20,13,0,0,0
SL050,34074242016,18,18,13,5,0,0,0
SL050,34074242017,183,160,82,78,23,14,9
SL050,34074242018,139,134,75,59,5,3,2
SL050,34074242019,572,543,322,221,29,14,15
SL050,34074242020,5526,4971,2510,2461,555,297,258
SL050,34074242021,70,70,42,28,0,0,0
SL050,34074242022,236,231,137,94,5,1,4
SL050,34074242023,63,63,38,25,0,0,0
SL050,34074242024,85,85,58,27,0,0,0
SL050,34074242025,1489,1309,691,618,180,98,82
SL050,34074242026,24,24,12,12,0,0,0
SL050,34074242027,81,81,50,31,0,0,0
SL050,34074242028,90,84,46,38,6,2,4
SL050,34074242029,142,138,80,58,4,2,2
SL050,34074242030,103,101,62,39,2,1,1
SL050,34074242031,23,23,16,7,0,0,0
SL050,34074242032,147,147,82,65,0,0,0
SL050,34074242033,51,51,31,20,0,0,0
SL050,34074242034,29,28,17,11,1,1,0
SL050,34074242035,877,825,428,397,52,16,36
SL050,34074242036,44,44,24,20,0,0,0
SL050,34074242037,35,34,19,15,1,0,1
SL050,34074242038,34,34,21,13,0,0,0
SL050,34074242039,240,230,125,105,10,4,6
SL050,34074242041,33,33,18,15,0,0,0
SL050,34074242042,59,57,31,26,2,1,1
SL050,34074242043,4926,4517,2256,2261,409,196,213
SL050,34074242044,56,56,34,22,0,0,0
SL050,34074242045,357,305,171,134,52,32,20
SL050,34074242046,51,49,27,22,2,1,1
SL050,34074242048,57,57,38,19,0,0,0
SL050,34074242049,115,110,65,45,5,3,2
SL050,34074242050,32,32,24,8,0,0,0
SL050,34074242051,16,16,8,8,0,0,0
SL050,34074242052,15,15,11,4,0,0,0
SL050,34074242053,23,23,15,8,0,0,0
SL050,34074242054,17,17,12,5,0,0,0
SL050,34074242055,169,169,87,82,0,0,0
SL050,34074242056,27,27,19,8,0,0,0
SL050,34074242057,169,157,83,74,12,8,4
SL050,34074242058,109,108,62,46,1,0,1
SL050,34074242059,21,21,10,11,0,0,0
SL050,34074242060,30,30,20,10,0,0,0
SL050,34074242061,298,294,179,115,4,2,2
SL050,34074242062,18,18,11,7,0,0,0
SL050,34074242063,50,48,27,21,2,1,1
SL050,34074242064,86,84,42,42,2,1,1
SL050,34074242065,22,22,16,6,0,0,0
SL050,34074242068,79,79,49,30,0,0,0
SL050,34074242069,1720,1688,872,816,32,18,14
SL050,34074242070,35,35,21,14,0,0,0
SL050,34074242071,198,167,93,74,31,16,15
SL050,34074242073,72,72,45,27,0,0,0
SL050,34074242075,83,83,47,36,0,0,0
SL050,34074242076,216,209,111,98,7,3,4
SL050,34074242078,1111,1105,566,539,6,2,4
SL050,34074242079,22,22,15,7,0,0,0
SL050,34074242080,168,166,98,68,2,1,1
SL050,34074242081,168,165,87,78,3,2,1
SL050,34074242082,6,6,5,1,0,0,0
SL050,34074242083,24,24,13,11,0,0,0
SL050,34074242084,18,18,13,5,0,0,0
SL050,34074242085,181,181,105,76,0,0,0
SL050,34074242086,36,36,22,14,0,0,0
SL050,34074242087,53,53,27,26,0,0,0
SL050,34074242088,65,64,38,26,1,0,1
SL050,34074242089,65,63,30,33,2,2,0
SL050,34074242090,88,88,57,31,0,0,0
SL050,34074242092,61,61,36,25,0,0,0
SL050,34074242093,40,35,25,10,5,2,3
SL050,34074242094,736,723,393,330,13,5,8
SL050,34074242095,2568,2477,1303,1174,91,46,45
SL050,34074242096,317,282,158,124,35,17,18
SL050,34074242097,21,20,14,6,1,0,1
SL050,34074242098,9,9,7,2,0,0,0
SL050,34074242100,31,31,20,11,0,0,0
SL050,34074242103,719,624,342,282,95,57,38
SL050,34074242105,52,52,26,26,0,0,0
SL050,34074242106,14,14,10,4,0,0,0
SL050,34074242107,73,73,43,30,0,0,0
SL050,34074242108,13,13,7,6,0,0,0
SL050,34074242110,63,53,32,21,10,6,4
SL050,34074242111,301,292,153,139,9,3,6
SL050,34074242113,721,591,301,290,130,57,73
SL050,34074242115,84,78,46,32,6,4,2
SL050,34074242116,48,46,30,16,2,1,1
SL050,34074242117,161,157,82,75,4,2,2
SL050,34074242118,23,22,16,6,1,0,1
SL050,34074242119,193,164,90,74,29,11,18
SL050,34074242120,153,139,93,46,14,8,6
SL050,34074242121,57,56,36,20,1,0,1
SL050,34074242123,200,167,88,79,33,16,17
SL050,34074242124,60,57,34,23,3,1,2
SL050,34074242125,86,84,54,30,2,2,0
SL050,34074242127,31,31,20,11,0,0,0
SL050,34074242128,49,49,27,22,0,0,0
SL050,34074242129,776,757,404,353,19,9,10
SL050,34074242130,53,53,36,17,0,0,0
SL050,34074242131,56,56,30,26,0,0,0
SL050,34074242132,150,146,78,68,4,2,2
SL050,34074242134,3626,3159,1635,1524,467,244,223
SL050,34074242135,70,70,41,29,0,0,0
SL050,34074242139,20,20,11,9,0,0,0
SL050,34074242140,14,14,9,5,0,0,0
SL050,34074242141,106,105,67,38,1,1,0
SL050,34074242142,57,54,26,28,3,1,2
SL050,34074242144,488,458,257,201,30,17,13
SL050,34074242145,154,146,91,55,8,5,3
SL050,34074242148,8,8,4,4,0,0,0
SL050,34074242149,477,443,254,189,34,13,21
SL050,34074242151,38,38,17,21,0,0,0
SL050,34074242152,87,77,45,32,10,5,5
SL050,34074242153,14,14,9,5,0,0,0
SL050,34074242154,106,105,65,40,1,0,1
SL050,34074242155,163,157,93,64,6,3,3
SL050,34074242156,30,29,20,9,1,0,1
SL050,34074242157,9,9,7,2,0,0,0
SL050,34074242158,126,109,66,43,17,8,9
SL050,34074242159,39,39,26,13,0,0,0
SL050,34074242160,265,260,145,115,5,1,4
SL050,34074242161,144,144,80,64,0,0,0
SL050,34074242162,3010,2647,1372,1275,363,208,155
SL050,34074242163,55,51,31,20,4,2,2
SL050,34074242164,2047,1817,927,890,230,110,120
SL050,34074242165,617,489,262,227,128,79,49
SL050,34074242166,58,58,36,22,0,0,0
SL050,34074242167,267,256,143,113,11,5,6
SL050,34074242168,102,102,57,45,0,0,0
SL050,34074242171,138,122,73,49,16,5,11
SL050,34074242172,32,32,17,15,0,0,0
SL050,34074242173,39112,35915,16722,19193,3197,1704,1493
SL050,34074242174,180,178,95,83,2,1,1
SL050,34074242175,25,24,15,9,1,0,1
SL050,34074242176,28,28,16,12,0,0,0
SL050,34074242177,66,66,37,29,0,0,0
SL050,34074242178,118,111,67,44,7,2,5
SL050,34074242181,430,416,221,195,14,8,6
SL050,34074242182,43,43,25,18,0,0,0
SL050,34074242183,106,103,59,44,3,1,2
SL050,34074242184,58,58,31,27,0,0,0
SL050,34074242185,25,25,13,12,0,0,0
SL050,34074242187,66,60,42,18,6,4,2
SL050,34074242188,52,44,18,26,8,4,4
SL050,34074242189,52,52,28,24,0,0,0
SL050,34074242190,90,90,49,41,0,0,0
SL050,34074242191,193,190,103,87,3,2,1
SL050,34074242192,42,41,30,11,1,0,1
SL050,34074242193,20,19,11,8,1,0,1
SL050,34074242194,159,154,68,86,5,2,3
SL050,34074242195,109,96,55,41,13,8,5
SL050,34074242196,9,9,6,3,0,0,0
SL050,34074242197,71,71,40,31,0,0,0
SL050,34074242198,25,25,15,10,0,0,0
SL050,34074242200,86,78,51,27,8,4,4
SL050,34074242201,25,24,15,9,1,0,1
SL050,34074242202,21,20,10,10,1,1,0
SL050,34074242204,53,53,39,14,0,0,0
SL050,34074242205,90,90,55,35,0,0,0
SL050,34074242206,8,8,6,2,0,0,0
SL050,34074242207,50,50,26,24,0,0,0
SL050,34074242208,22,21,14,7,1,1,0
SL050,34074242209,145,141,87,54,4,3,1
SL050,34074242211,87,86,51,35,1,0,1
SL050,34074242212,70,69,45,24,1,1,0
SL050,34074242213,34,30,17,13,4,2,2
SL050,34074242215,874,855,460,395,19,8,11
SL050,34074242216,27,25,17,8,2,2,0
SL050,34074242217,36,36,23,13,0,0,0
SL050,34074242218,92,80,49,31,12,9,3
SL050,34074242219,38,38,23,15,0,0,0
SL050,34094343001,893,823,415,408,70,42,28
SL050,34094343002,2371,2238,1130,1108,133,72,61
SL050,34094343003,464,440,225,215,24,13,11
SL050,34094343004,9402,7449,3743,3706,1953,1011,942
SL050,34094343005,5108,4517,2243,2274,591,290,301
SL050,34094343006,838,768,384,384,70,36,34
SL050,34094343007,864,778,394,384,86,48,38
SL050,34094343008,368,349,189,160,19,6,13
SL050,34094343009,1788,1643,840,803,145,76,69
SL050,34094343010,426,404,189,215,22,11,11
SL050,34094343011,1342,1298,652,646,44,19,25
SL050,34094343012,5120,4504,2190,2314,616,301,315
SL050,34094343013,6801,5331,2660,2671,1470,738,732
SL050,34094343014,20606,17552,8765,8787,3054,1586,1468
SL050,34094343015,116,112,66,46,4,2,2
SL050,34094343016,5505,4232,2152,2080,1273,684,589
SL050,34094343017,129,125,73,52,4,1,3
SL050,34094343018,466,444,224,220,22,8,14
SL050,34094343019,1674,1556,813,743,118,58,60
SL050,34094343020,3128,2858,1453,1405,270,130,140
SL050,34094343021,476,413,226,187,63,32,31
SL050,34094343022,1898,1700,843,857,198,101,97
SL050,34094343023,300,258,135,123,42,21,21
SL050,34094343024,2190,2001,1024,977,189,96,93
SL050,34094343025,714,654,314,340,60,28,32
SL050,34094343026,1142,897,458,439,245,162,83
SL050,34094343027,219,197,104,93,22,15,7
SL050,34094343028,3464,3284,1739,1545,180,97,83
SL050,34094343029,379,358,184,174,21,14,7
SL050,34094343030,687,591,300,291,96,50,46
SL050,34094343031,2080,1822,925,897,258,135,123
SL050,34094343032,601,556,277,279,45,28,17
SL050,34094343033,1070,975,505,470,95,49,46
SL050,34094343034,673,574,280,294,99,53,46
SL050,34094343035,305,284,146,138,21,13,8
SL050,34094343036,1141,1026,537,489,115,60,55
SL050,34094343037,25444,21095,10560,10535,4349,2207,2142
SL050,34094343038,33362,27279,13399,13880,6083,2908,3175
SL050,34094343039,96,96,51,45,0,0,0
SL050,34094343040,398,367,183,184,31,17,14
SL050,34094343041,235,231,115,116,4,1,3
SL050,34094343042,2868,2784,1398,1386,84,40,44
SL050,34094343043,4344,4023,2104,1919,321,149,172
SL050,34094343044,5644,4689,2353,2336,955,487,468
SL050,34094343045,170,164,86,78,6,4,2
SL050,34094343046,103,98,51,47,5,3,2
SL050,34094343047,6516,5333,2786,2547,1183,625,558
SL050,34094343048,1023,888,454,434,135,77,58
SL050,34094343049,964,850,455,395,114,55,59
SL050,34094343050,3526,3053,1562,1491,473,226,247
SL050,34094343051,12326,10682,5242,5440,1644,774,870
SL050,34094343052,1170,1092,532,560,78,38,40
SL050,34094343053,237,209,121,88,28,16,12
SL050,34094343054,3742,3305,1590,1715,437,220,217
SL050,34094343055,2807,2401,1193,1208,406,212,194
SL050,34094343056,965,939,458,481,26,17,9
SL050,34094343057,42,39,26,13,3,1,2
SL050,34094343058,104,97,54,43,7,5,2
SL050,34094343059,315,297,145,152,18,11,7
SL050,34094343060,3491,3121,1558,1563,370,193,177
SL050,34094343061,42,41,25,16,1,0,1
SL050,34094343062,369,298,146,152,71,42,29
SL050,34094343063,719,617,317,300,102,55,47
SL050,34094343064,3009,2400,1219,1181,609,315,294
SL050,34094343065,525,442,221,221,83,48,35
SL050,34094343066,201,194,93,101,7,4,3
SL050,34094343067,762,611,319,292,151,84,67
SL050,34094343068,591,557,277,280,34,14,20
SL050,34094343069,226,202,112,90,24,14,10
SL050,34094343070,270,261,123,138,9,2,7
SL050,34094343071,1146,1030,535,495,116,63,53
SL050,34094343072,118,114,60,54,4,2,2
SL050,34094343073,100,90,48,42,10,8,2
SL050,34094343074,2327,2227,1096,1131,100,50,50
SL050,34094343075,94,84,52,32,10,5,5
SL050,34094343076,599,543,286,257,56,34,22
SL050,34094343077,577,508,249,259,69,36,33
SL050,34094343078,1066,994,503,491,72,41,31
SL050,34094343079,498,425,233,192,73,42,31
SL050,34094343080,276,273,149,124,3,1,2
SL050,34094343081,799,778,401,377,21,9,12
SL050,34094343082,498,411,217,194,87,58,29
SL050,34094343083,183,178,87,91,5,3,2
SL050,34094343084,706,620,334,286,86,46,40
SL050,34094343085,281,244,122,122,37,25,12
SL050,34094343086,7384,6369,3203,3166,1015,535,480
SL050,34094343088,2828,2550,1321,1229,278,135,143
SL050,34094343089,383,356,192,164,27,14,13
SL050,34094343090,1437,1366,723,643,71,41,30
SL050,34094343091,167,150,89,61,17,9,8
SL050,34094343092,11809,8711,4521,4190,3098,1619,1479
SL050,34094343093,5642,4680,2318,2362,962,480,482
SL050,34094343094,3071,2503,1231,1272,568,294,274
SL050,34094343095,3649,3225,1637,1588,424,211,213
SL050,34094343096,157,113,62,51,44,25,19
SL050,34094343097,570,522,256,266,48,26,22
SL050,34094343098,477,443,236,207,34,20,14
SL050,34094343099,353,323,154,169,30,14,16
SL050,34094343100,4739,4630,2342,2288,109,42,67
SL050,34094343101,150,139,81,58,11,6,5
SL050,34094343102,561,535,261,274,26,13,13
SL050,34094343103,1265,1192,626,566,73,31,42
SL050,34094343104,2863,2108,1078,1030,755,400,355
SL050,34094343105,210,202,112,90,8,3,5
SL050,34094343106,998,922,462,460,76,39,37
SL050,34094343107,503,481,255,226,22,13,9
SL050,34094343108,2305,2144,1114,1030,161,81,80
SL050,34094343109,3893,3542,1811,1731,351,170,181
SL050,34094343110,328,298,163,135,30,17,13
SL050,34094343111,2828,2588,1369,1219,240,116,124
SL050,34094343112,335,296,158,138,39,24,15
SL050,34094343113,512,449,227,222,63,32,31
SL050,34094343114,441,416,223,193,25,9,16
SL050,34094343115,159,151,69,82,8,2,6
SL050,34094343116,589,531,279,252,58,28,30
SL050,34094343117,179,167,89,78,12,7,5
SL050,34094343118,709,485,255,230,224,119,105
SL050,34094343119,1151,1089,551,538,62,35,27
SL050,34094343120,521,490,282,208,31,14,17
SL050,34094343121,787,691,339,352,96,48,48
SL050,34094343122,153,146,76,70,7,4,3
SL050,34094343123,103477,87816,42347,45469,15661,7683,7978
SL050,34094343124,576,546,298,248,30,20,10
SL050,34094343125,1112,1024,533,491,88,56,32
SL050,34094343126,1701,1551,776,775,150,69,81
SL050,34094343127,1131,952,487,465,179,104,75
SL050,34094343128,1186,1063,558,505,123,64,59
SL050,34094343129,6565,5688,2912,2776,877,463,414
SL050,34094343130,260,235,123,112,25,17,8
SL050,34094343131,6461,5712,2940,2772,749,365,384
SL050,34094343132,480,428,229,199,52,29,23
SL050,34094343133,7961,6818,3498,3320,1143,613,530
SL050,34094343134,384,337,172,165,47,25,22
SL050,34094343135,564,404,211,193,160,87,73
SL050,34094343136,14611,12399,6017,6382,2212,1106,1106
SL050,34094343137,2551,2383,1227,1156,168,87,81
SL050,34094343138,3777,3241,1639,1602,536,277,259
SL050,34094343139,2697,2448,1213,1235,249,123,126
SL050,34094343140,3328,3040,1523,1517,288,158,130
SL050,34094343141,114,110,61,49,4,2,2
SL050,34094343142,1544,1322,672,650,222,107,115
SL050,34094343143,60,56,28,28,4,4,0
SL050,34094343144,1697,1559,774,785,138,72,66
SL050,34094343145,5632,5258,2626,2632,374,198,176
SL050,34094343146,47,47,32,15,0,0,0
SL050,34094343147,619,601,307,294,18,11,7
SL050,34094343148,132299,111049,53461,57588,21250,10821,10429
SL050,34094343149,882,774,395,379,108,56,52
SL050,34094343150,1639,1457,725,732,182,91,91
SL050,34094343151,137,133,69,64,4,2,2
SL050,34094343152,628,521,270,251,107,55,52
SL050,34094343153,15992,13392,6536,6856,2600,1285,1315
SL050,34094343154,148,136,76,60,12,6,6
SL050,34094343155,33510,27666,13451,14215,5844,3156,2688
SL050,34094343156,6240,4719,2390,2329,1521,819,702
SL050,34094343157,402,383,220,163,19,9,10
SL050,34094343158,98,96,58,38,2,1,1
SL050,34094343159,85,78,48,30,7,3,4
SL050,34094343160,1738,1601,813,788,137,66,71
SL050,34094343161,24156,20934,10236,10698,3222,1795,1427
SL050,34094343162,6386,5440,2750,2690,946,445,501
SL050,34094343163,37153,31902,15812,16090,5251,2640,2611
SL050,34094343164,410,371,210,161,39,19,20
SL050,34094343165,746,652,332,320,94,54,40
SL050,34094343166,2339,2094,1061,1033,245,124,121
SL050,34094343167,549,471,246,225,78,39,39
SL050,34094343168,117,110,62,48,7,1,6
SL050,34094343169,579,513,258,255,66,41,25
SL050,34094343170,1253,1043,540,503,210,115,95
SL050,34094343171,22107,18762,9389,9373,3345,1694,1651
SL050,34094343172,456,424,219,205,32,18,14
SL050,34094343173,132,119,69,50,13,5,8
SL050,34094343174,202,179,93,86,23,18,5
SL050,34094343175,635,618,313,305,17,8,9
SL050,34094343176,917,868,478,390,49,27,22
SL050,34094343177,432,347,173,174,85,49,36
SL050,34094343178,1974,1693,887,806,281,143,138
SL050,34094343901,11505,10464,5226,5238,1041,566,475
SL050,34094343902,3481,3264,1635,1629,217,99,118
SL050,34094343903,3278,2790,1434,1356,488,232,256
SL050,34094343904,4137,3368,1717,1651,769,469,300
SL050,34094343905,26775,18210,9270,8940,8565,4586,3979
SL050,34094343906,3280,2464,1267,1197,816,403,413
SL050,34094343907,5842,5527,2713,2814,315,145,170
SL050,34024444001,76,73,46,27,3,2,1
SL050,34024444002,49,49,31,18,0,0,0
SL050,34024444003,18,18,6,12,0,0,0
SL050,34024444004,522,439,218,221,83,40,43
SL050,34024444005,63,50,28,22,13,8,5
SL050,34024444006,264,243,122,121,21,12,9
SL050,34024444007,178,167,92,75,11,6,5
SL050,34024444008,2004,1823,925,898,181,98,83
SL050,34024444009,1016,925,468,457,91,49,42
SL050,34024444010,257,208,110,98,49,27,22
SL050,34024444011,63,53,31,22,10,7,3
SL050,34024444012,347,335,187,148,12,6,6
SL050,34024444013,15939,13940,6933,7007,1999,986,1013
SL050,34024444014,3276,2998,1514,1484,278,142,136
SL050,34024444016,531,482,254,228,49,27,22
SL050,34024444017,358,319,176,143,39,24,15
SL050,34024444018,16,16,11,5,0,0,0
SL050,34024444019,62,62,37,25,0,0,0
SL050,34024444020,22,22,13,9,0,0,0
SL050,34024444021,126,119,60,59,7,3,4
SL050,34024444022,582,532,272,260,50,23,27
SL050,34024444023,29,17,11,6,12,5,7
SL050,34024444024,27,27,17,10,0,0,0
SL050,34024444025,7633,6967,3509,3458,666,338,328
SL050,34024444026,105,103,60,43,2,1,1
SL050,34024444027,206,165,80,85,41,23,18
SL050,34024444028,198,191,92,99,7,4,3
SL050,34024444029,708,632,313,319,76,42,34
SL050,34024444031,94,89,46,43,5,0,5
SL050,34024444032,20,20,12,8,0,0,0
SL050,34024444033,311,277,157,120,34,15,19
SL050,34024444034,153,146,82,64,7,4,3
SL050,34024444035,118,115,62,53,3,2,1
SL050,34024444036,31,27,16,11,4,2,2
SL050,34024444037,541,512,259,253,29,14,15
SL050,34024444038,113,108,51,57,5,3,2
SL050,34024444039,225,213,103,110,12,4,8
SL050,34024444040,244,229,115,114,15,10,5
SL050,34024444041,70,63,40,23,7,4,3
SL050,34024444042,125,121,71,50,4,3,1
SL050,34024444043,95,93,62,31,2,0,2
SL050,34024444044,106,90,52,38,16,5,11
SL050,34024444045,443,413,233,180,30,19,11
SL050,34024444046,63,56,28,28,7,6,1
SL050,34024444047,243,233,124,109,10,6,4
SL050,34024444048,55,52,30,22,3,1,2
SL050,34024444049,1011,918,450,468,93,53,40
SL050,34024444050,4319,3670,1820,1850,649,318,331
SL050,34024444051,3708,3036,1504,1532,672,338,334
SL050,34024444052,74,74,45,29,0,0,0
SL050,34024444053,124,116,66,50,8,3,5
SL050,34024444054,113,110,70,40,3,1,2
SL050,34024444055,86,70,42,28,16,10,6
SL050,34024444056,619,505,260,245,114,61,53
SL050,34024444059,714,647,329,318,67,44,23
SL050,34024444060,39,39,25,14,0,0,0
SL050,34024444061,87,80,49,31,7,4,3
SL050,34024444062,35,34,24,10,1,1,0
SL050,34024444063,98,75,41,34,23,11,12
SL050,34024444064,71,68,42,26,3,1,2
SL050,34024444065,62,62,39,23,0,0,0
SL050,34024444066,104,103,57,46,1,1,0
SL050,34024444067,160,134,69,65,26,13,13
SL050,34024444068,831,779,406,373,52,26,26
SL050,34024444070,52,52,34,18,0,0,0
SL050,34024444071,676,625,324,301,51,25,26
SL050,34024444074,630,503,250,253,127,60,67
SL050,34024444075,396,354,203,151,42,24,18
SL050,34024444076,2606,2461,1276,1185,145,75,70
SL050,34024444077,100,82,55,27,18,7,11
SL050,34024444080,344,322,168,154,22,15,7
SL050,34024444082,109,103,54,49,6,4,2
SL050,34024444084,61,57,25,32,4,2,2
SL050,34024444085,52,51,31,20,1,0,1
SL050,34024444086,571,510,259,251,61,30,31
SL050,34024444087,68,68,33,35,0,0,0
SL050,34024444088,41,26,15,11,15,11,4
SL050,34024444089,54,52,35,17,2,1,1
SL050,34024444090,80,75,42,33,5,4,1
SL050,34024444092,86,80,47,33,6,0,6
SL050,34024444093,122,90,50,40,32,19,13
SL050,34024444094,131,126,68,58,5,2,3
SL050,34024444096,180,161,82,79,19,9,10
SL050,34024444097,139,131,65,66,8,3,5
SL050,34024444099,885,790,424,366,95,48,47
SL050,34024444100,210,190,102,88,20,13,7
SL050,34024444101,63,61,34,27,2,1,1
SL050,34024444102,28,28,16,12,0,0,0
SL050,34024444103,151,137,80,57,14,6,8
SL050,34024444105,75,73,37,36,2,2,0
SL050,34024444106,205,181,101,80,24,12,12
SL050,34024444107,238,223,123,100,15,7,8
SL050,34024444108,443,336,183,153,107,64,43
SL050,34024444109,116,110,64,46,6,3,3
SL050,34024444110,42,42,24,18,0,0,0
SL050,34024444111,101,87,51,36,14,7,7
SL050,34024444112,461,443,238,205,18,11,7
SL050,34024444113,114,92,47,45,22,13,9
SL050,34024444114,286,264,133,131,22,12,10
SL050,34024444115,161,124,65,59,37,18,19
SL050,34024444116,89,83,45,38,6,3,3
SL050,34024444117,376,367,197,170,9,3,6
SL050,34024444118,200,187,103,84,13,5,8
SL050,34024444119,143,133,81,52,10,4,6
SL050,34024444120,242,241,138,103,1,0,1
SL050,34024444121,72,67,37,30,5,2,3
SL050,34024444122,1709,1494,752,742,215,114,101
SL050,34024444123,119,104,60,44,15,7,8
SL050,34024444124,85,85,44,41,0,0,0
SL050,34024444125,67,64,39,25,3,2,1
SL050,34024444126,414,358,186,172,56,30,26
SL050,34024444127,65,59,32,27,6,5,1
SL050,34024444128,70,67,37,30,3,0,3
SL050,34024444129,40,39,24,15,1,1,0
SL050,34024444130,34,34,19,15,0,0,0
SL050,34024444131,34,26,15,11,8,5,3
SL050,34024444132,78,67,35,32,11,7,4
SL050,34024444133,24,18,14,4,6,3,3
SL050,34024444135,101,101,63,38,0,0,0
SL050,34024444136,55,52,27,25,3,2,1
SL050,34024444137,249,215,119,96,34,25,9
SL050,34024444138,129,126,76,50,3,2,1
SL050,34024444141,172,149,76,73,23,14,9
SL050,34024444142,27,27,15,12,0,0,0
SL050,34024444143,519,441,234,207,78,40,38
SL050,34024444144,417,385,192,193,32,18,14
SL050,34024444145,1272,1122,584,538,150,80,70
SL050,34024444146,265,199,93,106,66,38,28
SL050,34024444147,539,458,234,224,81,51,30
SL050,34024444148,98,86,50,36,12,8,4
SL050,34024444149,116,114,65,49,2,2,0
SL050,34024444150,35,31,21,10,4,2,2
SL050,34024444151,243,200,103,97,43,22,21
SL050,34024444152,65,65,46,19,0,0,0
SL050,34024444153,2433,2097,1033,1064,336,175,161
SL050,34024444154,340,300,172,128,40,29,11
SL050,34024444155,1243,1213,616,597,30,7,23
SL050,34024444156,50,48,26,22,2,1,1
SL050,34024444157,63,63,35,28,0,0,0
SL050,34024444158,1541,1381,685,696,160,84,76
SL050,34024444159,55,51,28,23,4,2,2
SL050,34024444160,551,526,280,246,25,20,5
SL050,34024444161,599,495,253,242,104,58,46
SL050,34024444163,133,131,71,60,2,1,1
SL050,34024444164,25,25,16,9,0,0,0
SL050,34024444165,217,190,110,80,27,13,14
SL050,34024444167,45,39,20,19,6,4,2
SL050,34024444168,205,201,104,97,4,4,0
SL050,34024444169,377,366,201,165,11,5,6
SL050,34024444171,226,219,126,93,7,3,4
SL050,34024444172,364,326,170,156,38,20,18
SL050,34024444173,122,117,64,53,5,3,2
SL050,34024444174,487,464,256,208,23,11,12
SL050,34024444175,126,115,63,52,11,5,6
SL050,34024444176,169,163,95,68,6,4,2
SL050,34024444177,110,109,63,46,1,1,0
SL050,34024444178,53,52,30,22,1,0,1
SL050,34024444179,439,369,195,174,70,47,23
SL050,34024444180,76,76,42,34,0,0,0
SL050,34024444181,88,83,47,36,5,2,3
SL050,34024444182,221,202,106,96,19,12,7
SL050,34024444183,79,75,39,36,4,3,1
SL050,34024444184,43,39,25,14,4,3,1
SL050,34024444185,114,103,65,38,11,8,3
SL050,34024444187,243,227,113,114,16,8,8
SL050,34024444189,48,47,29,18,1,0,1
SL050,34024444190,68,68,36,32,0,0,0
SL050,34024444191,908,845,422,423,63,34,29
SL050,34024444192,453,395,218,177,58,35,23
SL050,34024444193,112,83,43,40,29,15,14
SL050,34024444194,143,118,67,51,25,17,8
SL050,34024444195,93,93,54,39,0,0,0
SL050,34024444196,144,137,64,73,7,3,4
SL050,34024444197,61,54,29,25,7,4,3
SL050,34024444198,206,204,113,91,2,0,2
SL050,34024444199,50,46,26,20,4,2,2
SL050,34024444200,38,38,23,15,0,0,0
SL050,34024444201,627,565,291,274,62,36,26
SL050,34024444203,17,11,6,5,6,5,1
SL050,34024444204,26,26,17,9,0,0,0
SL050,34024444205,783,733,366,367,50,29,21
SL050,34024444206,125,113,70,43,12,9,3
SL050,34024444207,148,148,78,70,0,0,0
SL050,34024444208,37,32,17,15,5,1,4
SL050,34024444209,1037,891,446,445,146,82,64
SL050,34024444210,1133,890,465,425,243,126,117
SL050,34024444211,39,38,25,13,1,0,1
SL050,34024444212,39,38,16,22,1,1,0
SL050,34024444213,80,70,40,30,10,5,5
SL050,34024444215,183,174,96,78,9,7,2
SL050,34024444216,35691,32709,15521,17188,2982,1453,1529
SL050,34024444217,30,29,24,5,1,1,0
SL050,34024444218,31,31,19,12,0,0,0
SL050,34024444219,213,194,102,92,19,10,9
SL050,34024444220,156,129,70,59,27,16,11
SL050,34024444221,423,409,216,193,14,2,12
SL050,34024444222,127,126,83,43,1,0,1
SL050,34024444223,89,81,37,44,8,6,2
SL050,34024444224,28,22,14,8,6,1,5
SL050,34024444225,132,117,53,64,15,10,5
SL050,34024444226,154,136,74,62,18,7,11
SL050,34024444227,88,78,40,38,10,5,5
SL050,34024444228,107,100,56,44,7,4,3
SL050,34024444229,183,163,95,68,20,10,10
SL050,34024444230,189,169,84,85,20,11,9
SL050,34024444231,38,38,15,23,0,0,0
SL050,34024444232,447,391,207,184,56,30,26
SL050,34024444234,64,64,39,25,0,0,0
SL050,34024444235,106,100,50,50,6,3,3
SL050,34024444236,65,62,32,30,3,0,3
SL050,34024444237,436,401,199,202,35,18,17
SL050,34024444238,2970,2690,1378,1312,280,156,124
SL050,34024444239,21,21,11,10,0,0,0
SL050,34024444240,174,168,94,74,6,3,3
SL050,34024444241,622,581,281,300,41,27,14
SL050,34024444243,35,28,16,12,7,5,2
SL050,34024444244,87,82,48,34,5,2,3
SL050,34024444245,279,267,128,139,12,7,5
SL050,34024444246,2388,1927,959,968,461,248,213
SL050,34024444247,325,323,164,159,2,0,2
SL050,34024444249,48,48,28,20,0,0,0
SL050,34024444250,20,20,12,8,0,0,0
SL050,34024444251,297,274,140,134,23,13,10
SL050,34024444252,94,86,55,31,8,5,3
SL050,34024444256,47,44,26,18,3,1,2
SL050,34024444257,164,161,94,67,3,2,1
SL050,34024444258,60,60,37,23,0,0,0
SL050,34024444260,177,152,91,61,25,14,11
SL050,34024444261,862,818,423,395,44,25,19
SL050,34024444262,160,159,85,74,1,1,0
SL050,34024444263,494,461,233,228,33,19,14
SL050,34024444264,327,274,155,119,53,27,26
SL050,34024444265,249,203,105,98,46,28,18
SL050,34024444266,125,115,50,65,10,4,6
SL050,34024444267,79,74,33,41,5,5,0
SL050,34024444268,16,16,5,11,0,0,0
SL050,34084545001,2244,2153,1059,1094,91,57,34
SL050,34084545002,3562,3188,1684,1504,374,190,184
SL050,34084545003,692,645,338,307,47,21,26
SL050,34084545004,669,646,334,312,23,13,10
SL050,34084545005,275,253,128,125,22,11,11
SL050,34084545006,1703,1613,801,812,90,42,48
SL050,34084545007,797,769,376,393,28,18,10
SL050,34084545008,162,146,76,70,16,11,5
SL050,34084545009,542,527,267,260,15,6,9
SL050,34084545010,434,401,200,201,33,18,15
SL050,34084545011,305,303,159,144,2,1,1
SL050,34084545012,783,703,352,351,80,36,44
SL050,34084545013,2159,1957,1027,930,202,106,96
SL050,34084545014,5032,4798,2448,2350,234,123,111
SL050,34084545015,829,765,384,381,64,27,37
SL050,34084545016,6341,5944,2982,2962,397,184,213
SL050,34084545017,289,287,141,146,2,1,1
SL050,34084545018,856,750,390,360,106,55,51
SL050,34084545019,10092,9368,4690,4678,724,371,353
SL050,34084545020,1529,1411,704,707,118,59,59
SL050,34084545021,3706,3198,1670,1528,508,266,242
SL050,34084545022,430,415,212,203,15,8,7
SL050,34084545023,3184,3031,1567,1464,153,74,79
SL050,34084545024,1308,1267,658,609,41,14,27
SL050,34084545025,1789,1497,747,750,292,175,117
SL050,34084545026,240,229,118,111,11,6,5
SL050,34084545027,347,323,171,152,24,16,8
SL050,34084545028,4640,4378,2219,2159,262,132,130
SL050,34084545029,210,202,99,103,8,4,4
SL050,34084545030,539,521,291,230,18,9,9
SL050,34084545031,3745,3383,1773,1610,362,177,185
SL050,34084545032,556,510,258,252,46,24,22
SL050,34084545033,364,345,184,161,19,6,13
SL050,34084545034,1740,1539,792,747,201,101,100
SL050,34084545035,342,316,171,145,26,12,14
SL050,34084545036,731,699,363,336,32,10,22
SL050,34084545037,1872,1767,887,880,105,57,48
SL050,34084545038,4761,4455,2329,2126,306,140,166
SL050,34084545039,271,244,116,128,27,20,7
SL050,34084545040,1743,1511,814,697,232,121,111
SL050,34084545041,5422,4704,2486,2218,718,367,351
SL050,34084545042,208,193,96,97,15,7,8
SL050,34084545043,917,834,416,418,83,39,44
SL050,34084545045,1725,1600,823,777,125,75,50
SL050,34084545046,3263,2906,1467,1439,357,183,174
SL050,34084545047,3687,3264,1704,1560,423,211,212
SL050,34084545048,418,377,205,172,41,25,16
SL050,34084545049,509,486,251,235,23,7,16
SL050,34084545050,532,518,275,243,14,6,8
SL050,34084545051,2206,2007,1043,964,199,98,101
SL050,34084545052,4269,4174,2103,2071,95,47,48
SL050,34084545053,10098,9495,4773,4722,603,328,275
SL050,34084545054,5355,4510,2278,2232,845,477,368
SL050,34084545055,1335,1202,618,584,133,75,58
SL050,34084545056,3765,3021,1595,1426,744,374,370
SL050,34084545057,261,256,135,121,5,4,1
SL050,34084545058,404,387,201,186,17,8,9
SL050,34084545059,2201,2011,1024,987,190,108,82
SL050,34084545060,207,189,98,91,18,9,9
SL050,34084545061,3199,2908,1509,1399,291,139,152
SL050,34084545062,1437,1317,658,659,120,57,63
SL050,34084545063,439,412,233,179,27,11,16
SL050,34084545064,5449,4919,2477,2442,530,267,263
SL050,34084545065,233,233,122,111,0,0,0
SL050,34084545066,11032,9517,4831,4686,1515,749,766
SL050,34084545067,3016,2718,1364,1354,298,144,154
SL050,34084545068,187,183,96,87,4,2,2
SL050,34084545069,2289,2169,1100,1069,120,58,62
SL050,34084545070,1781,1660,831,829,121,66,55
SL050,34084545071,2236,2090,1062,1028,146,65,81
SL050,34084545072,798,748,399,349,50,29,21
SL050,34084545073,334,300,152,148,34,17,17
SL050,34084545074,394,377,208,169,17,9,8
SL050,34084545075,152,142,88,54,10,4,6
SL050,34084545076,680,623,330,293,57,31,26
SL050,34084545077,683,639,332,307,44,19,25
SL050,34084545078,1681,1614,797,817,67,30,37
SL050,34084545079,406,394,205,189,12,6,6
SL050,34084545080,5,5,4,1,0,0,0
SL050,34084545081,28064,25010,12721,12289,3054,1517,1537
SL050,34084545082,1405,1323,658,665,82,41,41
SL050,34084545083,685,633,320,313,52,19,33
SL050,34084545084,2600,2499,1299,1200,101,54,47
SL050,34084545085,2345,1863,971,892,482,257,225
SL050,34084545086,573,543,289,254,30,15,15
SL050,34084545087,10532,9874,4937,4937,658,344,314
SL050,34084545088,3401,2975,1531,1444,426,208,218
SL050,34084545089,1732,1633,832,801,99,57,42
SL050,34084545090,396,374,180,194,22,11,11
SL050,34084545091,461,435,214,221,26,13,13
SL050,34084545092,255,243,120,123,12,5,7
SL050,34084545093,153,151,80,71,2,0,2
SL050,34084545094,439,410,206,204,29,17,12
SL050,34084545095,853,778,391,387,75,36,39
SL050,34084545096,1258,1192,612,580,66,35,31
SL050,34084545097,1265,1248,642,606,17,10,7
SL050,34084545098,2702,2458,1278,1180,244,145,99
SL050,34084545099,4957,4610,2383,2227,347,162,185
SL050,34084545100,222,211,108,103,11,10,1
SL050,34084545101,4908,4379,2173,2206,529,280,249
SL050,34084545102,4829,4481,2261,2220,348,175,173
SL050,34084545103,407,398,221,177,9,5,4
SL050,34084545104,506,476,251,225,30,17,13
SL050,34084545105,408,404,216,188,4,2,2
SL050,34084545106,9737,8981,4465,4516,756,424,332
SL050,34084545107,4610,4345,2217,2128,265,144,121
SL050,34084545108,538,502,264,238,36,14,22
SL050,34084545109,3647,3314,1703,1611,333,179,154
SL050,34084545110,2042,1953,1041,912,89,39,50
SL050,34084545111,62,55,28,27,7,4,3
SL050,34084545112,2567,2140,1074,1066,427,277,150
SL050,34084545113,2171,2006,1018,988,165,93,72
SL050,34084545114,626,607,310,297,19,5,14
SL050,34084545115,3486,3151,1582,1569,335,189,146
SL050,34084545116,881,785,389,396,96,59,37
SL050,34084545117,883,861,457,404,22,9,13
SL050,34084545118,2767,2555,1324,1231,212,95,117
SL050,34084545119,4846,4371,2284,2087,475,250,225
SL050,34084545120,131,126,71,55,5,3,2
SL050,34084545121,11067,9108,4625,4483,1959,968,991
SL050,34084545122,7657,6897,3543,3354,760,393,367
SL050,34084545123,4279,3986,2157,1829,293,112,181
SL050,34084545124,2624,2522,1258,1264,102,53,49
SL050,34084545125,2658,2571,1272,1299,87,36,51
SL050,34084545126,338,293,152,141,45,25,20
SL050,34084545127,907,853,457,396,54,30,24
SL050,34084545128,3238,3094,1549,1545,144,80,64
SL050,34084545129,119,111,55,56,8,3,5
SL050,34084545130,343,324,174,150,19,10,9
SL050,34084545131,305,295,170,125,10,4,6
SL050,34084545132,2907,2847,1475,1372,60,27,33
SL050,34084545133,3788,3416,1699,1717,372,192,180
SL050,34084545134,2188,1974,1000,974,214,98,116
SL050,34084545135,5278,4985,2523,2462,293,153,140
SL050,34084545136,7811,7028,3559,3469,783,410,373
SL050,34084545137,2188,1955,988,967,233,115,118
SL050,34084545138,1246,1219,604,615,27,16,11
SL050,34084545139,161,154,83,71,7,3,4
SL050,34084545140,1521,1306,671,635,215,105,110
SL050,34084545141,1006,949,481,468,57,32,25
SL050,34084545142,10918,9489,4695,4794,1429,718,711
SL050,34084545143,1511,1432,737,695,79,36,43
SL050,34084545144,945,838,454,384,107,55,52
SL050,34084545145,4206,3162,1641,1521,1044,670,374
SL050,34084545146,105,101,51,50,4,3,1
SL050,34084545147,741,698,355,343,43,20,23
SL050,34084545148,289,285,160,125,4,3,1
SL050,34084545149,594,563,281,282,31,14,17
SL050,34084545150,438,429,231,198,9,4,5
SL050,34084545151,726,621,294,327,105,66,39
SL050,34084545152,694,635,334,301,59,28,31
SL050,34084545153,1805,1733,870,863,72,37,35
SL050,34084545154,1871,1786,949,837,85,47,38
SL050,34084545155,365,338,191,147,27,15,12
SL050,34084545156,4238,3999,2021,1978,239,121,118
SL050,34084545157,2946,2697,1433,1264,249,113,136
SL050,34084545158,3217,2985,1524,1461,232,125,107
SL050,34084545159,100,98,59,39,2,1,1
SL050,34084545160,1353,1326,665,661,27,13,14
SL050,34084545161,24255,20254,10505,9749,4001,1994,2007
SL050,34084545162,698,658,358,300,40,21,19
SL050,34084545163,11021,10246,5171,5075,775,387,388
SL050,34084545164,193,189,101,88,4,2,2
SL050,34084545165,83009,77210,37011,40199,5799,2856,2943
SL050,34084545166,1996,1848,935,913,148,79,69
SL050,34084545167,1783,1582,796,786,201,94,107
SL050,34084545168,84282,77739,37316,40423,6543,2926,3617
SL050,34084545169,213,202,103,99,11,7,4
SL050,34084545170,225,207,116,91,18,6,12
SL050,34084545171,1702,1600,820,780,102,46,56
SL050,34084545172,731,715,365,350,16,8,8
SL050,34084545173,13278,11974,5898,6076,1304,646,658
SL050,34084545174,346,334,170,164,12,4,8
SL050,34084545175,768,697,354,343,71,40,31
SL050,34084545176,5336,4987,2592,2395,349,163,186
SL050,34084545177,2558,2371,1174,1197,187,100,87
SL050,34084545179,586,559,274,285,27,9,18
SL050,34084545180,4218,3577,1812,1765,641,324,317
SL050,34084545181,2865,2795,1460,1335,70,30,40
SL050,34084545182,1127,1062,535,527,65,37,28
SL050,34084545183,3268,3060,1619,1441,208,97,111
SL050,34084545184,229,222,109,113,7,4,3
SL050,34084545185,9689,9293,4604,4689,396,219,177
SL050,34084545186,3723,3525,1747,1778,198,106,92
SL050,34084545187,4929,4689,2330,2359,240,124,116
SL050,34084545188,3769,3412,1698,1714,357,189,168
SL050,34084545189,867,750,395,355,117,50,67
SL050,34084545190,539,516,260,256,23,12,11
SL050,34084545191,620,607,318,289,13,7,6
SL050,34084545192,3298,2809,1447,1362,489,270,219
SL050,34084545193,728,697,359,338,31,16,15
SL050,34084545194,73,68,34,34,5,4,1
SL050,34084545195,2582,2454,1226,1228,128,56,72
SL050,34084545196,1793,1639,820,819,154,77,77
SL050,34084545197,2496,2259,1167,1092,237,112,125
SL050,34084545198,2390,2103,1072,1031,287,155,132
SL050,34084545199,4351,3928,2139,1789,423,195,228
SL050,34084545200,5983,5454,2759,2695,529,302,227
SL050,34084545201,5164,4451,2333,2118,713,373,340
SL050,34084545202,5083,4808,2492,2316,275,129,146
SL050,34084545203,3759,3315,1683,1632,444,233,211
SL050,34084545204,809,752,382,370,57,37,20
SL050,34084545205,10968,9376,4821,4555,1592,797,795
SL050,34084545901,1024,912,474,438,112,60,52
SL050,34104646001,1046,867,463,404,179,94,85
SL050,34104646002,1393,1286,679,607,107,60,47
SL050,34104646003,1162,1128,572,556,34,14,20
SL050,34104646004,2413,2326,1156,1170,87,47,40
SL050,34104646005,29341,27932,13709,14223,1409,673,736
SL050,34104646006,5908,5377,2664,2713,531,269,262
SL050,34104646007,16270,15472,7755,7717,798,383,415
SL050,34104646008,3329,3077,1522,1555,252,147,105
SL050,34104646009,3944,3766,1847,1919,178,86,92
SL050,34104646010,1202,1125,594,531,77,38,39
SL050,34104646011,10556,9288,4573,4715,1268,657,611
SL050,34104646012,1127,1079,569,510,48,24,24
SL050,34104646013,24222,22006,10781,11225,2216,1057,1159
SL050,34104646014,3983,3706,1816,1890,277,131,146
SL050,34104646015,9908,9119,4595,4524,789,380,409
SL050,34104646016,1297,1245,616,629,52,30,22
SL050,34104646017,44393,40065,19440,20625,4328,2245,2083
SL050,34104646018,654,635,340,295,19,10,9
SL050,34104646019,11938,10927,5323,5604,1011,527,484
SL050,34104646020,5188,4587,2256,2331,601,330,271
SL050,34104646021,31492,30062,14983,15079,1430,708,722
SL050,34104646022,20763,18575,9056,9519,2188,1118,1070
SL050,34104646023,440,382,195,187,58,31,27
SL050,34104646024,539,511,258,253,28,9,19
SL050,34104646025,3314,2992,1474,1518,322,130,192
SL050,34104646026,1532,1449,748,701,83,44,39
SL050,34104646027,1262,1148,570,578,114,55,59
SL050,34104646028,470,426,223,203,44,22,22
SL050,34104646029,27285,25294,12525,12769,1991,1034,957
SL050,34104646030,1019,964,479,485,55,31,24
SL050,34104646031,13100,12216,6134,6082,884,500,384
SL050,34104646032,7295,6969,3397,3572,326,161,165
SL050,34104646033,258,225,115,110,33,18,15
SL050,34104646034,2379,2224,1124,1100,155,76,79
SL050,34104646035,8932,8376,4199,4177,556,266,290
SL050,34104646036,637,622,344,278,15,9,6
SL050,34104646037,1418,1289,621,668,129,66,63
SL050,34104646038,303,293,193,100,10,5,5
SL050,34104646039,2638,2455,1225,1230,183,96,87
SL050,34104646040,1209,1142,557,585,67,35,32
SL050,34104646041,374,359,202,157,15,9,6
SL050,34104646042,4646,4148,2066,2082,498,261,237
SL050,34104646043,155,149,81,68,6,3,3
SL050,34104646044,5276,4989,2494,2495,287,130,157
SL050,34104646045,1604,1479,754,725,125,68,57
SL050,34104646046,1229,1002,524,478,227,114,113
SL050,34104646047,672,636,309,327,36,17,19
SL050,34104646048,4549,4178,2082,2096,371,192,179
SL050,34104646049,314,305,160,145,9,5,4
SL050,34104646050,190,189,108,81,1,0,1
SL050,34104646051,10878,9986,5091,4895,892,464,428
SL050,34104646052,594,580,277,303,14,3,11
SL050,34104646053,648,621,310,311,27,17,10
SL050,34104646054,14668,13694,6652,7042,974,476,498
SL050,34104646055,1746,1611,808,803,135,72,63
SL050,34104646056,224,196,106,90,28,11,17
SL050,34104646057,582,563,282,281,19,9,10
SL050,34104646058,2168,2081,1033,1048,87,51,36
SL050,34104646059,1580,1457,727,730,123,62,61
SL050,34104646060,11930,11145,5512,5633,785,406,379
SL050,34104646061,455,443,229,214,12,5,7
SL050,34104646062,5899,5475,2774,2701,424,212,212
SL050,34104646063,2241,2131,1079,1052,110,58,52
SL050,34104646064,660,635,332,303,25,14,11
SL050,34104646065,1931,1898,971,927,33,14,19
SL050,34104646066,1576,1506,741,765,70,28,42
SL050,34104646067,2224,2122,1064,1058,102,49,53
SL050,34104646068,418,403,220,183,15,6,9
SL050,34104646069,180,160,78,82,20,10,10
SL050,34104646070,23647,22035,11069,10966,1612,748,864
SL050,34104646071,524,513,263,250,11,1,10
SL050,34104646072,4214,4139,2093,2046,75,38,37
SL050,34104646073,1347,1245,623,622,102,54,48
SL050,34104646074,3645,3442,1707,1735,203,85,118
SL050,34104646075,159,158,85,73,1,0,1
SL050,34104646076,715,618,310,308,97,57,40
SL050,34104646077,9517,9027,4527,4500,490,232,258
SL050,34104646078,37584,34299,16579,17720,3285,1546,1739
SL050,34104646079,342,333,190,143,9,3,6
SL050,34104646080,1195,1098,568,530,97,45,52
SL050,34104646081,13588,12059,6004,6055,1529,795,734
SL050,34104646082,6575,6111,3149,2962,464,218,246
SL050,34104646083,20424,18563,9059,9504,1861,1048,813
SL050,34104646084,1876,1790,841,949,86,48,38
SL050,34104646085,15514,13663,6787,6876,1851,939,912
SL050,34104646086,93,91,47,44,2,2,0
SL050,34104646087,136,134,71,63,2,2,0
SL050,34104646088,172,169,88,81,3,1,2
SL050,34104646089,2773,2603,1345,1258,170,84,86
SL050,34104646090,2275,1978,1015,963,297,142,155
SL050,34104646091,145,122,67,55,23,10,13
SL050,34104646092,306,291,155,136,15,5,10
SL050,34104646093,2830,2584,1298,1286,246,118,128
SL050,34104646094,27827,25848,12739,13109,1979,997,982
SL050,34104646095,696,659,338,321,37,22,15
SL050,34104646096,334,320,173,147,14,7,7
SL050,34104646097,1125,1081,562,519,44,11,33
SL050,34104646098,3160,2960,1449,1511,200,115,85
SL050,34104646099,818,802,446,356,16,4,12
SL050,34104646100,332,316,159,157,16,11,5
SL050,34104646101,992,965,458,507,27,15,12
SL050,34104646102,24536,23230,11341,11889,1306,637,669
SL050,34104646103,1561,1501,721,780,60,25,35
SL050,34104646104,2239,2183,1103,1080,56,24,32
SL050,34104646105,21918,19080,9396,9684,2838,1514,1324
SL050,34104646106,1498,1486,769,717,12,4,8
SL050,34104646107,2469,2220,1082,1138,249,139,110
SL050,34104646108,494,479,261,218,15,6,9
SL050,34104646109,8319,7361,3691,3670,958,558,400
SL050,34104646110,29108,25853,12683,13170,3255,1702,1553
SL050,34104646111,14941,13791,7076,6715,1150,597,553
SL050,34104646112,615,549,290,259,66,35,31
SL050,34104646113,3128,2922,1452,1470,206,102,104
SL050,34104646114,704,682,354,328,22,8,14
SL050,34104646115,355,345,198,147,10,5,5
SL050,34104646116,18050,16503,8021,8482,1547,759,788
SL050,34104646117,692,658,344,314,34,14,20
SL050,34104646118,4800,4303,2109,2194,497,260,237
SL050,34104646119,903,875,443,432,28,15,13
SL050,34104646120,1432,1388,675,713,44,18,26
SL050,34104646121,122,119,60,59,3,1,2
SL050,34104646122,3547,3276,1647,1629,271,136,135
SL050,34104646123,2490,2329,1188,1141,161,81,80
SL050,34104646124,979,922,469,453,57,27,30
SL050,34104646125,1030,1008,505,503,22,8,14
SL050,34104646126,7342,6893,3405,3488,449,221,228
SL050,34104646127,3790,3315,1639,1676,475,243,232
SL050,34104646128,2038,1899,948,951,139,73,66
SL050,34104646129,682,594,331,263,88,45,43
SL050,34104646130,1058,1025,493,532,33,17,16
SL050,34104646131,73829,59936,28993,30943,13893,7302,6591
SL050,34104646132,2828,2680,1353,1327,148,74,74
SL050,34104646133,554,517,273,244,37,24,13
SL050,34104646134,3276,2958,1542,1416,318,162,156
SL050,34104646135,13058,12187,5923,6264,871,411,460
SL050,34104646136,3462,3204,1650,1554,258,121,137
SL050,34104646137,297,289,142,147,8,3,5
SL050,34104646138,444,424,223,201,20,9,11
SL050,34104646139,5914,5485,2680,2805,429,224,205
SL050,34104646140,491,459,241,218,32,16,16
SL050,34104646141,508,489,258,231,19,12,7
SL050,34104646142,845,823,421,402,22,12,10
SL050,34104646143,5702,5025,2527,2498,677,353,324
SL050,34104646144,776,743,384,359,33,20,13
SL050,34104646145,29045,26424,12838,13586,2621,1356,1265
SL050,34104646146,2145,1998,1027,971,147,76,71
SL050,34104646147,22972,20801,10470,10331,2171,1163,1008
SL050,34104646148,1984,1878,969,909,106,49,57
SL050,34104646149,504,400,210,190,104,53,51
SL050,34104646150,2373,2212,1136,1076,161,85,76
SL050,34104646151,893,864,454,410,29,12,17
SL050,34104646152,118,98,53,45,20,9,11
SL050,34104646153,542,517,256,261,25,15,10
SL050,34104646154,1049,991,496,495,58,29,29
SL050,34104646155,1209,1163,597,566,46,26,20
SL050,34104646156,2686,2454,1222,1232,232,122,110
SL050,34104646157,3585,3451,1769,1682,134,63,71
SL050,34104646158,1240,1181,628,553,59,29,30
SL050,34104646159,30693,28174,13862,14312,2519,1266,1253
SL050,34104646160,2439,2301,1118,1183,138,75,63
SL050,34104646161,1828,1781,936,845,47,23,24
SL050,34104646162,1575,1396,731,665,179,102,77
SL050,34104646163,2480,2328,1165,1163,152,67,85
SL050,34104646164,15752,14711,7283,7428,1041,517,524
SL050,34104646165,9538,8875,4408,4467,663,333,330
SL050,34104646166,10662,9944,4875,5069,718,356,362
SL050,34104646167,346,341,177,164,5,3,2
SL050,34104646168,2599,2369,1221,1148,230,121,109
SL050,34104646169,43278,38811,18721,20090,4467,2280,2187
SL050,34104646170,4318,4082,2042,2040,236,119,117
SL050,34104646171,21802,19920,9829,10091,1882,839,1043
SL050,34104646172,7583,6562,3415,3147,1021,524,497
SL050,34104646173,1631,1573,786,787,58,34,24
SL050,34104646174,1180,1116,565,551,64,36,28
SL050,34104646175,605,520,254,266,85,47,38
SL050,34104646176,2822,2434,1304,1130,388,205,183
SL050,34104646177,6291,5763,2921,2842,528,266,262
SL050,34104646178,6205,5880,3072,2808,325,168,157
SL050,34104646179,2975,2521,1287,1234,454,213,241
SL050,34104646180,838,791,388,403,47,27,20
SL050,34104646181,25199,20474,9935,10539,4725,2445,2280
SL050,34104646182,1766,1579,840,739,187,92,95
SL050,34104646183,8225,7187,3600,3587,1038,524,514
SL050,34104646184,35395,32049,15765,16284,3346,1728,1618
SL050,34104646185,446,433,219,214,13,7,6
SL050,34104646186,25309,24057,11937,12120,1252,599,653
SL050,34104646187,1543,1426,737,689,117,60,57
SL050,34104646188,1047,897,464,433,150,80,70
SL050,34104646189,576,540,275,265,36,17,19
SL050,34104646190,69156,63795,31664,32131,5361,2590,2771
SL050,34104646191,2777,2274,1187,1087,503,273,230
SL050,34104646192,969,917,456,461,52,25,27
SL050,34104646193,11409,10875,5405,5470,534,247,287
SL050,34104646194,20709,19546,9876,9670,1163,563,600
SL050,34104646195,2688,2338,1181,1157,350,178,172
SL050,34104646196,156,148,72,76,8,5,3
SL050,34104646197,2459,2340,1178,1162,119,59,60
SL050,34104646198,1014,958,486,472,56,27,29
SL050,34104646199,7840,7061,3586,3475,779,354,425
SL050,34104646200,2537,2158,1058,1100,379,178,201
SL050,34104646201,61,61,38,23,0,0,0
SL050,34104646202,24068,22490,11348,11142,1578,764,814
SL050,34104646203,4482,4238,2133,2105,244,121,123
SL050,34104646204,8566,8080,3946,4134,486,234,252
SL050,34104646205,19455,17655,8701,8954,1800,860,940
SL050,34104646206,662,638,337,301,24,11,13
SL050,34104646207,8929,8390,4120,4270,539,272,267
SL050,34104646208,1358,1300,636,664,58,32,26
SL050,34104646209,2370,2278,1132,1146,92,48,44
SL050,34104646210,440,411,203,208,29,14,15
SL050,34104646211,2395,2217,1101,1116,178,69,109
SL050,34104646212,2152,1929,994,935,223,111,112
SL050,34104646213,20227,18736,9342,9394,1491,751,740
SL050,34104646214,21992,20488,10399,10089,1504,758,746
SL050,34104646215,1734,1690,860,830,44,20,24
SL050,34104646216,7160,6685,3314,3371,475,190,285
SL050,34104646217,1114,1054,528,526,60,32,28
SL050,34104646218,1262,1207,619,588,55,26,29
SL050,34104646219,162,143,76,67,19,8,11
SL050,34104646220,65669,58493,28583,29910,7176,3590,3586
SL050,34104646221,433,417,214,203,16,6,10
SL050,34104646222,486,477,237,240,9,3,6
SL050,34104646223,10245,9547,4652,4895,698,338,360
SL050,34104646224,158,156,82,74,2,0,2
SL050,34104646225,379,375,189,186,4,1,3
SL050,34104646226,35,31,17,14,4,1,3
SL050,34104646227,1143,1114,554,560,29,17,12
SL050,34104646228,3091,2892,1486,1406,199,99,100
SL050,34104646229,1171,1084,594,490,87,39,48
SL050,34104646230,18467,16954,8419,8535,1513,751,762
SL050,34104646231,3325,2830,1403,1427,495,254,241
SL050,34104646232,1124,990,522,468,134,61,73
SL050,34104646233,4884,4570,2235,2335,314,146,168
SL050,34104646234,352,346,189,157,6,3,3
SL050,34104646235,27460,25530,12544,12986,1930,987,943
SL050,34104646236,1109,1074,540,534,35,15,20
SL050,34104646237,9117,8663,4238,4425,454,239,215
SL050,34104646238,17158,15828,7869,7959,1330,685,645
SL050,34104646239,650,498,257,241,152,77,75
SL050,34104646240,280,243,124,119,37,20,17
SL050,34104646241,459,451,237,214,8,4,4
SL050,34104646242,397,366,192,174,31,21,10
SL050,34104646243,148,143,80,63,5,3,2
SL050,34104646244,81245,74078,36517,37561,7167,3520,3647
SL050,34104646245,640,583,308,275,57,26,31
SL050,34104646246,1254,1220,615,605,34,14,20
SL050,34104646247,1132,1091,576,515,41,23,18
SL050,34104646248,6623,5995,3128,2867,628,342,286
SL050,34104646249,11540,10843,5401,5442,697,358,339
SL050,34104646250,791413,695782,328002,367780,95631,48746,46885
SL050,34104646251,3036,2861,1444,1417,175,94,81
SL050,34104646252,126,126,65,61,0,0,0
SL050,34104646253,157,149,80,69,8,5,3
SL050,34104646254,1242,1095,579,516,147,86,61
SL050,34104646255,4303,3877,1870,2007,426,225,201
SL050,34104646256,9550,8724,4541,4183,826,411,415
SL050,34104646257,7095,6505,3204,3301,590,297,293
SL050,34104646258,3579,3180,1609,1571,399,206,193
SL050,34104646259,586,538,279,259,48,28,20
SL050,34104646260,3380,3287,1600,1687,93,43,50
SL050,34104646261,2073,1984,1026,958,89,42,47
SL050,34104646262,227,226,120,106,1,0,1
SL050,34104646263,365,270,157,113,95,43,52
SL050,34104646902,392,385,180,205,7,4,3
SL050,34104646903,8846,8340,4145,4195,506,229,277
SL050,34104646904,974,940,463,477,34,20,14
SL050,34074747001,58,58,36,22,0,0,0
SL050,34074747002,23,22,16,6,1,0,1
SL050,34074747003,244,221,130,91,23,12,11
SL050,34074747004,1382,1282,681,601,100,59,41
SL050,34074747005,640,585,309,276,55,36,19
SL050,34074747006,222,221,120,101,1,0,1
SL050,34074747007,5455,5304,2746,2558,151,70,81
SL050,34074747008,21,21,10,11,0,0,0
SL050,34074747009,105,105,68,37,0,0,0
SL050,34074747010,19632,19045,9632,9413,587,252,335
SL050,34074747011,549,549,306,243,0,0,0
SL050,34074747012,108,103,48,55,5,2,3
SL050,34074747013,96,96,54,42,0,0,0
SL050,34074747014,56,47,29,18,9,7,2
SL050,34074747015,244,191,111,80,53,23,30
SL050,34074747016,68,68,35,33,0,0,0
SL050,34074747017,210,209,114,95,1,1,0
SL050,34074747018,39,38,23,15,1,1,0
SL050,34074747019,95,83,47,36,12,6,6
SL050,34074747020,298,294,167,127,4,2,2
SL050,34074747021,84,80,45,35,4,2,2
SL050,34074747022,61,61,26,35,0,0,0
SL050,34074747023,4154,4042,2073,1969,112,51,61
SL050,34074747024,304,249,134,115,55,30,25
SL050,34074747025,120,118,61,57,2,1,1
SL050,34074747026,68,48,28,20,20,12,8
SL050,34074747027,3693,3566,1823,1743,127,55,72
SL050,34074747028,36,35,19,16,1,1,0
SL050,34074747029,58,50,29,21,8,4,4
SL050,34074747030,1102,1034,568,466,68,34,34
SL050,34074747031,228,218,129,89,10,6,4
SL050,34074747032,155,150,88,62,5,2,3
SL050,34074747033,228,220,122,98,8,6,2
SL050,34074747034,72,71,42,29,1,1,0
SL050,34074747035,1024,1019,540,479,5,2,3
SL050,34074747036,244,224,125,99,20,12,8
SL050,34074747037,174,172,84,88,2,0,2
SL050,34074747038,110,104,60,44,6,5,1
SL050,34074747039,179,178,102,76,1,0,1
SL050,34074747040,63,63,33,30,0,0,0
SL050,34074747041,161,160,94,66,1,0,1
SL050,34074747042,65,55,38,17,10,4,6
SL050,34074747043,309,293,171,122,16,7,9
SL050,34074747044,372,368,197,171,4,1,3
SL050,34074747045,861,814,406,408,47,24,23
SL050,34074747046,147,133,75,58,14,7,7
SL050,34074747047,225,213,133,80,12,7,5
SL050,34074747048,225,200,111,89,25,12,13
SL050,34074747049,94,94,54,40,0,0,0
SL050,34074747050,5160,4948,2530,2418,212,104,108
SL050,34074747051,381,374,197,177,7,4,3
SL050,34074747052,9049,8774,4438,4336,275,134,141
SL050,34074747053,144,143,71,72,1,0,1
SL050,34074747054,691,676,364,312,15,9,6
SL050,34074747055,209,206,112,94,3,2,1
SL050,34074747056,100,87,50,37,13,8,5
SL050,34074747057,307,287,161,126,20,15,5
SL050,34074747058,226,220,113,107,6,3,3
SL050,34074747059,126,110,73,37,16,6,10
SL050,34074747060,257,240,137,103,17,14,3
SL050,34074747061,272,264,143,121,8,2,6
SL050,34074747062,173,166,95,71,7,4,3
SL050,34074747063,110,107,56,51,3,1,2
SL050,34074747064,34,34,20,14,0,0,0
SL050,34074747065,913,906,485,421,7,2,5
SL050,34074747066,1640,1572,817,755,68,27,41
SL050,34074747067,156,150,80,70,6,1,5
SL050,34074747068,35,30,16,14,5,1,4
SL050,34074747069,129,126,65,61,3,2,1
SL050,34074747070,34,31,17,14,3,1,2
SL050,34074747071,524,465,246,219,59,2,57
SL050,34074747073,127,125,61,64,2,2,0
SL050,34074747074,166,159,93,66,7,4,3
SL050,34074747075,6370,5687,2861,2826,683,330,353
SL050,34074747076,22645,21960,10938,11022,685,313,372
SL050,34074747077,246,245,157,88,1,1,0
SL050,34074747078,175,175,94,81,0,0,0
SL050,34074747079,61,59,31,28,2,1,1
SL050,34074747080,55,45,22,23,10,5,5
SL050,34074747081,48,47,24,23,1,0,1
SL050,34074747082,1045,923,474,449,122,62,60
SL050,34074747083,107,90,54,36,17,9,8
SL050,34074747084,1590,1237,612,625,353,185,168
SL050,34074747085,20583,19533,9426,10107,1050,550,500
SL050,34074747086,4716,4497,2190,2307,219,121,98
SL050,34074747087,428,385,203,182,43,21,22
SL050,34074747088,110,105,57,48,5,2,3
SL050,34074747089,157,142,77,65,15,9,6
SL050,34074747090,3252,2902,1504,1398,350,204,146
SL050,34074747091,78,76,41,35,2,1,1
SL050,34074747092,116,112,66,46,4,3,1
SL050,34074747093,884,872,473,399,12,7,5
SL050,34074747094,158,133,77,56,25,12,13
SL050,34074747095,41,41,26,15,0,0,0
SL050,34074747096,142,132,68,64,10,6,4
SL050,34074747097,366,355,188,167,11,5,6
SL050,34074747098,669,645,327,318,24,13,11
SL050,34074747099,159,159,80,79,0,0,0
SL050,34074747100,139,139,78,61,0,0,0
SL050,34074747101,2039,1926,988,938,113,55,58
SL050,34074747102,294,292,165,127,2,0,2
SL050,34074747103,313,286,158,128,27,15,12
SL050,34074747104,3654,3294,1618,1676,360,179,181
SL050,34074747105,212,209,114,95,3,1,2
SL050,34074747106,57,47,24,23,10,7,3
SL050,34074747109,190,185,97,88,5,3,2
SL050,34074747110,484,482,242,240,2,2,0
SL050,34074747111,1142,1106,561,545,36,19,17
SL050,34074747112,3322,3075,1585,1490,247,120,127
SL050,34074747113,185,159,89,70,26,14,12
SL050,34074747114,5090,4733,2366,2367,357,174,183
SL050,34074747115,298,285,161,124,13,9,4
SL050,34074747116,457,449,247,202,8,4,4
SL050,34074747117,330,326,168,158,4,2,2
SL050,34074747118,167,162,92,70,5,3,2
SL050,34074747119,91,90,49,41,1,1,0
SL050,34074747121,593,576,300,276,17,13,4
SL050,34074747122,2454,2339,1237,1102,115,54,61
SL050,34074747123,541,535,298,237,6,4,2
SL050,34074747124,496,449,236,213,47,25,22
SL050,34074747125,55,54,31,23,1,0,1
SL050,34074747126,48,48,27,21,0,0,0
SL050,34074747127,158,144,79,65,14,9,5
SL050,34074747128,61,57,27,30,4,1,3
SL050,34074747129,1019,979,513,466,40,22,18
SL050,34074747130,105,104,54,50,1,0,1
SL050,34074747131,182,178,96,82,4,1,3
SL050,34074747132,47,47,27,20,0,0,0
SL050,34074747133,3764,3730,1908,1822,34,14,20
SL050,34074747134,161,158,87,71,3,1,2
SL050,34074747135,97,97,56,41,0,0,0
SL050,34074747137,32,32,19,13,0,0,0
SL050,34074747138,235,231,130,101,4,2,2
SL050,34074747139,1285,1105,567,538,180,96,84
SL050,34074747140,114,114,73,41,0,0,0
SL050,34074747141,130,130,74,56,0,0,0
SL050,34074747142,140,130,80,50,10,6,4
SL050,34074747143,117,117,65,52,0,0,0
SL050,34074747144,86,82,45,37,4,3,1
SL050,34074747145,671,658,349,309,13,6,7
SL050,34074747146,339,331,174,157,8,4,4
SL050,34074747147,113,111,59,52,2,1,1
SL050,34074747148,495,466,249,217,29,14,15
SL050,34074747149,51,51,25,26,0,0,0
SL050,34074747150,328,291,138,153,37,23,14
SL050,34074747151,29,27,14,13,2,1,1
SL050,34074747152,91,79,41,38,12,9,3
SL050,34074747153,115,110,58,52,5,2,3
SL050,34074747154,158,151,85,66,7,5,2
SL050,34074747155,4346,4215,2166,2049,131,65,66
SL050,34074747156,168,166,88,78,2,1,1
SL050,34074747157,583,559,297,262,24,13,11
SL050,34074747158,1094,982,499,483,112,56,56
SL050,34074747159,1135,984,503,481,151,92,59
SL050,34074747160,431,428,229,199,3,0,3
SL050,34074747161,5242,5058,2559,2499,184,100,84
SL050,34074747162,55,55,31,24,0,0,0
SL050,34074747163,294,294,142,152,0,0,0
SL050,34074747164,433,390,205,185,43,28,15
SL050,34074747165,8825,8123,4119,4004,702,358,344
SL050,34074747166,275,265,131,134,10,3,7
SL050,34074747167,247,246,126,120,1,1,0
SL050,34074747168,33,31,20,11,2,1,1
SL050,34074747169,71,69,35,34,2,1,1
SL050,34074747170,42,40,22,18,2,2,0
SL050,34074747171,425,422,221,201,3,2,1
SL050,34074747172,150,149,79,70,1,0,1
SL050,34074747173,1089,992,538,454,97,51,46
SL050,34074747174,298,294,163,131,4,1,3
SL050,34074747175,8547,8206,4184,4022,341,180,161
SL050,34074747176,238,215,105,110,23,17,6
SL050,34074747177,102,101,60,41,1,1,0
SL050,34074747178,188,182,100,82,6,4,2
SL050,34074747179,471,417,227,190,54,24,30
SL050,34074747180,61,59,31,28,2,1,1
SL050,34074747181,197,177,95,82,20,8,12
SL050,34074747182,1657,1563,814,749,94,49,45
SL050,34074747183,133,126,65,61,7,2,5
SL050,34074747184,647,622,334,288,25,14,11
SL050,34074747185,100,90,54,36,10,6,4
SL050,34074747186,298866,286078,134161,151917,12788,6221,6567
SL050,34074747187,94,87,52,35,7,5,2
SL050,34074747188,108,105,58,47,3,1,2
SL050,34074747189,162,161,90,71,1,0,1
SL050,34074747190,113,113,54,59,0,0,0
SL050,34074747191,108,108,69,39,0,0,0
SL050,34074747192,108,104,61,43,4,2,2
SL050,34074747193,2038,1986,1044,942,52,21,31
SL050,34074747194,337,324,169,155,13,6,7
SL050,34074747195,504,488,272,216,16,5,11
SL050,34074747196,34,34,15,19,0,0,0
SL050,34074747197,1033,976,512,464,57,34,23
SL050,34074747198,82,73,43,30,9,4,5
SL050,34074747199,74,70,45,25,4,2,2
SL050,34074747200,83,83,54,29,0,0,0
SL050,34074747203,65,58,30,28,7,5,2
SL050,34074747204,274,260,132,128,14,5,9
SL050,34074747205,505,408,221,187,97,53,44
SL050,34074747206,82,81,45,36,1,1,0
SL050,34074747207,309,273,160,113,36,20,16
SL050,34074747208,67,63,32,31,4,2,2
SL050,34074747209,35,35,23,12,0,0,0
SL050,34074747210,458,419,202,217,39,19,20
SL050,34074747211,55,55,30,25,0,0,0
SL050,34074747212,400,379,204,175,21,13,8
SL050,34074747213,123,109,56,53,14,6,8
SL050,34074747214,1606,1503,743,760,103,48,55
SL050,34074747215,53,52,27,25,1,0,1
SL050,34074747216,128,123,72,51,5,3,2
SL050,34074747217,2692,2605,1352,1253,87,40,47
SL050,34074747218,1170,1126,593,533,44,17,27
SL050,34074747219,58,42,24,18,16,7,9
SL050,34074747220,172,167,88,79,5,2,3
SL050,34074747221,107,107,65,42,0,0,0
SL050,34074747222,85,85,46,39,0,0,0
SL050,34074747223,167,163,91,72,4,3,1
SL050,34074747224,103,99,53,46,4,2,2
SL050,34074747225,83,80,46,34,3,1,2
SL050,34074747226,167,165,95,70,2,1,1
SL050,34074747227,60,60,37,23,0,0,0
SL050,34074747228,514,504,267,237,10,6,4
SL050,34074747229,239,233,110,123,6,3,3
SL050,34074747230,328,327,174,153,1,0,1
SL050,34074747231,6212,6003,3076,2927,209,105,104
SL050,34074747232,114,111,61,50,3,2,1
SL050,34164848001,7533,7191,3588,3603,342,183,159
SL050,34164848002,9545,9333,4624,4709,212,77,135
SL050,34164848003,19140,17469,8538,8931,1671,842,829
SL050,34164848004,419,403,210,193,16,5,11
SL050,34164848005,156,150,70,80,6,2,4
SL050,34164848006,393,377,188,189,16,5,11
SL050,34164848007,460,443,245,198,17,4,13
SL050,34164848008,734,716,387,329,18,8,10
SL050,34164848009,970,951,464,487,19,13,6
SL050,34164848010,567,548,281,267,19,9,10
SL050,34164848011,12230,11724,5708,6016,506,249,257
SL050,34164848012,2645,2529,1285,1244,116,54,62
SL050,34164848013,100435,93740,45277,48463,6695,3272,3423
SL050,34164848014,1541,1494,733,761,47,24,23
SL050,34164848015,40762,38472,18608,19864,2290,1167,1123
SL050,34164848016,7130,6909,3409,3500,221,86,135
SL050,34164848017,16688,15628,7679,7949,1060,560,500
SL050,34164848018,1247,1068,554,514,179,131,48
SL050,34164848019,4678,4328,2152,2176,350,186,164
SL050,34164848020,345821,318440,149264,169176,27381,13667,13714
SL050,34164848021,1637,1585,803,782,52,22,30
SL050,34164848022,2715,2643,1387,1256,72,21,51
SL050,34164848023,735,714,356,358,21,9,12
SL050,34164848024,1242,1196,606,590,46,18,28
SL050,34164848025,1059,1034,534,500,25,10,15
SL050,34164848026,1447,1415,738,677,32,12,20
SL050,34164848027,29636,27398,13294,14104,2238,1216,1022
SL050,34164848028,831,793,412,381,38,12,26
SL050,34164848029,11304,10992,5507,5485,312,153,159
SL050,34164848030,772,699,344,355,73,41,32
SL050,34164848031,346,341,170,171,5,2,3
SL050,34164848032,7336,6952,3429,3523,384,196,188
SL050,34164848033,239,230,129,101,9,5,4
SL050,34164848034,15890,14953,7414,7539,937,501,436
SL050,34164848035,545,516,259,257,29,11,18
SL050,34164848036,29288,28317,13970,14347,971,468,503
SL050,34164848037,829,811,440,371,18,5,13
SL050,34164848038,1375,1335,664,671,40,13,27
SL050,34164848039,320,316,160,156,4,1,3
SL050,34164848040,1673,1628,819,809,45,15,30
SL050,34164848041,840,798,401,397,42,21,21
SL050,34164848042,1686,1613,822,791,73,32,41
SL050,34164848043,5683,5483,2729,2754,200,80,120
SL050,34164848044,78276,73607,34712,38895,4669,1927,2742
SL050,34164848045,6681,6289,3038,3251,392,186,206
SL050,34164848046,16972,15247,7298,7949,1725,881,844
SL050,34164848047,212,196,103,93,16,8,8
SL050,34164848048,636,623,322,301,13,6,7
SL050,34164848049,725,684,365,319,41,18,23
SL050,34164848050,255,220,124,96,35,31,4
SL050,34164848051,254,246,132,114,8,3,5
SL050,34164848052,2029,1987,967,1020,42,14,28
SL050,34164848053,1191,1144,579,565,47,14,33
SL050,34164848054,31495,29978,14651,15327,1517,715,802
SL050,34164848055,3521,3272,1638,1634,249,122,127
SL050,34164848056,1241,1217,647,570,24,9,15
SL050,34164848057,7258,6825,3371,3454,433,220,213
SL050,34164848058,1158,1120,571,549,38,15,23
SL050,34164848059,519,489,252,237,30,19,11
SL050,34164848060,4934,4372,2192,2180,562,316,246
SL050,34164848061,982,963,499,464,19,6,13
SL050,34164848062,381,368,188,180,13,6,7
SL050,34164848063,432,421,216,205,11,4,7
SL050,34164848064,755,743,391,352,12,6,6
SL050,34164848065,4124,3935,1963,1972,189,100,89
SL050,34164848066,423,407,216,191,16,9,7
SL050,34164848067,1455,1382,711,671,73,51,22
SL050,34164848068,1835,1781,856,925,54,27,27
SL050,34164848069,17554,16306,7961,8345,1248,591,657
SL050,34164848070,648,629,313,316,19,6,13
SL050,34164848071,7567,7337,3631,3706,230,100,130
SL050,34164848072,1296,1204,612,592,92,43,49
SL050,34164848073,8397,7920,3880,4040,477,338,139
SL050,34164848074,4180,3912,1987,1925,268,172,96
SL050,34164848075,2651,2527,1246,1281,124,51,73
SL050,34164848076,357,342,180,162,15,6,9
SL050,34164848077,4363,4122,2019,2103,241,115,126
SL050,34164848078,45826,43876,20987,22889,1950,968,982
SL050,34164848079,487,472,260,212,15,8,7
SL050,34164848080,11953,11672,5697,5975,281,124,157
SL050,34164848081,2429,2317,1156,1161,112,49,63
SL050,34164848082,45795,43869,21033,22836,1926,1006,920
SL050,34164848083,8360,8144,3978,4166,216,103,113
SL050,34164848084,27445,25590,12316,13274,1855,993,862
SL050,34164848085,13643,13121,6472,6649,522,244,278
SL050,34164848086,2569,2465,1234,1231,104,48,56
SL050,34164848087,511,489,264,225,22,8,14
SL050,34164848088,177,158,81,77,19,11,8
SL050,34164848089,4319,4165,2074,2091,154,62,92
SL050,34164848090,7684,7152,3481,3671,532,247,285
SL050,34164848091,1377,1304,658,646,73,38,35
SL050,34164848092,1041,999,479,520,42,20,22
SL050,34164848093,1212,1087,516,571,125,63,62
SL050,34164848094,4257,3829,1859,1970,428,223,205
SL050,34164848095,3054,2852,1434,1418,202,105,97
SL050,34164848096,8379,7762,3798,3964,617,327,290
SL050,34164848097,1615,1561,780,781,54,19,35
SL050,34164848901,6545,6343,3114,3229,202,102,100
SL050,34164848902,24222,22726,11043,11683,1496,721,775
SL050,34164848903,2416,2196,1055,1141,220,157,63
SL050,34164848904,4495,4270,2056,2214,225,114,111
SL050,34164848905,3236,2988,1465,1523,248,119,129
SL050,34164848906,929,885,438,447,44,20,24
SL050,34164848907,444,428,214,214,16,8,8
SL050,34164848908,309,302,154,148,7,2,5
SL050,34164848909,255,246,125,121,9,3,6
SL050,34164848910,3643,3338,1657,1681,305,161,144
SL050,34164848911,482,477,252,225,5,1,4
SL050,34164848912,2903,2771,1375,1396,132,54,78
SL050,34164848913,1492,1447,774,673,45,18,27
SL050,34164848914,418,403,194,209,15,8,7
SL050,34164848915,427,420,224,196,7,3,4
SL050,34074949002,60,60,30,30,0,0,0
SL050,34074949003,1074,947,472,475,127,75,52
SL050,34074949004,123,123,67,56,0,0,0
SL050,34074949005,130,128,74,54,2,1,1
SL050,34074949006,145,145,79,66,0,0,0
SL050,34074949007,402,400,208,192,2,0,2
SL050,34074949008,462,460,245,215,2,0,2
SL050,34074949009,438,429,222,207,9,4,5
SL050,34074949010,405,401,201,200,4,3,1
SL050,34074949011,229,228,126,102,1,1,0
SL050,34074949012,76,76,36,40,0,0,0
SL050,34074949013,247,246,120,126,1,1,0
SL050,34074949014,116,116,58,58,0,0,0
SL050,34074949015,232,228,113,115,4,0,4
SL050,34074949016,260,250,118,132,10,3,7
SL050,34074949017,261,254,126,128,7,5,2
SL050,34074949018,317,306,153,153,11,6,5
SL050,34074949019,258,256,137,119,2,0,2
SL050,34074949020,281,281,153,128,0,0,0
SL050,34074949021,18095,17182,8340,8842,913,412,501
SL050,34074949022,325,312,167,145,13,5,8
SL050,34074949023,1037,1013,541,472,24,12,12
SL050,34074949024,736,711,359,352,25,10,15
SL050,34074949025,184,178,106,72,6,3,3
SL050,34074949026,228,226,120,106,2,1,1
SL050,34074949027,134,134,66,68,0,0,0
SL050,34074949028,108,108,64,44,0,0,0
SL050,34074949029,656,653,341,312,3,0,3
SL050,34074949030,85,85,44,41,0,0,0
SL050,34074949031,160,155,82,73,5,3,2
SL050,34074949032,305,301,141,160,4,1,3
SL050,34074949033,813,753,374,379,60,33,27
SL050,34074949034,455,445,234,211,10,1,9
SL050,34074949035,236,232,123,109,4,3,1
SL050,34074949036,556,548,279,269,8,4,4
SL050,34074949037,202,198,108,90,4,2,2
SL050,34074949038,104,102,56,46,2,0,2
SL050,34074949039,390,374,199,175,16,10,6
SL050,34074949040,121,117,59,58,4,2,2
SL050,34074949041,478,467,254,213,11,7,4
SL050,34074949042,232,231,113,118,1,0,1
SL050,34074949043,303,288,146,142,15,9,6
SL050,34074949044,87,85,46,39,2,2,0
SL050,34074949046,275,263,145,118,12,7,5
SL050,34074949047,121,111,63,48,10,5,5
SL050,34074949048,116,116,60,56,0,0,0
SL050,34074949050,576,552,294,258,24,12,12
SL050,34074949052,194,193,107,86,1,0,1
SL050,34074949053,1057,1028,526,502,29,17,12
SL050,34074949054,982,960,474,486,22,12,10
SL050,34074949055,106,103,54,49,3,2,1
SL050,34074949056,310,301,152,149,9,5,4
SL050,34074949057,115,110,63,47,5,1,4
SL050,34074949058,320,318,168,150,2,2,0
SL050,34074949059,86,86,54,32,0,0,0
SL050,34074949061,156,151,84,67,5,3,2
SL050,34074949062,110,110,54,56,0,0,0
SL050,34074949063,344,338,175,163,6,2,4
SL050,34074949064,524,520,274,246,4,0,4
SL050,34074949065,1225,1154,582,572,71,40,31
SL050,34074949066,519,508,260,248,11,5,6
SL050,34074949067,376,374,204,170,2,1,1
SL050,34074949068,476,469,257,212,7,4,3
SL050,34074949069,339,337,161,176,2,0,2
SL050,34074949071,761,742,392,350,19,8,11
SL050,34074949075,138,137,73,64,1,1,0
SL050,34074949076,375,355,189,166,20,11,9
SL050,34074949077,180,180,94,86,0,0,0
SL050,34074949078,160,155,85,70,5,2,3
SL050,34074949079,110,109,60,49,1,0,1
SL050,34074949080,702,685,369,316,17,7,10
SL050,34074949081,1491,1396,695,701,95,46,49
SL050,34074949082,379,375,190,185,4,2,2
SL050,34074949083,51,50,24,26,1,0,1
SL050,34074949084,310,300,159,141,10,5,5
SL050,34074949085,1058,1016,519,497,42,17,25
SL050,34074949086,112,112,66,46,0,0,0
SL050,34074949087,497,494,270,224,3,1,2
SL050,34074949088,96,96,56,40,0,0,0
SL050,34074949090,222,214,105,109,8,3,5
SL050,34074949091,280,263,136,127,17,9,8
SL050,34074949092,122,121,58,63,1,1,0
SL050,34074949093,324,310,158,152,14,8,6
SL050,34074949094,247,237,122,115,10,7,3
SL050,34074949095,320,311,162,149,9,4,5
SL050,34074949096,162,160,86,74,2,1,1
SL050,34074949097,80,79,45,34,1,1,0
SL050,34074949098,218,218,120,98,0,0,0
SL050,34074949099,98,98,58,40,0,0,0
SL050,34074949100,302,294,159,135,8,5,3
SL050,34074949101,159,159,84,75,0,0,0
SL050,34074949102,195,190,101,89,5,2,3
SL050,34074949103,471,459,240,219,12,7,5
SL050,34074949104,316,316,177,139,0,0,0
SL050,34074949105,151,151,79,72,0,0,0
SL050,34074949107,131,124,55,69,7,3,4
SL050,34074949108,482,479,241,238,3,1,2
SL050,34074949109,669,658,317,341,11,7,4
SL050,34074949110,358,352,188,164,6,4,2
SL050,34074949111,126,125,66,59,1,0,1
SL050,34074949112,128,128,73,55,0,0,0
SL050,34074949113,169,168,97,71,1,1,0
SL050,34074949114,41,41,23,18,0,0,0
SL050,34074949115,194,189,102,87,5,3,2
SL050,34074949116,391,390,201,189,1,0,1
SL050,34074949117,469,465,237,228,4,3,1
SL050,34074949118,224,214,117,97,10,4,6
SL050,34074949119,256,251,138,113,5,4,1
SL050,34074949120,64,55,28,27,9,4,5
SL050,34074949121,409,392,214,178,17,9,8
SL050,34074949122,980,968,500,468,12,4,8
SL050,34074949123,603,596,312,284,7,3,4
SL050,34074949124,261,258,150,108,3,0,3
SL050,34074949125,1705,1660,854,806,45,17,28
SL050,34074949126,274,273,143,130,1,0,1
SL050,34074949127,2907,2869,1498,1371,38,18,20
SL050,34074949128,576,569,286,283,7,3,4
SL050,34074949129,1003,893,477,416,110,55,55
SL050,34074949130,176,175,91,84,1,0,1
SL050,34074949131,263,257,135,122,6,2,4
SL050,34074949132,352,350,182,168,2,0,2
SL050,34074949133,306,295,157,138,11,4,7
SL050,34074949134,179,178,101,77,1,1,0
SL050,34074949135,639,635,325,310,4,3,1
SL050,34074949136,342,326,157,169,16,8,8
SL050,34074949137,185,178,101,77,7,3,4
SL050,34074949138,230,229,126,103,1,0,1
SL050,34074949139,164,163,89,74,1,0,1
SL050,34074949141,336,336,171,165,0,0,0
SL050,34074949142,271,270,139,131,1,0,1
SL050,34074949143,238,229,115,114,9,2,7
SL050,34074949145,232,221,116,105,11,8,3
SL050,34074949146,292,291,144,147,1,1,0
SL050,34074949147,255,243,121,122,12,7,5
SL050,34074949148,274,271,128,143,3,1,2
SL050,34074949149,399,394,196,198,5,3,2
SL050,34074949150,133,131,57,74,2,0,2
SL050,34074949151,692,681,359,322,11,5,6
SL050,34074949152,540,527,282,245,13,5,8
SL050,34074949153,167,163,84,79,4,2,2
SL050,34074949154,123,123,71,52,0,0,0
SL050,34074949155,85,82,45,37,3,0,3
SL050,34074949156,226,225,117,108,1,0,1
SL050,34074949157,200,200,108,92,0,0,0
SL050,34074949158,237,227,120,107,10,5,5
SL050,34074949159,288,282,147,135,6,3,3
SL050,34074949160,37,37,20,17,0,0,0
SL050,34074949162,165,165,90,75,0,0,0
SL050,34074949163,207,205,104,101,2,1,1
SL050,34074949164,162,149,76,73,13,4,9
SL050,34074949165,55,55,30,25,0,0,0
SL050,34074949166,1409,1361,667,694,48,27,21
SL050,34074949167,194,193,107,86,1,1,0
SL050,34074949168,105,97,50,47,8,5,3
SL050,34074949169,38,37,19,18,1,0,1
SL050,34074949170,103,99,52,47,4,2,2
SL050,34074949171,668,653,340,313,15,7,8
SL050,34074949172,528,521,272,249,7,3,4
SL050,34074949173,385,379,187,192,6,3,3
SL050,34074949174,146,134,64,70,12,6,6
SL050,34074949175,267,229,117,112,38,21,17
SL050,34074949176,684,678,381,297,6,1,5
SL050,34074949177,278,273,143,130,5,2,3
SL050,34074949178,923,901,477,424,22,10,12
SL050,34074949179,417,386,208,178,31,18,13
SL050,34074949180,156,154,75,79,2,1,1
SL050,34074949181,365,362,196,166,3,0,3
SL050,34074949183,103,102,46,56,1,1,0
SL050,34074949184,180,179,99,80,1,0,1
SL050,34074949185,185,170,89,81,15,6,9
SL050,34074949186,250,249,121,128,1,1,0
SL050,34074949187,1401,1388,728,660,13,6,7
SL050,34074949188,133,117,66,51,16,11,5
SL050,34074949189,219,214,117,97,5,3,2
SL050,34074949190,52,50,27,23,2,1,1
SL050,34074949191,286,278,139,139,8,3,5
SL050,34074949192,141,134,66,68,7,3,4
SL050,34074949193,463,454,236,218,9,4,5
SL050,34074949194,347,343,175,168,4,3,1
SL050,34074949197,170,170,86,84,0,0,0
SL050,34074949199,262,257,126,131,5,0,5
SL050,34074949200,1075,1049,538,511,26,13,13
SL050,34074949201,307,307,154,153,0,0,0
SL050,34074949202,184,184,107,77,0,0,0
SL050,34074949203,308,307,160,147,1,0,1
SL050,34074949204,55,55,25,30,0,0,0
SL050,34074949205,389,389,200,189,0,0,0
SL050,34074949206,977,891,444,447,86,46,40
SL050,34074949207,259,246,124,122,13,5,8
SL050,34074949208,395,394,209,185,1,0,1
SL050,34074949209,520,510,285,225,10,6,4
SL050,34074949210,506,491,247,244,15,7,8
SL050,34074949214,762,738,380,358,24,13,11
SL050,34074949216,158,158,93,65,0,0,0
SL050,34074949219,8789,8371,4078,4293,418,224,194
SL050,34074949220,146,141,75,66,5,3,2
SL050,34074949221,277,263,136,127,14,8,6
SL050,34074949222,403,393,200,193,10,5,5
SL050,34074949223,872,756,380,376,116,75,41
SL050,34074949224,187,182,91,91,5,1,4
SL050,34074949225,140,138,74,64,2,0,2
SL050,34074949226,264,263,141,122,1,0,1
SL050,34074949227,353,344,180,164,9,3,6
SL050,34074949228,47,47,28,19,0,0,0
SL050,34074949229,134,132,65,67,2,1,1
SL050,34074949230,89,89,48,41,0,0,0
SL050,34074949231,346,337,162,175,9,4,5
SL050,34074949232,107,98,44,54,9,6,3
SL050,34074949233,92,91,52,39,1,0,1
SL050,34074949234,429,408,222,186,21,9,12
SL050,34074949235,383,382,195,187,1,0,1
SL050,34074949236,89,86,45,41,3,2,1
SL050,34074949237,156,156,82,74,0,0,0
SL050,34074949238,205,205,107,98,0,0,0
SL050,34074949239,705,694,356,338,11,6,5
SL050,34074949240,205,204,110,94,1,0,1
SL050,34074949241,254,248,137,111,6,3,3
SL050,34074949242,483,474,246,228,9,6,3
SL050,34074949243,109,108,56,52,1,0,1
SL050,34074949244,48,44,27,17,4,2,2
SL050,34074949245,278,275,135,140,3,2,1
SL050,34074949246,233,233,130,103,0,0,0
SL050,34074949247,444,441,218,223,3,0,3
SL050,34074949248,253,194,93,101,59,30,29
SL050,34074949249,75,67,35,32,8,6,2
SL050,34074949250,1519,1390,687,703,129,68,61
SL050,34074949251,158,158,85,73,0,0,0
SL050,34074949252,324,321,161,160,3,1,2
SL050,34074949255,398,395,210,185,3,1,2
SL050,34074949256,280,269,138,131,11,6,5
SL050,34074949257,336,330,165,165,6,3,3
SL050,34074949258,115,114,66,48,1,1,0
SL050,34074949259,77,73,38,35,4,3,1
SL050,34074949260,857,807,395,412,50,30,20
SL050,34074949261,1858,1815,921,894,43,21,22
SL050,34074949262,418,394,203,191,24,8,16
SL050,34074949263,44,44,24,20,0,0,0
SL050,34074949264,579,575,296,279,4,2,2
SL050,34074949265,126,126,65,61,0,0,0
SL050,34074949266,75,72,41,31,3,1,2
SL050,34074949267,104,104,58,46,0,0,0
SL050,34074949268,404,400,214,186,4,3,1
SL050,34074949269,238,232,109,123,6,2,4
SL050,34074949270,168,154,96,58,14,7,7
SL050,34074949271,194,190,106,84,4,2,2
SL050,34074949272,82,82,42,40,0,0,0
SL050,34074949273,190,186,97,89,4,0,4
SL050,34074949275,61827,59919,27873,32046,1908,886,1022
SL050,34025050001,97,90,53,37,7,5,2
SL050,34025050002,165,139,80,59,26,16,10
SL050,34025050003,146,137,77,60,9,4,5
SL050,34025050004,631,537,282,255,94,50,44
SL050,34025050005,235,230,124,106,5,4,1
SL050,34025050006,1085,1035,524,511,50,21,29
SL050,34025050007,52,51,34,17,1,0,1
SL050,34025050008,7094,6270,3104,3166,824,422,402
SL050,34025050009,133,105,59,46,28,18,10
SL050,34025050010,72,71,40,31,1,1,0
SL050,34025050011,132,129,67,62,3,1,2
SL050,34025050012,108,105,57,48,3,0,3
SL050,34025050013,251,241,118,123,10,4,6
SL050,34025050014,144,128,77,51,16,6,10
SL050,34025050015,63,63,36,27,0,0,0
SL050,34025050016,49,45,31,14,4,1,3
SL050,34025050017,2312,2206,1143,1063,106,47,59
SL050,34025050018,1441,1056,557,499,385,203,182
SL050,34025050019,62,61,33,28,1,0,1
SL050,34025050020,1036,920,483,437,116,62,54
SL050,34025050021,29,29,12,17,0,0,0
SL050,34025050022,567,556,285,271,11,4,7
SL050,34025050023,252,230,112,118,22,12,10
SL050,34025050024,691,591,323,268,100,59,41
SL050,34025050025,7819,5583,2807,2776,2236,1171,1065
SL050,34025050026,579,497,251,246,82,37,45
SL050,34025050027,256,251,121,130,5,2,3
SL050,34025050028,95,74,45,29,21,17,4
SL050,34025050029,708,660,359,301,48,24,24
SL050,34025050030,213,198,120,78,15,9,6
SL050,34025050031,160,149,93,56,11,6,5
SL050,34025050032,309,266,142,124,43,24,19
SL050,34025050033,72,70,44,26,2,1,1
SL050,34025050034,1139,935,464,471,204,115,89
SL050,34025050035,73,73,43,30,0,0,0
SL050,34025050036,96,95,52,43,1,0,1
SL050,34025050037,156,139,86,53,17,10,7
SL050,34025050038,1793,1570,796,774,223,129,94
SL050,34025050039,543,497,282,215,46,28,18
SL050,34025050040,83,80,46,34,3,1,2
SL050,34025050041,12,12,8,4,0,0,0
SL050,34025050042,17,17,7,10,0,0,0
SL050,34025050043,300,284,155,129,16,9,7
SL050,34025050044,261,250,118,132,11,5,6
SL050,34025050045,1528,1403,705,698,125,63,62
SL050,34025050046,198,179,98,81,19,12,7
SL050,34025050047,47,46,32,14,1,1,0
SL050,34025050048,33,33,18,15,0,0,0
SL050,34025050050,98,98,61,37,0,0,0
SL050,34025050051,948,915,463,452,33,17,16
SL050,34025050052,97,87,50,37,10,8,2
SL050,34025050053,808,729,369,360,79,38,41
SL050,34025050054,56,56,36,20,0,0,0
SL050,34025050055,4922,4427,2240,2187,495,269,226
SL050,34025050056,498,468,261,207,30,10,20
SL050,34025050057,1665,1590,806,784,75,41,34
SL050,34025050058,63,62,33,29,1,0,1
SL050,34025050059,1005,908,480,428,97,47,50
SL050,34025050060,217,188,103,85,29,16,13
SL050,34025050061,217,209,104,105,8,7,1
SL050,34025050062,2432,2278,1156,1122,154,77,77
SL050,34025050063,72,71,40,31,1,1,0
SL050,34025050064,498,478,252,226,20,11,9
SL050,34025050065,32,32,19,13,0,0,0
SL050,34025050066,3891,3512,1885,1627,379,170,209
SL050,34025050067,20035,16565,8123,8442,3470,1742,1728
SL050,34025050068,2861,2304,1198,1106,557,302,255
SL050,34025050069,75,73,44,29,2,0,2
SL050,34025050070,59,57,33,24,2,0,2
SL050,34025050071,149,133,73,60,16,7,9
SL050,34025050072,177,162,85,77,15,8,7
SL050,34025050073,3276,2496,1249,1247,780,406,374
SL050,34025050074,9525,7389,3702,3687,2136,1216,920
SL050,34025050075,92,81,51,30,11,7,4
SL050,34025050076,90,75,42,33,15,9,6
SL050,34025050077,221,221,114,107,0,0,0
SL050,34025050078,265,249,133,116,16,7,9
SL050,34025050079,271,251,137,114,20,13,7
SL050,34025050080,35,35,22,13,0,0,0
SL050,34025050081,592,563,295,268,29,15,14
SL050,34025050082,93,84,47,37,9,4,5
SL050,34025050083,112,99,49,50,13,4,9
SL050,34025050084,65,64,37,27,1,1,0
SL050,34025050085,198,197,103,94,1,0,1
SL050,34025050086,183,177,110,67,6,5,1
SL050,34025050087,37,31,18,13,6,3,3
SL050,34025050088,367,326,176,150,41,19,22
SL050,34025050089,13055,11794,6102,5692,1261,572,689
SL050,34025050090,168,162,80,82,6,2,4
SL050,34025050091,39,39,20,19,0,0,0
SL050,34025050092,508,349,172,177,159,93,66
SL050,34025050093,113,101,55,46,12,7,5
SL050,34025050094,1996,1782,884,898,214,99,115
SL050,34025050095,16605,14353,7178,7175,2252,1275,977
SL050,34025050096,36,36,19,17,0,0,0
SL050,34025050098,189,165,86,79,24,10,14
SL050,34025050099,4402,3775,1919,1856,627,358,269
SL050,34025050100,345,339,174,165,6,1,5
SL050,34025050101,1026,920,453,467,106,59,47
SL050,34025050102,1152,960,500,460,192,119,73
SL050,34025050104,386,370,178,192,16,10,6
SL050,34025050105,354,325,164,161,29,15,14
SL050,34025050106,141,136,76,60,5,4,1
SL050,34025050107,1240,1155,577,578,85,38,47
SL050,34025050108,54,49,30,19,5,5,0
SL050,34025050109,99,98,61,37,1,0,1
SL050,34025050110,384,361,195,166,23,16,7
SL050,34025050111,202,196,108,88,6,3,3
SL050,34025050113,793,671,353,318,122,69,53
SL050,34025050114,121,115,64,51,6,4,2
SL050,34025050115,4543,3980,2057,1923,563,296,267
SL050,34025050116,229,186,99,87,43,23,20
SL050,34025050117,154,140,79,61,14,7,7
SL050,34025050118,2628,2484,1255,1229,144,69,75
SL050,34025050119,995,954,507,447,41,17,24
SL050,34025050120,54,54,30,24,0,0,0
SL050,34025050121,306,296,155,141,10,6,4
SL050,34025050122,67,67,40,27,0,0,0
SL050,34025050123,597,522,269,253,75,41,34
SL050,34025050124,506,446,240,206,60,34,26
SL050,34025050125,404,379,198,181,25,14,11
SL050,34025050126,2964,2633,1306,1327,331,154,177
SL050,34025050128,31,28,18,10,3,1,2
SL050,34025050129,280,260,138,122,20,9,11
SL050,34025050130,436,404,219,185,32,22,10
SL050,34025050131,237,230,125,105,7,3,4
SL050,34025050132,1072,1007,527,480,65,31,34
SL050,34025050133,111,107,58,49,4,1,3
SL050,34025050134,132,131,66,65,1,1,0
SL050,34025050135,100,98,52,46,2,1,1
SL050,34025050136,661,585,316,269,76,46,30
SL050,34025050137,1162,1110,566,544,52,19,33
SL050,34025050138,53,53,31,22,0,0,0
SL050,34025050139,342,322,182,140,20,8,12
SL050,34025050140,166,165,92,73,1,0,1
SL050,34025050141,127,122,64,58,5,0,5
SL050,34025050142,28,26,13,13,2,1,1
SL050,34025050143,763,616,322,294,147,118,29
SL050,34025050144,35,34,24,10,1,0,1
SL050,34025050146,237,224,123,101,13,6,7
SL050,34025050147,945,887,451,436,58,22,36
SL050,34025050148,310,307,167,140,3,1,2
SL050,34025050149,34,34,21,13,0,0,0
SL050,34025050150,827,732,374,358,95,49,46
SL050,34025050151,701,662,353,309,39,15,24
SL050,34025050152,2007,1598,811,787,409,267,142
SL050,34025050153,1133,1064,546,518,69,41,28
SL050,34025050154,151,122,68,54,29,16,13
SL050,34025050155,100,100,63,37,0,0,0
SL050,34025050156,259,246,129,117,13,5,8
SL050,34025050157,323,313,161,152,10,7,3
SL050,34025050159,942,729,359,370,213,102,111
SL050,34025050160,3083,2520,1295,1225,563,317,246
SL050,34025050161,98,98,55,43,0,0,0
SL050,34025050162,181,156,78,78,25,13,12
SL050,34025050163,5663,5309,2724,2585,354,170,184
SL050,34025050164,465,438,216,222,27,13,14
SL050,34025050165,2301,2075,1023,1052,226,144,82
SL050,34025050166,271,263,136,127,8,2,6
SL050,34025050167,240,225,131,94,15,6,9
SL050,34025050168,32,27,15,12,5,4,1
SL050,34025050169,432,378,196,182,54,35,19
SL050,34025050170,413,395,226,169,18,5,13
SL050,34025050171,94,94,58,36,0,0,0
SL050,34025050172,212,189,109,80,23,12,11
SL050,34025050173,159,149,95,54,10,6,4
SL050,34025050174,94,85,50,35,9,3,6
SL050,34025050175,1097,1036,503,533,61,34,27
SL050,34025050176,282,229,132,97,53,30,23
SL050,34025050177,334,321,171,150,13,7,6
SL050,34025050178,362,305,149,156,57,37,20
SL050,34025050179,245,243,132,111,2,0,2
SL050,34025050180,130,126,63,63,4,1,3
SL050,34025050181,1333,1167,608,559,166,76,90
SL050,34025050182,5479,4734,2486,2248,745,369,376
SL050,34025050183,385,355,192,163,30,17,13
SL050,34025050184,107,102,61,41,5,1,4
SL050,34025050185,174,163,97,66,11,7,4
SL050,34025050186,40,39,24,15,1,1,0
SL050,34025050187,66,61,39,22,5,2,3
SL050,34025050188,29,26,17,9,3,1,2
SL050,34025050189,962,785,413,372,177,108,69
SL050,34025050190,850,804,421,383,46,28,18
SL050,34025050191,540,516,259,257,24,10,14
SL050,34025050192,325,276,158,118,49,19,30
SL050,34025050193,827,800,398,402,27,15,12
SL050,34025050194,106,85,53,32,21,11,10
SL050,34025050195,59,54,35,19,5,3,2
SL050,34025050196,118,117,62,55,1,0,1
SL050,34025050197,104,98,59,39,6,4,2
SL050,34025050198,52,49,30,19,3,3,0
SL050,34025050199,395,375,193,182,20,8,12
SL050,34025050200,634,546,282,264,88,51,37
SL050,34025050201,601,526,268,258,75,42,33
SL050,34025050202,158,142,75,67,16,8,8
SL050,34025050203,1293,1267,613,654,26,12,14
SL050,34025050204,3509,2919,1476,1443,590,311,279
SL050,34025050205,90,85,42,43,5,2,3
SL050,34025050206,577,541,294,247,36,14,22
SL050,34025050207,97,96,49,47,1,0,1
SL050,34025050208,2373,2133,1091,1042,240,126,114
SL050,34025050209,3908,3542,1842,1700,366,167,199
SL050,34025050210,37,36,22,14,1,1,0
SL050,34025050211,303,255,147,108,48,25,23
SL050,34025050212,36,36,14,22,0,0,0
SL050,34025050213,101,95,51,44,6,3,3
SL050,34025050214,22,19,13,6,3,2,1
SL050,34025050215,21,21,12,9,0,0,0
SL050,34025050216,284,266,142,124,18,10,8
SL050,34025050217,574,493,254,239,81,47,34
SL050,34025050218,120,120,74,46,0,0,0
SL050,34025050219,6173,5687,2920,2767,486,242,244
SL050,34025050220,44,43,26,17,1,0,1
SL050,34025050221,36,35,26,9,1,0,1
SL050,34025050222,1948,1872,948,924,76,42,34
SL050,34025050223,1081,1031,525,506,50,26,24
SL050,34025050224,74,72,43,29,2,2,0
SL050,34025050225,2815,1790,941,849,1025,545,480
SL050,34025050227,119,108,57,51,11,2,9
SL050,34025050228,325,290,156,134,35,18,17
SL050,34025050229,72,67,33,34,5,4,1
SL050,34025050230,1324,1273,642,631,51,21,30
SL050,34025050231,304,276,145,131,28,10,18
SL050,34025050232,198,196,94,102,2,1,1
SL050,34025050233,112,110,63,47,2,0,2
SL050,34025050234,286,285,161,124,1,0,1
SL050,34025050235,3134,2890,1491,1399,244,114,130
SL050,34025050236,108,97,57,40,11,6,5
SL050,34025050237,125,124,66,58,1,1,0
SL050,34025050238,98,90,48,42,8,5,3
SL050,34025050239,61,61,39,22,0,0,0
SL050,34025050240,1170,1109,557,552,61,32,29
SL050,34025050241,691,632,338,294,59,36,23
SL050,34025050242,95,95,58,37,0,0,0
SL050,34025050243,370,337,189,148,33,19,14
SL050,34025050244,253,207,111,96,46,25,21
SL050,34025050245,88,88,47,41,0,0,0
SL050,34025050246,31,31,20,11,0,0,0
SL050,34025050247,1089,1049,508,541,40,15,25
SL050,34025050248,588,557,296,261,31,16,15
SL050,34025050249,323,305,178,127,18,9,9
SL050,34025050250,63,62,32,30,1,0,1
SL050,34025050251,10509,9859,4872,4987,650,331,319
SL050,34025050252,6914,5918,2938,2980,996,509,487
SL050,34025050253,485,414,222,192,71,39,32
SL050,34025050254,192,189,103,86,3,1,2
SL050,34025050255,214,214,113,101,0,0,0
SL050,34025050256,86,81,45,36,5,1,4
SL050,34025050257,172,170,96,74,2,1,1
SL050,34025050258,61,59,35,24,2,0,2
SL050,34025050259,63,63,35,28,0,0,0
SL050,34025050260,32,32,21,11,0,0,0
SL050,34025050261,250,235,124,111,15,6,9
SL050,34025050262,1446,1386,717,669,60,28,32
SL050,34025050263,206,189,114,75,17,4,13
SL050,34025050264,180,152,89,63,28,13,15
SL050,34025050265,89,86,52,34,3,1,2
SL050,34025050266,120,120,74,46,0,0,0
SL050,34025050267,650,635,298,337,15,9,6
SL050,34025050268,55,50,29,21,5,3,2
SL050,34025050269,418,324,168,156,94,63,31
SL050,34025050270,38,38,20,18,0,0,0
SL050,34025050271,271,264,143,121,7,5,2
SL050,34025050272,18602,17089,8554,8535,1513,704,809
SL050,34025050273,30,30,15,15,0,0,0
SL050,34025050274,64,64,36,28,0,0,0
SL050,34025050275,112,112,69,43,0,0,0
SL050,34025050276,142,126,59,67,16,9,7
SL050,34025050277,68,57,28,29,11,5,6
SL050,34025050278,215,212,113,99,3,1,2
SL050,34025050279,90,80,40,40,10,3,7
SL050,34025050280,360,343,177,166,17,6,11
SL050,34025050281,74,74,40,34,0,0,0
SL050,34025050282,77,63,29,34,14,10,4
SL050,34025050283,88,81,47,34,7,4,3
SL050,34025050284,170,153,83,70,17,11,6
SL050,34025050285,830,759,369,390,71,35,36
SL050,34025050286,99,86,42,44,13,6,7
SL050,34025050287,319,281,156,125,38,19,19
SL050,34025050288,4661,4312,2193,2119,349,157,192
SL050,34025050289,46,45,23,22,1,1,0
SL050,34025050290,463,407,207,200,56,32,24
SL050,34025050291,102,94,51,43,8,5,3
SL050,34025050292,274,143,75,68,131,79,52
SL050,34025050293,466,433,230,203,33,16,17
SL050,34025050294,68,66,35,31,2,1,1
SL050,34025050295,49,49,28,21,0,0,0
SL050,34025050296,455,431,215,216,24,13,11
SL050,34025050297,666880,601239,287218,314021,65641,31959,33682
SL050,34025050298,8365,6606,3355,3251,1759,975,784
SL050,34025050901,140,130,80,50,10,7,3
SL050,34025050902,86,86,50,36,0,0,0
SL050,34025050903,2696,2595,1304,1291,101,46,55
SL050,34185151001,85144,79302,40241,39061,5842,2936,2906
SL050,34195252001,86384,72883,37032,35851,13501,6733,6768
