SUMLEV,Geo,CED_V65,CED_V71,CED_V68,CED_V74,CED_V66,CED_V72,CED_V69,CED_V75,CED_V64,CED_V67,CED_V70,CED_V73,CED_V63
SL010,34,19555283,249191,967441,2124687,20295237,236365,1170328,2124448,39850520,2137769,485556,4249135,46722980
SL030,3401,3716921,28686,101389,286902,3823097,27603,121605,278205,7540018,222994,56289,565107,8384408
SL030,3402,554395,8260,21949,60894,570273,7942,25419,59596,1124668,47368,16202,120490,1308728
SL030,3403,455458,1613,16619,17048,494199,1509,21884,19914,949657,38503,3122,36962,1028244
SL030,3404,430380,9310,34826,87287,429561,8863,41280,87401,859941,76106,18173,174688,1128908
SL030,3405,853147,8531,71195,121159,862942,8032,80210,122469,1716089,151405,16563,243628,2127685
SL030,3406,258008,1269,8850,13437,270679,1162,12034,14790,528687,20884,2431,28227,580229
SL030,3407,1095739,6605,29776,54243,1120935,6228,39139,56499,2216674,68915,12833,110742,2409164
SL030,3408,905329,10928,25225,72717,902044,10425,30389,69750,1807373,55614,21353,142467,2026807
SL030,3409,2981556,61601,193798,493371,3117948,58370,224664,468757,6099504,418462,119971,962128,7600065
SL030,3410,2010865,32772,99870,302876,2073646,30869,114401,298404,4084511,214271,63641,601280,4963703
SL030,3411,508855,1553,6837,14010,516498,1450,9026,14634,1025353,15863,3003,28644,1072863
SL030,3412,1194608,2448,61103,42450,1280413,2311,73061,45349,2475021,134164,4759,87799,2701743
SL030,3413,2549536,44287,207153,346896,2722830,42079,272104,393194,5272366,479257,86366,740090,6578079
SL030,3414,604153,15212,25991,94787,618193,14330,27740,78103,1222346,53731,29542,172890,1478509
SL030,3415,272357,3239,18277,26596,276446,3214,21692,25733,548803,39969,6453,52329,647554
SL030,3416,962530,8343,30667,67210,1013824,7861,40548,68105,1976354,71215,16204,135315,2199088
SL030,3417,132080,2410,6009,15259,134941,2332,6988,15656,267021,12997,4742,30915,315675
SL030,3418,37092,541,3149,2395,36029,436,3032,2470,73121,6181,977,4865,85144
SL030,3419,32274,1583,4758,5150,30739,1349,5112,5419,63013,9870,2932,10569,86384
SL040,340104,270861,9290,12160,69008,273693,9064,12867,52397,544554,25027,18354,121405,709340
SL040,340111,579333,1827,10827,19370,592898,1793,13104,19562,1172231,23931,3620,38932,1238714
SL040,340114,370530,935,4495,9125,383660,882,5954,9659,754190,10449,1817,18784,785240
SL040,340118,407269,2470,11967,27612,421486,2340,13887,25044,828755,25854,4810,52656,912075
SL040,340121,232519,1950,4646,18598,235435,1746,5046,19992,467954,9692,3696,38590,519932
SL040,340123,304124,680,3212,7533,311847,656,3790,6257,615971,7002,1336,13790,638099
SL040,340129,651604,8959,36793,107502,670467,8650,43945,113201,1322071,80738,17609,220703,1641121
SL040,340141,900681,2575,17289,28154,933611,2472,23012,32093,1834292,40301,5047,60247,1939887
SL040,340222,94651,1210,3724,11014,93923,1123,3857,9843,188574,7581,2333,20857,219345
SL040,340244,59347,924,1731,6058,57935,922,2036,5619,117282,3767,1846,11677,134572
SL040,340250,400397,6126,16494,43822,418415,5897,19526,44134,818812,36020,12023,87956,954811
SL040,340333,455458,1613,16619,17048,494199,1509,21884,19914,949657,38503,3122,36962,1028244
SL040,340407,430380,9310,34826,87287,429561,8863,41280,87401,859941,76106,18173,174688,1128908
SL040,340535,455865,4743,30809,61138,456396,4409,34627,61188,912261,65436,9152,122326,1109175
SL040,340538,397282,3788,40386,60021,406546,3623,45583,61281,803828,85969,7411,121302,1018510
SL040,340639,258008,1269,8850,13437,270679,1162,12034,14790,528687,20884,2431,28227,580229
SL040,340705,73284,616,1828,3810,71971,587,2274,4128,145255,4102,1203,7938,158498
SL040,340709,161166,1315,4669,11187,160067,1267,6251,11148,321233,10920,2582,22335,357070
SL040,340724,209855,916,6722,8153,220189,761,8487,8663,430044,15209,1677,16816,463746
SL040,340734,75935,327,1286,2775,76640,331,1886,2855,152575,3172,658,5630,162035
SL040,340737,151013,455,4280,5317,158229,434,5615,6130,309242,9895,889,11447,331473
SL040,340740,67206,1115,1864,6794,65701,1074,2431,7157,132907,4295,2189,13951,153342
SL040,340742,39458,327,1685,3330,38450,362,2034,2954,77908,3719,689,6284,88600
SL040,340747,235783,1258,5938,10377,246567,1170,8004,10754,482350,13942,2428,21131,519851
SL040,340749,82039,276,1504,2500,83121,242,2157,2710,165160,3661,518,5210,174549
SL040,340802,176978,1475,4338,11367,178041,1333,5668,9586,355019,10006,2808,20953,388786
SL040,340813,228406,1752,3640,12858,233628,1726,4552,12538,462034,8192,3478,25396,499100
SL040,340816,87351,1219,1576,8853,86531,1209,2058,8425,173882,3634,2428,17278,197222
SL040,340819,107566,2140,5616,13532,103544,1949,6575,13386,211110,12191,4089,26918,254308
SL040,340845,305028,4342,10055,26107,300300,4208,11536,25815,605328,21591,8550,51922,687391
SL040,340908,2204390,39033,151140,338903,2329865,36810,180174,329035,4534255,331314,75843,667938,5609350
SL040,340917,286730,9381,19166,65413,291822,8937,19509,60989,578552,38675,18318,126402,761947
SL040,340925,171095,4789,8066,35559,172942,4461,8109,27845,344037,16175,9250,63404,432866
SL040,340943,319341,8398,15426,53496,323319,8162,16872,50888,642660,32298,16560,104384,795902
SL040,341003,700653,13685,40187,156572,715597,13221,45480,153424,1416250,85667,26906,309996,1838819
SL040,341012,237376,5975,8596,34412,240352,5443,9231,35513,477728,17827,11418,69925,576898
SL040,341046,1072836,13112,51087,111892,1117697,12205,59690,109467,2190533,110777,25317,221359,2547986
SL040,341106,321838,912,3798,8088,326815,841,5115,8969,648653,8913,1753,17057,676376
SL040,341110,187017,641,3039,5922,189683,609,3911,5665,376700,6950,1250,11587,396487
SL040,341215,494501,865,25884,15387,533770,780,30713,17451,1028271,56597,1645,32838,1119351
SL040,341227,148871,453,4907,6416,157735,472,6416,6057,306606,11323,925,12473,331327
SL040,341232,132424,342,9582,6078,142496,286,11527,6558,274920,21109,628,12636,309293
SL040,341236,418812,788,20730,14569,446412,773,24405,15283,865224,45135,1561,29852,941772
SL040,341328,2549536,44287,207153,346896,2722830,42079,272104,393194,5272366,479257,86366,740090,6578079
SL040,341430,604153,15212,25991,94787,618193,14330,27740,78103,1222346,53731,29542,172890,1478509
SL040,341531,272357,3239,18277,26596,276446,3214,21692,25733,548803,39969,6453,52329,647554
SL040,341601,141777,1999,5971,12428,145690,2021,7159,11823,287467,13130,4020,24251,328868
SL040,341620,316360,2844,9910,22582,330310,2569,12778,23239,646670,22688,5413,45821,720592
SL040,341648,504393,3500,14786,32200,537824,3271,20611,33043,1042217,35397,6771,65243,1149628
SL040,341726,132080,2410,6009,15259,134941,2332,6988,15656,267021,12997,4742,30915,315675
SL040,341851,37092,541,3149,2395,36029,436,3032,2470,73121,6181,977,4865,85144
SL040,341952,32274,1583,4758,5150,30739,1349,5112,5419,63013,9870,2932,10569,86384
SL050,34160101001,1318,32,48,109,1204,27,53,96,2522,101,59,205,2887
SL050,34160101002,4624,51,133,267,4768,61,126,256,9392,259,112,523,10286
SL050,34160101003,749,1,13,11,680,3,17,9,1429,30,4,20,1483
SL050,34160101004,853,7,13,39,849,8,17,45,1702,30,15,84,1831
SL050,34160101006,107,0,2,6,100,0,1,3,207,3,0,9,219
SL050,34160101008,506,0,11,18,426,0,11,10,932,22,0,28,982
SL050,34160101009,755,9,22,47,730,16,24,40,1485,46,25,87,1643
SL050,34160101010,1456,0,29,18,1418,1,24,21,2874,53,1,39,2967
SL050,34160101011,134,1,0,24,109,0,0,18,243,0,1,42,286
SL050,34160101013,463,1,10,19,370,2,7,11,833,17,3,30,883
SL050,34160101014,226,1,5,6,193,1,6,5,419,11,2,11,443
SL050,34160101016,286,1,5,11,188,3,6,11,474,11,4,22,511
SL050,34160101017,503,3,14,28,450,3,8,31,953,22,6,59,1040
SL050,34160101018,906,2,24,20,766,1,18,16,1672,42,3,36,1753
SL050,34160101019,94,0,0,2,82,0,0,3,176,0,0,5,181
SL050,34160101020,207,3,5,7,149,2,3,5,356,8,5,12,381
SL050,34160101021,297,2,6,11,270,3,9,5,567,15,5,16,603
SL050,34160101022,461,8,4,40,472,6,5,29,933,9,14,69,1025
SL050,34160101023,155,1,1,13,150,5,3,20,305,4,6,33,348
SL050,34160101027,272,0,4,5,223,1,2,10,495,6,1,15,517
SL050,34160101028,658,18,20,63,601,10,17,58,1259,37,28,121,1445
SL050,34160101030,87,0,1,0,68,0,1,1,155,2,0,1,158
SL050,34160101031,686,12,15,63,645,5,14,65,1331,29,17,128,1505
SL050,34160101032,291,8,8,34,264,16,7,39,555,15,24,73,667
SL050,34160101033,384,5,17,35,364,8,12,32,748,29,13,67,857
SL050,34160101034,87,0,2,11,87,2,1,6,174,3,2,17,196
SL050,34160101036,8372,60,202,345,8548,53,204,421,16920,406,113,766,18205
SL050,34160101037,377,1,10,11,290,5,11,12,667,21,6,23,717
SL050,34160101039,105,3,1,4,105,2,3,6,210,4,5,10,229
SL050,34160101041,91,1,2,23,81,2,0,9,172,2,3,32,209
SL050,34160101042,564,5,8,24,524,2,14,21,1088,22,7,45,1162
SL050,34160101043,1462,37,84,135,1403,40,51,156,2865,135,77,291,3368
SL050,34160101044,148,0,2,2,98,1,1,5,246,3,1,7,257
SL050,34160101046,418,1,12,16,311,1,16,5,729,28,2,21,780
SL050,34160101047,641,23,27,54,544,11,19,55,1185,46,34,109,1374
SL050,34160101049,80,0,3,4,60,0,1,3,140,4,0,7,151
SL050,34160101051,2148,52,78,219,2188,52,66,215,4336,144,104,434,5018
SL050,34160101052,143,0,3,9,148,3,5,8,291,8,3,17,319
SL050,34160101053,378,1,4,7,300,0,8,11,678,12,1,18,709
SL050,34160101054,617,6,20,45,585,7,15,41,1202,35,13,86,1336
SL050,34160101055,492,6,16,32,400,1,19,25,892,35,7,57,991
SL050,34160101056,128,0,0,1,97,0,2,1,225,2,0,2,229
SL050,34160101057,133,0,2,15,125,1,6,17,258,8,1,32,299
SL050,34160101058,880,9,31,72,776,10,28,63,1656,59,19,135,1869
SL050,34160101059,104483,1601,4954,10320,110287,1617,6188,9726,214770,11142,3218,20046,249176
SL050,34160101060,114,3,3,19,115,4,1,10,229,4,7,29,269
SL050,34160101061,97,0,5,2,80,0,2,0,177,7,0,2,186
SL050,34160101062,192,0,5,17,162,3,5,16,354,10,3,33,400
SL050,34160101063,1134,5,24,30,1035,3,41,41,2169,65,8,71,2313
SL050,34160101901,1555,19,55,92,1450,18,49,95,3005,104,37,187,3333
SL050,34160101902,460,0,8,23,352,1,12,16,812,20,1,39,872
SL050,34080202001,328,4,6,25,368,2,7,17,696,13,6,42,757
SL050,34080202002,271,8,0,21,206,3,1,19,477,1,11,40,529
SL050,34080202003,77604,380,2285,4344,81634,360,3173,3270,159238,5458,740,7614,173050
SL050,34080202004,336,1,9,11,317,1,8,10,653,17,2,21,693
SL050,34080202005,311,6,4,18,280,1,7,23,591,11,7,41,650
SL050,34080202006,347,0,7,2,292,0,4,3,639,11,0,5,655
SL050,34080202007,594,4,7,34,516,4,11,29,1110,18,8,63,1199
SL050,34080202008,699,2,6,17,649,2,12,18,1348,18,4,35,1405
SL050,34080202009,11497,70,190,458,11558,50,243,471,23055,433,120,929,24537
SL050,34080202010,1087,4,17,75,1001,10,21,60,2088,38,14,135,2275
SL050,34080202011,325,0,8,8,282,0,8,7,607,16,0,15,638
SL050,34080202012,1123,14,6,62,1079,10,11,55,2202,17,24,117,2360
SL050,34080202013,72,1,1,11,54,3,1,7,126,2,4,18,150
SL050,34080202014,197,0,5,6,191,0,5,5,388,10,0,11,409
SL050,34080202015,875,9,5,52,835,9,12,67,1710,17,18,119,1864
SL050,34080202016,322,0,3,1,277,0,4,3,599,7,0,4,610
SL050,34080202017,454,1,1,6,397,4,6,4,851,7,5,10,873
SL050,34080202018,446,15,2,75,450,9,3,57,896,5,24,132,1057
SL050,34080202019,1395,7,14,31,1329,8,13,40,2724,27,15,71,2837
SL050,34080202020,252,2,4,21,212,1,6,10,464,10,3,31,508
SL050,34080202021,588,14,6,61,532,13,11,50,1120,17,27,111,1275
SL050,34080202022,190,0,1,3,146,0,0,4,336,1,0,7,344
SL050,34080202023,289,1,6,15,259,2,4,12,548,10,3,27,588
SL050,34080202024,1968,49,46,228,1937,41,63,190,3905,109,90,418,4522
SL050,34080202025,4474,67,120,428,4318,65,144,387,8792,264,132,815,10003
SL050,34080202026,510,8,7,76,465,10,11,95,975,18,18,171,1182
SL050,34080202027,172,0,2,3,147,0,3,3,319,5,0,6,330
SL050,34080202028,64,0,0,0,61,0,0,3,125,0,0,3,128
SL050,34080202029,2041,8,38,96,1862,8,43,86,3903,81,16,182,4182
SL050,34080202030,1766,4,25,24,1747,1,21,36,3513,46,5,60,3624
SL050,34080202031,314,2,4,7,325,2,5,15,639,9,4,22,674
SL050,34080202032,155,1,6,6,113,0,7,9,268,13,1,15,297
SL050,34080202033,1132,27,9,135,1063,24,13,86,2195,22,51,221,2489
SL050,34080202034,773,16,22,101,749,12,34,109,1522,56,28,210,1816
SL050,34080202035,1175,8,16,60,1100,12,21,56,2275,37,20,116,2448
SL050,34080202036,52,0,2,4,48,0,2,2,100,4,0,6,110
SL050,34080202037,13219,105,673,1127,13375,93,782,894,26594,1455,198,2021,30268
SL050,34080202038,148,8,0,25,144,3,3,18,292,3,11,43,349
SL050,34080202039,585,5,3,17,547,2,4,21,1132,7,7,38,1184
SL050,34080202040,315,1,8,8,269,0,12,8,584,20,1,16,621
SL050,34080202041,191,0,2,2,163,0,2,0,354,4,0,2,360
SL050,34080202042,438,0,2,8,467,0,8,5,905,10,0,13,928
SL050,34080202043,683,2,4,32,635,0,11,31,1318,15,2,63,1398
SL050,34080202044,615,0,6,5,554,1,12,7,1169,18,1,12,1200
SL050,34080202045,2176,23,48,140,2056,32,63,127,4232,111,55,267,4665
SL050,34080202046,647,6,9,36,629,2,5,25,1276,14,8,61,1359
SL050,34080202047,62,0,0,0,51,0,0,0,113,0,0,0,113
SL050,34080202048,679,8,8,104,668,4,5,61,1347,13,12,165,1537
SL050,34080202049,424,1,4,6,394,0,5,6,818,9,1,12,840
SL050,34080202050,53,0,0,0,42,0,0,1,95,0,0,1,96
SL050,34080202051,946,6,24,60,933,8,15,50,1879,39,14,110,2042
SL050,34080202052,273,4,4,11,237,5,2,12,510,6,9,23,548
SL050,34080202053,1746,7,15,25,1670,6,17,27,3416,32,13,52,3513
SL050,34080202054,221,2,3,45,196,10,6,35,417,9,12,80,518
SL050,34080202055,670,1,0,5,540,1,2,3,1210,2,2,8,1222
SL050,34080202056,950,4,28,40,932,2,32,40,1882,60,6,80,2028
SL050,34080202057,1134,3,9,23,1122,5,21,35,2256,30,8,58,2352
SL050,34080202058,191,0,1,2,156,0,3,7,347,4,0,9,360
SL050,34080202059,179,0,0,2,148,0,1,1,327,1,0,3,331
SL050,34080202060,819,2,5,6,574,0,4,10,1393,9,2,16,1420
SL050,34080202061,343,2,0,14,326,0,1,10,669,1,2,24,696
SL050,34080202062,236,0,4,7,197,0,0,2,433,4,0,9,446
SL050,34080202063,815,2,21,15,732,4,25,21,1547,46,6,36,1635
SL050,34080202064,196,0,5,4,188,1,2,5,384,7,1,9,401
SL050,34080202065,258,0,0,0,230,0,0,1,488,0,0,1,489
SL050,34080202066,130,0,0,3,113,0,2,6,243,2,0,9,254
SL050,34080202067,681,1,0,14,633,1,8,19,1314,8,2,33,1357
SL050,34080202068,196,0,1,3,159,0,1,3,355,2,0,6,363
SL050,34080202069,6795,149,172,719,6701,135,202,642,13496,374,284,1361,15515
SL050,34080202070,228,7,5,25,211,4,3,18,439,8,11,43,501
SL050,34080202071,546,4,8,29,528,3,13,22,1074,21,7,51,1153
SL050,34080202072,874,1,13,32,830,3,14,23,1704,27,4,55,1790
SL050,34080202073,2899,35,59,205,2809,22,69,157,5708,128,57,362,6255
SL050,34080202074,3392,68,85,410,3370,57,88,268,6762,173,125,678,7738
SL050,34080202075,948,4,16,36,902,1,13,23,1850,29,5,59,1943
SL050,34080202076,179,0,0,0,175,0,1,0,354,1,0,0,355
SL050,34080202077,34,0,0,0,22,0,1,0,56,1,0,0,57
SL050,34080202078,551,3,2,29,496,3,6,25,1047,8,6,54,1115
SL050,34080202079,1687,49,41,300,1588,44,63,340,3275,104,93,640,4112
SL050,34080202080,282,2,2,21,265,2,4,11,547,6,4,32,589
SL050,34080202081,10925,224,133,1181,11217,208,167,1186,22142,300,432,2367,25241
SL050,34080202082,57,0,1,0,36,0,0,1,93,1,0,1,95
SL050,34080202083,135,0,0,2,89,0,0,0,224,0,0,2,226
SL050,34080202084,168,0,1,5,158,0,3,5,326,4,0,10,340
SL050,34080202085,172,0,0,2,159,3,0,4,331,0,3,6,340
SL050,34080202086,1358,0,5,8,1283,0,8,12,2641,13,0,20,2674
SL050,34080202901,1331,3,18,49,1323,1,21,40,2654,39,4,89,2786
SL050,34100303001,195,2,6,143,173,2,8,132,368,14,4,275,661
SL050,34100303002,2122,21,53,148,2125,27,54,163,4247,107,48,311,4713
SL050,34100303003,276,1,1,16,239,0,0,18,515,1,1,34,551
SL050,34100303004,364,6,22,101,307,3,22,111,671,44,9,212,936
SL050,34100303005,4724,184,200,1064,4711,167,194,798,9435,394,351,1862,12042
SL050,34100303006,281,5,14,345,257,15,21,360,538,35,20,705,1298
SL050,34100303007,94,0,2,19,94,3,0,17,188,2,3,36,229
SL050,34100303008,91,0,1,2,83,0,1,2,174,2,0,4,180
SL050,34100303009,26495,215,580,1516,27934,193,637,1407,54429,1217,408,2923,58977
SL050,34100303010,181,1,3,13,200,0,4,5,381,7,1,18,407
SL050,34100303011,4550,308,443,4646,4368,295,513,4930,8918,956,603,9576,20053
SL050,34100303012,701,13,23,690,651,20,32,708,1352,55,33,1398,2838
SL050,34100303013,620,4,12,35,632,1,12,25,1252,24,5,60,1341
SL050,34100303014,128351,1732,10652,19860,137282,1669,12986,19045,265633,23638,3401,38905,331577
SL050,34100303015,7705,392,399,1902,7660,369,303,1812,15365,702,761,3714,20542
SL050,34100303016,49,0,2,3,44,0,0,6,93,2,0,9,104
SL050,34100303017,209,4,4,20,235,3,1,15,444,5,7,35,491
SL050,34100303018,6786,279,500,3191,7100,251,604,3284,13886,1104,530,6475,21995
SL050,34100303019,9491,70,196,567,9321,55,230,607,18812,426,125,1174,20537
SL050,34100303020,52,0,2,11,47,1,0,9,99,2,1,20,122
SL050,34100303021,3347,27,37,151,3356,25,49,121,6703,86,52,272,7113
SL050,34100303022,74,0,1,2,74,0,1,4,148,2,0,6,156
SL050,34100303023,800,6,9,51,784,0,14,39,1584,23,6,90,1703
SL050,34100303024,2299,43,56,291,2311,48,44,269,4610,100,91,560,5361
SL050,34100303025,832,6,28,145,730,7,38,154,1562,66,13,299,1940
SL050,34100303026,716,12,76,201,707,9,54,208,1423,130,21,409,1983
SL050,34100303027,72,1,0,16,83,0,0,6,155,0,1,22,178
SL050,34100303028,535,5,13,13,514,3,8,27,1049,21,8,40,1118
SL050,34100303029,117,1,17,93,112,3,15,86,229,32,4,179,444
SL050,34100303030,308,3,23,222,303,9,21,221,611,44,12,443,1110
SL050,34100303031,22173,837,1993,8578,22785,824,2310,8058,44958,4303,1661,16636,67558
SL050,34100303032,59,0,0,0,49,0,0,0,108,0,0,0,108
SL050,34100303033,61,1,4,8,66,0,2,7,127,6,1,15,149
SL050,34100303034,785,26,41,782,859,30,51,783,1644,92,56,1565,3357
SL050,34100303035,364,0,4,16,332,1,7,18,696,11,1,34,742
SL050,34100303036,42,0,1,0,50,0,0,1,92,1,0,1,94
SL050,34100303037,189,1,8,43,184,5,19,41,373,27,6,84,490
SL050,34100303038,185,1,5,14,186,0,6,16,371,11,1,30,413
SL050,34100303039,47,1,1,6,33,0,2,6,80,3,1,12,96
SL050,34100303040,138,1,7,44,144,2,14,60,282,21,3,104,410
SL050,34100303041,3373,82,226,1583,3521,65,258,1660,6894,484,147,3243,10768
SL050,34100303042,770,66,80,1123,778,47,75,1191,1548,155,113,2314,4130
SL050,34100303043,1699,6,32,55,1768,7,31,53,3467,63,13,108,3651
SL050,34100303044,2672,68,130,510,2710,60,116,436,5382,246,128,946,6702
SL050,34100303045,114,3,4,100,108,4,5,80,222,9,7,180,418
SL050,34100303046,980,14,58,446,926,15,49,437,1906,107,29,883,2925
SL050,34100303047,5395,338,603,4564,5227,316,598,4592,10622,1201,654,9156,21633
SL050,34100303048,2725,53,270,660,2686,59,315,489,5411,585,112,1149,7257
SL050,34100303049,7113,434,439,1616,7166,393,392,1311,14279,831,827,2927,18864
SL050,34100303050,10651,137,763,2014,10960,122,928,2318,21611,1691,259,4332,27893
SL050,34100303051,202,0,4,12,194,0,2,14,396,6,0,26,428
SL050,34100303052,580,2,5,22,581,1,9,14,1161,14,3,36,1214
SL050,34100303053,4365,32,125,494,4246,43,120,455,8611,245,75,949,9880
SL050,34100303054,172,3,6,42,178,2,4,28,350,10,5,70,435
SL050,34100303055,3224,109,116,870,3215,105,103,889,6439,219,214,1759,8631
SL050,34100303056,4990,96,103,633,4971,95,114,454,9961,217,191,1087,11456
SL050,34100303057,98,3,4,13,70,0,1,19,168,5,3,32,208
SL050,34100303058,2929,117,185,467,2817,117,152,442,5746,337,234,909,7226
SL050,34100303059,12429,323,432,1456,12364,325,335,1293,24793,767,648,2749,28957
SL050,34100303060,62,0,1,5,45,2,2,4,107,3,2,9,121
SL050,34100303061,613,22,22,193,614,26,14,214,1227,36,48,407,1718
SL050,34100303062,120,3,7,226,124,3,4,198,244,11,6,424,685
SL050,34100303063,14627,305,1476,3837,15124,289,1794,4281,29751,3270,594,8118,41733
SL050,34100303064,2996,89,120,484,2989,116,91,498,5985,211,205,982,7383
SL050,34100303065,98435,1467,3876,10554,101132,1334,4368,9459,199567,8244,2801,20013,230625
SL050,34100303066,23538,91,849,1071,24734,96,971,1054,48272,1820,187,2125,52404
SL050,34100303067,49,0,1,2,48,0,0,1,97,1,0,3,101
SL050,34100303068,27,0,0,2,19,0,1,4,46,1,0,6,53
SL050,34100303069,1871,62,173,1125,1724,60,181,1185,3595,354,122,2310,6381
SL050,34100303070,1184,61,95,729,1230,60,66,706,2414,161,121,1435,4131
SL050,34100303071,2298,35,121,520,2276,57,111,475,4574,232,92,995,5893
SL050,34100303072,217,0,2,22,204,0,2,24,421,4,0,46,471
SL050,34100303073,134,0,3,7,106,0,2,6,240,5,0,13,258
SL050,34100303074,1009,42,92,167,934,41,66,138,1943,158,83,305,2489
SL050,34100303075,78,0,1,25,76,2,2,25,154,3,2,50,209
SL050,34100303076,4927,136,267,2028,5044,144,306,2206,9971,573,280,4234,15058
SL050,34100303077,788,1,16,451,787,3,13,415,1575,29,4,866,2474
SL050,34100303078,299,4,10,272,245,5,12,285,544,22,9,557,1132
SL050,34100303079,10707,55,372,586,10708,51,409,515,21415,781,106,1101,23403
SL050,34100303080,804,19,21,165,756,16,13,192,1560,34,35,357,1986
SL050,34100303081,838,25,63,412,810,31,60,444,1648,123,56,856,2683
SL050,34100303082,6953,301,876,5398,7010,302,968,5416,13963,1844,603,10814,27224
SL050,34100303083,3085,19,74,164,3270,17,78,168,6355,152,36,332,6875
SL050,34100303084,273,0,8,12,280,1,4,18,553,12,1,30,596
SL050,34100303085,160,11,8,350,147,9,7,359,307,15,20,709,1051
SL050,34100303086,90,2,0,30,80,0,1,26,170,1,2,56,229
SL050,34100303088,3564,27,104,477,3336,21,121,294,6900,225,48,771,7944
SL050,34100303089,5599,38,107,333,5619,19,105,355,11218,212,57,688,12175
SL050,34100303090,10647,88,519,1204,10600,94,576,1281,21247,1095,182,2485,25009
SL050,34100303091,128,1,7,97,143,3,8,106,271,15,4,203,493
SL050,34100303092,3992,97,77,461,4096,104,107,394,8088,184,201,855,9328
SL050,34100303093,11530,111,277,885,11752,101,354,715,23282,631,212,1600,25725
SL050,34100303094,5651,215,537,2802,5275,214,558,2990,10926,1095,429,5792,18242
SL050,34100303095,2746,56,189,427,2677,55,203,462,5423,392,111,889,6815
SL050,34100303096,3400,8,93,233,3426,6,82,227,6826,175,14,460,7475
SL050,34100303097,549,13,48,426,563,12,50,450,1112,98,25,876,2111
SL050,34100303098,285,1,9,78,273,0,14,78,558,23,1,156,738
SL050,34100303099,24813,780,1145,11406,25215,824,1297,11298,50028,2442,1604,22704,76778
SL050,34100303100,264,7,13,159,273,7,18,167,537,31,14,326,908
SL050,34100303101,2754,59,172,732,2821,59,154,739,5575,326,118,1471,7490
SL050,34100303102,4101,37,170,728,4133,57,162,664,8234,332,94,1392,10052
SL050,34100303103,148,0,1,9,136,0,3,4,284,4,0,13,301
SL050,34100303104,16335,28,369,389,16443,33,445,437,32778,814,61,826,34479
SL050,34100303105,3315,48,63,536,3247,40,65,531,6562,128,88,1067,7845
SL050,34100303106,343,1,3,40,288,1,3,34,631,6,2,74,713
SL050,34100303107,1584,49,140,726,1508,45,137,661,3092,277,94,1387,4850
SL050,34100303109,1773,76,109,249,1779,91,73,268,3552,182,167,517,4418
SL050,34100303110,187,5,8,128,171,2,12,131,358,20,7,259,644
SL050,34100303111,3323,99,169,416,3214,86,148,342,6537,317,185,758,7797
SL050,34100303112,356,9,9,215,337,8,5,208,693,14,17,423,1147
SL050,34100303113,2497,132,202,5562,2408,129,170,5460,4905,372,261,11022,16560
SL050,34100303114,967,7,19,237,882,8,15,241,1849,34,15,478,2376
SL050,34100303115,135,1,2,55,136,3,4,53,271,6,4,108,389
SL050,34100303116,681,5,18,109,650,4,26,92,1331,44,9,201,1585
SL050,34100303117,211,1,16,103,199,0,8,110,410,24,1,213,648
SL050,34100303118,1423,116,83,2408,1303,96,97,2417,2726,180,212,4825,7943
SL050,34100303119,9541,81,682,1072,10008,90,872,1172,19549,1554,171,2244,23518
SL050,34100303120,1459,82,71,1337,1355,93,57,1357,2814,128,175,2694,5811
SL050,34100303121,12677,138,649,2452,12456,135,842,2396,25133,1491,273,4848,31745
SL050,34100303122,25834,132,1070,1552,26091,141,1279,1686,51925,2349,273,3238,57785
SL050,34100303123,4556,10,81,273,4493,5,89,264,9049,170,15,537,9771
SL050,34100303124,267,0,5,36,240,3,7,27,507,12,3,63,585
SL050,34100303125,199,8,10,86,183,9,14,72,382,24,17,158,581
SL050,34100303127,190,6,10,118,186,7,9,101,376,19,13,219,627
SL050,34100303128,2309,144,265,2613,2332,110,296,2653,4641,561,254,5266,10722
SL050,34100303129,719,4,18,83,633,1,22,84,1352,40,5,167,1564
SL050,34100303130,23,1,1,5,21,0,1,4,44,2,1,9,56
SL050,34100303131,101,0,2,61,105,5,2,60,206,4,5,121,336
SL050,34100303132,290,3,3,52,250,2,8,46,540,11,5,98,654
SL050,34100303133,21893,1192,3106,14847,22107,1157,3460,14837,44000,6566,2349,29684,82599
SL050,34100303134,81,0,1,8,67,0,2,5,148,3,0,13,164
SL050,34100303135,100,0,5,12,94,0,7,6,194,12,0,18,224
SL050,34100303136,239,5,13,62,205,1,12,52,444,25,6,114,589
SL050,34100303137,349,2,8,48,337,2,20,54,686,28,4,102,820
SL050,34100303138,1783,25,92,347,1803,28,83,359,3586,175,53,706,4520
SL050,34100303139,13027,283,733,2906,13091,278,766,2885,26118,1499,561,5791,33969
SL050,34100303140,15438,150,476,928,15491,132,546,822,30929,1022,282,1750,33983
SL050,34100303901,590,19,49,702,619,17,53,815,1209,102,36,1517,2864
SL050,34100303902,6133,383,491,3974,6147,342,469,3479,12280,960,725,7453,21418
SL050,34100303903,1550,50,62,791,1461,48,76,806,3011,138,98,1597,4844
SL050,34100303904,861,7,28,92,792,12,38,103,1653,66,19,195,1933
SL050,34010404001,579,4,8,42,550,4,13,35,1129,21,8,77,1235
SL050,34010404002,568,9,2,21,532,1,1,16,1100,3,10,37,1150
SL050,34010404003,10619,219,202,1599,10646,226,188,1160,21265,390,445,2759,24859
SL050,34010404004,238,3,3,140,216,1,6,146,454,9,4,286,753
SL050,34010404005,299,0,3,5,303,2,2,7,602,5,2,12,621
SL050,34010404006,4046,100,312,1565,4001,94,233,1345,8047,545,194,2910,11696
SL050,34010404007,408,0,4,5,389,0,1,7,797,5,0,12,814
SL050,34010404008,270,0,1,17,226,1,2,11,496,3,1,28,528
SL050,34010404009,59,0,0,0,75,0,0,1,134,0,0,1,135
SL050,34010404010,327,0,3,10,303,0,2,3,630,5,0,13,648
SL050,34010404011,1636,11,39,125,1631,9,45,119,3267,84,20,244,3615
SL050,34010404012,109,0,0,2,101,0,0,0,210,0,0,2,212
SL050,34010404013,81850,1279,3525,9299,87773,1336,4078,7711,169623,7603,2615,17010,196851
SL050,34010404014,82,0,3,6,78,0,3,4,160,6,0,10,176
SL050,34010404015,75,0,0,4,52,0,0,2,127,0,0,6,133
SL050,34010404016,1193,37,71,294,1213,40,75,246,2406,146,77,540,3169
SL050,34010404017,726,21,44,1520,705,16,57,1497,1431,101,37,3017,4586
SL050,34010404018,147,0,1,9,145,0,7,12,292,8,0,21,321
SL050,34010404019,122,0,2,0,104,0,2,2,226,4,0,2,232
SL050,34010404020,148,0,0,2,128,0,0,6,276,0,0,8,284
SL050,34010404021,92,0,1,8,97,0,1,7,189,2,0,15,206
SL050,34010404022,195,2,17,249,183,7,10,264,378,27,9,513,927
SL050,34010404023,56,0,2,0,58,0,1,0,114,3,0,0,117
SL050,34010404024,1999,14,48,96,2042,12,56,90,4041,104,26,186,4357
SL050,34010404026,39,0,0,0,27,0,1,1,66,1,0,1,68
SL050,34010404027,124,0,2,4,103,1,5,9,227,7,1,13,248
SL050,34010404028,139,0,0,1,102,0,0,1,241,0,0,2,243
SL050,34010404029,5394,112,69,692,5369,93,77,575,10763,146,205,1267,12381
SL050,34010404030,614,0,6,9,558,0,2,13,1172,8,0,22,1202
SL050,34010404031,1293,11,63,263,1230,7,65,296,2523,128,18,559,3228
SL050,34010404032,3443,43,120,371,3284,37,116,343,6727,236,80,714,7757
SL050,34010404033,56,0,1,2,58,0,1,3,114,2,0,5,121
SL050,34010404034,78,0,3,2,56,0,3,1,134,6,0,3,143
SL050,34010404035,5018,207,323,1620,4879,231,346,1152,9897,669,438,2772,13776
SL050,34010404036,128,0,0,15,124,0,3,13,252,3,0,28,283
SL050,34010404037,698,0,12,52,710,1,16,36,1408,28,1,88,1525
SL050,34010404038,1838,20,15,114,1901,14,17,112,3739,32,34,226,4031
SL050,34010404041,199,1,2,34,142,0,8,32,341,10,1,66,418
SL050,34010404043,331,2,6,24,246,2,5,26,577,11,4,50,642
SL050,34010404044,903,5,43,95,851,8,29,58,1754,72,13,153,1992
SL050,34010404045,962,0,12,31,960,0,8,19,1922,20,0,50,1992
SL050,34010404046,495,0,3,14,443,1,5,14,938,8,1,28,975
SL050,34010404047,1418,13,18,126,1314,14,17,107,2732,35,27,233,3027
SL050,34010404048,838,21,82,476,828,16,68,474,1666,150,37,950,2803
SL050,34010404049,3209,130,298,925,3092,131,282,771,6301,580,261,1696,8838
SL050,34010404050,442,12,9,90,415,7,8,48,857,17,19,138,1031
SL050,34010404051,226,3,2,5,246,0,0,4,472,2,3,9,486
SL050,34010404052,8454,27,216,172,8077,22,210,240,16531,426,49,412,17418
SL050,34010404053,7125,150,452,1632,7372,169,509,1407,14497,961,319,3039,18816
SL050,34010404054,204,0,1,7,171,0,1,6,375,2,0,13,390
SL050,34010404055,200,0,2,11,203,0,3,10,403,5,0,21,429
SL050,34010404056,95,0,1,3,68,0,1,1,163,2,0,4,169
SL050,34010404057,746,0,10,11,745,2,5,19,1491,15,2,30,1538
SL050,34010404058,193,1,3,8,171,0,5,9,364,8,1,17,390
SL050,34010404059,522,7,22,149,571,16,21,123,1093,43,23,272,1431
SL050,34010404060,241,2,11,45,210,2,4,31,451,15,4,76,546
SL050,34010404061,342,0,8,27,362,0,7,20,704,15,0,47,766
SL050,34010404062,2653,9,68,113,2550,8,70,68,5203,138,17,181,5539
SL050,34010404063,603,1,8,37,584,0,9,19,1187,17,1,56,1261
SL050,34010404064,1525,71,163,1326,1541,72,166,1437,3066,329,143,2763,6301
SL050,34010404065,186,0,2,43,189,3,1,36,375,3,3,79,460
SL050,34010404066,8398,1238,327,6655,7913,1201,281,4109,16311,608,2439,10764,30122
SL050,34010404067,295,0,0,4,288,0,2,7,583,2,0,11,596
SL050,34010404068,91,0,0,9,75,0,0,5,166,0,0,14,180
SL050,34010404069,2847,25,103,219,2694,27,125,172,5541,228,52,391,6212
SL050,34010404070,906,7,7,252,813,3,7,243,1719,14,10,495,2238
SL050,34010404071,204,0,6,6,196,0,2,5,400,8,0,11,419
SL050,34010404072,165,5,1,359,175,2,4,344,340,5,7,703,1055
SL050,34010404073,205,0,1,6,142,0,4,4,347,5,0,10,362
SL050,34010404074,1840,15,46,137,1770,13,44,153,3610,90,28,290,4018
SL050,34010404075,3103,148,350,1365,2999,126,353,1058,6102,703,274,2423,9502
SL050,34010404076,743,1,16,91,708,0,17,45,1451,33,1,136,1621
SL050,34010404077,162,0,0,1,139,0,1,1,301,1,0,2,304
SL050,34010404078,635,4,19,32,626,2,19,27,1261,38,6,59,1364
SL050,34010404079,32676,1622,1998,12742,32575,1576,2211,9525,65251,4209,3198,22267,94925
SL050,34010404080,96,1,4,6,103,0,2,6,199,6,1,12,218
SL050,34010404081,201,0,1,17,194,0,3,16,395,4,0,33,432
SL050,34010404082,141,0,8,8,129,0,6,8,270,14,0,16,300
SL050,34010404083,1003,1,9,22,946,2,15,37,1949,24,3,59,2035
SL050,34010404084,197,0,5,4,176,0,3,8,373,8,0,12,393
SL050,34010404085,206,0,3,25,205,0,6,18,411,9,0,43,463
SL050,34010404086,989,22,38,205,917,15,29,174,1906,67,37,379,2389
SL050,34010404087,99,1,0,20,80,0,1,16,179,1,1,36,217
SL050,34010404088,1439,27,28,422,1376,26,17,369,2815,45,53,791,3704
SL050,34010404089,384,0,9,70,401,1,18,80,785,27,1,150,963
SL050,34010404090,133,2,8,16,137,1,7,20,270,15,3,36,324
SL050,34010404091,178,1,2,11,175,2,1,11,353,3,3,22,381
SL050,34010404092,1653,11,45,60,1662,8,58,72,3315,103,19,132,3569
SL050,34010404093,1149,24,59,502,1065,11,64,510,2214,123,35,1012,3384
SL050,34010404094,123,0,0,13,84,0,2,11,207,2,0,24,233
SL050,34010404095,365,6,8,36,372,4,12,33,737,20,10,69,836
SL050,34010404096,149,0,0,23,134,0,1,22,283,1,0,45,329
SL050,34010404097,133,0,3,1,112,0,1,3,245,4,0,4,253
SL050,34010404098,838,2,22,133,791,5,25,122,1629,47,7,255,1938
SL050,34010404099,2685,37,154,355,2848,37,151,363,5533,305,74,718,6630
SL050,34010404100,5508,208,575,1761,5297,218,620,1650,10805,1195,426,3411,15837
SL050,34010404101,2698,18,93,130,2612,23,77,140,5310,170,41,270,5791
SL050,34010404102,8472,664,578,3833,8404,558,600,2296,16876,1178,1222,6129,25405
SL050,34010404103,826,9,31,575,840,8,36,568,1666,67,17,1143,2893
SL050,34010404901,283,1,3,20,240,0,6,17,523,9,1,37,570
SL050,34010404902,28126,2236,1111,12989,28201,2189,1066,8792,56327,2177,4425,21781,84710
SL050,34010404903,2628,352,110,1937,2676,348,64,888,5304,174,700,2825,9003
SL050,34010404904,1072,55,32,369,1100,52,29,224,2172,61,107,593,2933
SL050,34070505001,99,0,4,10,88,0,0,1,187,4,0,11,202
SL050,34070505002,1111,22,76,89,1021,13,96,89,2132,172,35,178,2517
SL050,34070505005,100,0,0,0,90,0,0,0,190,0,0,0,190
SL050,34070505007,63,0,0,0,53,0,1,2,116,1,0,2,119
SL050,34070505008,111,0,3,1,113,0,1,4,224,4,0,5,233
SL050,34070505010,83,0,1,1,78,0,1,4,161,2,0,5,168
SL050,34070505012,69,0,0,0,65,0,1,0,134,1,0,0,135
SL050,34070505013,417,0,44,34,407,0,50,20,824,94,0,54,972
SL050,34070505014,2915,22,87,111,3038,19,131,131,5953,218,41,242,6454
SL050,34070505015,35,0,0,0,37,0,3,0,72,3,0,0,75
SL050,34070505016,3725,13,58,123,3910,17,71,152,7635,129,30,275,8069
SL050,34070505017,49,0,0,0,37,0,0,0,86,0,0,0,86
SL050,34070505018,14,0,0,1,10,0,0,1,24,0,0,2,26
SL050,34070505019,24859,223,761,1629,27146,221,1014,1804,52005,1775,444,3433,57657
SL050,34070505021,1055,6,20,64,1125,3,28,67,2180,48,9,131,2368
SL050,34070505022,914,3,23,36,836,3,33,41,1750,56,6,77,1889
SL050,34070505023,103,0,0,0,83,0,0,0,186,0,0,0,186
SL050,34070505024,106,0,2,0,98,0,0,0,204,2,0,0,206
SL050,34070505025,50,0,0,0,40,0,0,0,90,0,0,0,90
SL050,34070505026,102,1,0,3,86,0,1,6,188,1,1,9,199
SL050,34070505027,148,1,1,14,140,1,2,16,288,3,2,30,323
SL050,34070505029,63,0,1,0,44,0,0,0,107,1,0,0,108
SL050,34070505030,22,0,0,0,21,0,0,0,43,0,0,0,43
SL050,34070505033,102,0,0,0,90,0,0,1,192,0,0,1,193
SL050,34070505034,8,0,0,0,6,0,0,2,14,0,0,2,16
SL050,34070505035,56,0,0,1,54,0,2,1,110,2,0,2,114
SL050,34070505036,60,0,1,1,61,0,2,1,121,3,0,2,126
SL050,34070505037,142,0,0,0,103,0,0,3,245,0,0,3,248
SL050,34070505038,68,0,3,0,47,0,1,1,115,4,0,1,120
SL050,34070505039,27,0,0,0,17,0,0,0,44,0,0,0,44
SL050,34070505040,42,0,0,1,21,0,0,1,63,0,0,2,65
SL050,34070505041,575,2,13,31,520,1,20,34,1095,33,3,65,1196
SL050,34070505042,75,0,0,2,77,0,1,2,152,1,0,4,157
SL050,34070505043,43,0,1,0,40,0,0,0,83,1,0,0,84
SL050,34070505044,148,0,1,1,122,0,0,3,270,1,0,4,275
SL050,34070505045,43,0,0,0,39,0,0,0,82,0,0,0,82
SL050,34070505046,26,0,0,0,21,0,1,0,47,1,0,0,48
SL050,34070505047,2369,10,46,103,2296,12,60,102,4665,106,22,205,4998
SL050,34070505048,63,0,0,0,49,0,0,0,112,0,0,0,112
SL050,34070505049,232,0,3,4,202,0,5,6,434,8,0,10,452
SL050,34070505051,97,0,0,1,82,0,1,0,179,1,0,1,181
SL050,34070505052,48,0,0,0,42,0,1,1,90,1,0,1,92
SL050,34070505053,46,0,0,0,37,0,1,0,83,1,0,0,84
SL050,34070505054,699,1,12,30,650,1,18,18,1349,30,2,48,1429
SL050,34070505055,312,1,5,20,273,0,5,21,585,10,1,41,637
SL050,34070505056,53,0,0,0,41,0,0,1,94,0,0,1,95
SL050,34070505057,1375,20,69,112,1301,26,56,97,2676,125,46,209,3056
SL050,34070505058,43,0,0,0,33,0,0,0,76,0,0,0,76
SL050,34070505059,60,0,0,0,40,0,0,0,100,0,0,0,100
SL050,34070505060,56,0,0,0,53,0,0,0,109,0,0,0,109
SL050,34070505061,166,0,2,4,150,1,1,5,316,3,1,9,329
SL050,34070505062,91,0,0,1,87,0,0,0,178,0,0,1,179
SL050,34070505063,20,0,0,0,12,0,0,0,32,0,0,0,32
SL050,34070505064,60,0,0,0,44,0,0,2,104,0,0,2,106
SL050,34070505065,257,0,0,7,223,1,4,4,480,4,1,11,496
SL050,34070505066,261,0,10,0,215,0,5,0,476,15,0,0,491
SL050,34070505067,47,0,0,0,32,0,0,0,79,0,0,0,79
SL050,34070505069,44,0,0,1,34,0,0,0,78,0,0,1,79
SL050,34070505070,15,0,1,1,12,1,0,3,27,1,1,4,33
SL050,34070505072,55,0,0,2,48,0,0,1,103,0,0,3,106
SL050,34070505073,168,0,0,0,134,1,0,4,302,0,1,4,307
SL050,34070505074,386,1,0,4,345,1,9,5,731,9,2,9,751
SL050,34070505075,53,0,1,2,60,0,2,3,113,3,0,5,121
SL050,34070505076,306,0,0,6,275,1,3,10,581,3,1,16,601
SL050,34070505077,88,0,0,0,74,0,1,2,162,1,0,2,165
SL050,34070505078,59,0,0,0,44,0,0,2,103,0,0,2,105
SL050,34070505079,37,0,0,0,26,0,0,0,63,0,0,0,63
SL050,34070505080,21,0,0,0,22,0,0,0,43,0,0,0,43
SL050,34070505081,28,0,0,0,12,0,0,0,40,0,0,0,40
SL050,34070505082,299,4,4,10,253,0,9,8,552,13,4,18,587
SL050,34070505083,79,0,0,3,70,0,0,3,149,0,0,6,155
SL050,34070505084,40,0,0,0,28,0,0,0,68,0,0,0,68
SL050,34070505085,17,0,0,0,19,0,0,0,36,0,0,0,36
SL050,34070505086,48,0,0,0,29,0,0,0,77,0,0,0,77
SL050,34070505087,53,0,0,1,104,0,3,0,157,3,0,1,161
SL050,34070505088,15,0,0,0,16,0,0,0,31,0,0,0,31
SL050,34070505089,246,0,4,2,254,0,3,2,500,7,0,4,511
SL050,34070505090,38,0,0,0,40,0,0,0,78,0,0,0,78
SL050,34070505092,90,0,0,4,74,0,0,1,164,0,0,5,169
SL050,34070505093,197,9,4,20,147,2,4,22,344,8,11,42,405
SL050,34070505094,74,0,0,0,61,0,0,0,135,0,0,0,135
SL050,34070505095,142,1,2,3,111,1,3,4,253,5,2,7,267
SL050,34070505096,46,0,0,1,29,0,1,1,75,1,0,2,78
SL050,34070505097,273,0,1,0,239,0,1,4,512,2,0,4,518
SL050,34070505099,285,0,1,1,220,0,1,4,505,2,0,5,512
SL050,34070505100,147,0,4,4,132,0,7,1,279,11,0,5,295
SL050,34070505101,163,0,1,3,115,0,5,3,278,6,0,6,290
SL050,34070505102,1040,16,15,52,944,18,13,66,1984,28,34,118,2164
SL050,34070505103,33,0,1,0,33,0,0,0,66,1,0,0,67
SL050,34070505104,20,0,0,0,14,0,0,0,34,0,0,0,34
SL050,34070505105,191,0,2,4,162,0,4,0,353,6,0,4,363
SL050,34070505106,15,0,0,0,14,0,0,0,29,0,0,0,29
SL050,34070505107,33,0,0,0,21,0,0,0,54,0,0,0,54
SL050,34070505108,21,0,0,0,19,0,0,0,40,0,0,0,40
SL050,34070505109,255,0,0,0,230,0,2,0,485,2,0,0,487
SL050,34070505110,387,0,15,29,384,0,9,20,771,24,0,49,844
SL050,34070505112,54,0,1,1,52,0,1,1,106,2,0,2,110
SL050,34070505113,30,0,0,0,32,0,1,1,62,1,0,1,64
SL050,34070505114,718,2,7,5,686,0,7,15,1404,14,2,20,1440
SL050,34070505115,278,1,7,24,262,0,7,17,540,14,1,41,596
SL050,34070505116,51,0,0,0,50,0,0,1,101,0,0,1,102
SL050,34070505117,119,0,0,0,89,0,0,0,208,0,0,0,208
SL050,34070505118,39,0,1,0,34,0,0,0,73,1,0,0,74
SL050,34070505119,18,0,0,0,9,0,0,0,27,0,0,0,27
SL050,34070505120,19,0,0,1,11,0,0,0,30,0,0,1,31
SL050,34070505121,161,0,3,1,142,0,8,2,303,11,0,3,317
SL050,34070505122,60,0,2,0,56,0,1,3,116,3,0,3,122
SL050,34070505123,51,0,0,1,51,0,2,0,102,2,0,1,105
SL050,34070505124,45,0,0,0,51,0,0,3,96,0,0,3,99
SL050,34070505125,31,0,0,0,30,0,0,0,61,0,0,0,61
SL050,34070505126,35,0,0,1,23,0,0,1,58,0,0,2,60
SL050,34070505127,372,2,12,8,294,0,8,8,666,20,2,16,704
SL050,34070505128,200,0,2,5,175,2,6,5,375,8,2,10,395
SL050,34070505129,71,0,0,2,45,1,2,3,116,2,1,5,124
SL050,34070505130,50,0,0,0,45,0,0,0,95,0,0,0,95
SL050,34070505131,54,0,0,0,38,0,0,0,92,0,0,0,92
SL050,34070505132,495,0,15,10,460,0,18,8,955,33,0,18,1006
SL050,34070505133,38,0,0,0,35,0,0,0,73,0,0,0,73
SL050,34070505134,30,0,0,0,20,0,0,0,50,0,0,0,50
SL050,34070505135,199,0,1,8,177,0,4,5,376,5,0,13,394
SL050,34070505136,49,0,1,0,44,0,0,0,93,1,0,0,94
SL050,34070505138,164,0,3,5,150,3,5,4,314,8,3,9,334
SL050,34070505139,35,0,0,2,29,0,0,1,64,0,0,3,67
SL050,34070505140,65,0,3,3,55,0,1,1,120,4,0,4,128
SL050,34070505141,57,0,0,0,43,0,1,2,100,1,0,2,103
SL050,34070505142,45,0,0,0,50,1,0,0,95,0,1,0,96
SL050,34070505143,31,0,0,0,28,0,0,3,59,0,0,3,62
SL050,34070505144,40,0,1,1,33,0,2,0,73,3,0,1,77
SL050,34070505145,28,0,0,0,21,0,1,0,49,1,0,0,50
SL050,34070505147,90,0,0,1,69,0,1,0,159,1,0,1,161
SL050,34070505148,11,0,0,0,11,0,0,0,22,0,0,0,22
SL050,34070505149,59,0,0,0,40,0,0,2,99,0,0,2,101
SL050,34070505151,45,0,1,4,44,0,1,3,89,2,0,7,98
SL050,34070505152,387,0,2,9,333,3,8,11,720,10,3,20,753
SL050,34070505153,50,0,0,0,43,0,0,0,93,0,0,0,93
SL050,34070505154,23,0,0,1,10,0,0,0,33,0,0,1,34
SL050,34070505155,26,0,2,2,15,0,1,0,41,3,0,2,46
SL050,34070505156,162,0,8,10,108,1,11,10,270,19,1,20,310
SL050,34070505157,128,0,4,2,103,0,9,1,231,13,0,3,247
SL050,34070505158,171,1,7,3,147,0,6,1,318,13,1,4,336
SL050,34070505159,116,0,0,0,117,0,2,1,233,2,0,1,236
SL050,34070505160,175,0,1,0,141,0,1,3,316,2,0,3,321
SL050,34070505161,296,17,17,69,288,22,16,52,584,33,39,121,777
SL050,34070505162,47,0,0,0,43,0,0,0,90,0,0,0,90
SL050,34070505163,871,4,20,29,875,4,24,51,1746,44,8,80,1878
SL050,34070505164,8,0,0,0,7,0,1,0,15,1,0,0,16
SL050,34070505165,201,5,1,6,202,4,4,11,403,5,9,17,434
SL050,34070505166,87,0,1,4,72,0,1,3,159,2,0,7,168
SL050,34070505167,139,0,8,8,106,0,5,13,245,13,0,21,279
SL050,34070505168,2124,114,85,293,2100,84,53,286,4224,138,198,579,5139
SL050,34070505169,144,0,0,1,103,0,2,1,247,2,0,2,251
SL050,34070505170,27,0,0,0,26,0,0,2,53,0,0,2,55
SL050,34070505171,34,0,0,0,35,0,0,0,69,0,0,0,69
SL050,34070505172,72,1,0,30,54,2,1,24,126,1,3,54,184
SL050,34070505173,35,0,0,4,22,0,0,2,57,0,0,6,63
SL050,34070505174,40,0,0,1,31,0,1,2,71,1,0,3,75
SL050,34070505175,94,0,2,2,64,2,2,6,158,4,2,8,172
SL050,34070505176,138,0,1,11,115,1,2,4,253,3,1,15,272
SL050,34070505177,75,0,1,5,73,0,0,0,148,1,0,5,154
SL050,34070505178,201,0,0,10,181,1,2,7,382,2,1,17,402
SL050,34070505179,112,0,0,2,115,0,1,2,227,1,0,4,232
SL050,34070505180,36,0,0,3,31,0,0,2,67,0,0,5,72
SL050,34070505181,28,0,0,1,12,0,2,0,40,2,0,1,43
SL050,34070505182,417,5,4,18,376,3,5,16,793,9,8,34,844
SL050,34070505183,68,1,1,4,62,1,0,3,130,1,2,7,140
SL050,34070505184,136,0,12,4,101,3,7,9,237,19,3,13,272
SL050,34070505185,57,0,0,1,52,0,1,2,109,1,0,3,113
SL050,34070505186,843,0,4,22,890,1,14,37,1733,18,1,59,1811
SL050,34070505187,969,2,25,29,970,2,31,29,1939,56,4,58,2057
SL050,34070505188,28,0,0,0,17,0,0,0,45,0,0,0,45
SL050,34070505189,224,1,5,24,203,1,3,21,427,8,2,45,482
SL050,34070505190,30,0,0,0,19,0,0,0,49,0,0,0,49
SL050,34070505191,61,1,1,1,59,0,1,2,120,2,1,3,126
SL050,34070505192,66,0,0,0,38,0,1,2,104,1,0,2,107
SL050,34070505193,103,0,0,0,78,0,0,0,181,0,0,0,181
SL050,34070505194,82,0,0,0,63,0,0,1,145,0,0,1,146
SL050,34070505195,133,0,1,1,91,0,1,0,224,2,0,1,227
SL050,34070505196,27,0,0,1,33,2,1,1,60,1,2,2,65
SL050,34070505197,61,0,1,2,48,0,2,2,109,3,0,4,116
SL050,34070505198,35,0,0,0,40,0,0,0,75,0,0,0,75
SL050,34070505199,20,0,0,2,18,0,0,2,38,0,0,4,42
SL050,34070505200,21,0,0,0,21,0,0,1,42,0,0,1,43
SL050,34070505201,296,0,1,0,251,0,2,3,547,3,0,3,553
SL050,34070505204,320,5,6,42,311,6,5,31,631,11,11,73,726
SL050,34070505205,41,0,1,1,42,0,1,0,83,2,0,1,86
SL050,34070505206,18,0,0,0,12,0,0,0,30,0,0,0,30
SL050,34070505207,373,0,11,4,343,0,10,6,716,21,0,10,747
SL050,34070505208,22,0,0,0,14,0,0,0,36,0,0,0,36
SL050,34070505209,48,0,0,0,32,0,0,0,80,0,0,0,80
SL050,34070505210,41,0,1,1,42,0,0,1,83,1,0,2,86
SL050,34070505211,245,0,5,1,213,0,6,3,458,11,0,4,473
SL050,34070505212,103,0,8,0,85,0,3,0,188,11,0,0,199
SL050,34070505213,62,0,0,2,38,0,2,1,100,2,0,3,105
SL050,34070505214,19,0,1,1,13,0,1,2,32,2,0,3,37
SL050,34070505215,104,0,0,0,68,0,1,1,172,1,0,1,174
SL050,34070505216,109,0,0,0,80,0,0,0,189,0,0,0,189
SL050,34070505217,30,0,0,0,25,0,0,0,55,0,0,0,55
SL050,34070505218,64,0,2,2,54,0,1,2,118,3,0,4,125
SL050,34070505219,24,0,0,2,16,1,0,1,40,0,1,3,44
SL050,34070505220,216,1,5,4,182,2,8,10,398,13,3,14,428
SL050,34070505221,184,0,6,2,164,0,4,5,348,10,0,7,365
SL050,34070505222,73,0,0,3,63,0,0,2,136,0,0,5,141
SL050,34070505224,58,0,0,0,53,0,0,0,111,0,0,0,111
SL050,34070505225,211,1,0,7,175,0,1,8,386,1,1,15,403
SL050,34070505226,44,0,0,0,29,0,0,0,73,0,0,0,73
SL050,34070505227,197,4,12,21,168,4,6,24,365,18,8,45,436
SL050,34070505228,109,0,0,0,67,0,0,0,176,0,0,0,176
SL050,34070505229,38,0,0,2,33,0,1,1,71,1,0,3,75
SL050,34070505230,33,0,0,2,30,0,0,0,63,0,0,2,65
SL050,34070505231,99,0,1,0,71,0,0,0,170,1,0,0,171
SL050,34070505232,58,0,0,0,52,0,0,1,110,0,0,1,111
SL050,34070505233,136,1,0,3,108,0,1,1,244,1,1,4,250
SL050,34070505234,21,0,0,1,21,0,0,0,42,0,0,1,43
SL050,34070505235,68,0,1,0,55,0,0,0,123,1,0,0,124
SL050,34070505236,65,0,0,1,46,0,1,0,111,1,0,1,113
SL050,34070505237,95,0,0,0,70,0,0,0,165,0,0,0,165
SL050,34070505238,437,0,1,8,382,0,1,8,819,2,0,16,837
SL050,34070505239,129,0,2,3,109,0,0,8,238,2,0,11,251
SL050,34070505240,1933,31,101,187,1909,27,128,226,3842,229,58,413,4542
SL050,34070505241,1784,54,63,189,1673,57,57,220,3457,120,111,409,4097
SL050,34070505242,408,0,2,1,377,0,5,3,785,7,0,4,796
SL050,34070505243,47,0,1,0,37,0,0,0,84,1,0,0,85
SL050,34070505244,26,0,0,0,15,0,0,0,41,0,0,0,41
SL050,34070505245,204,1,6,11,194,0,9,10,398,15,1,21,435
SL050,34070505246,33,0,0,0,26,0,1,0,59,1,0,0,60
SL050,34070505247,130,0,1,0,108,0,0,0,238,1,0,0,239
SL050,34070505249,55,0,0,0,48,0,2,0,103,2,0,0,105
SL050,34070505251,39,0,0,3,22,0,2,1,61,2,0,4,67
SL050,34070505252,37,0,0,0,24,0,1,0,61,1,0,0,62
SL050,34070505253,40,0,1,0,43,0,0,1,83,1,0,1,85
SL050,34070505254,102,0,1,3,101,1,2,3,203,3,1,6,213
SL050,34070505256,59,0,2,1,55,0,0,0,114,2,0,1,117
SL050,34070505257,69,0,1,1,58,0,1,2,127,2,0,3,132
SL050,34070505258,66,4,1,5,51,1,0,4,117,1,5,9,132
SL050,34070505259,61,0,0,0,61,0,0,0,122,0,0,0,122
SL050,34070505260,57,0,0,0,46,0,0,0,103,0,0,0,103
SL050,34070505261,22,0,0,0,17,0,0,0,39,0,0,0,39
SL050,34070505262,189,0,0,2,163,0,8,1,352,8,0,3,363
SL050,34070505263,93,0,1,2,68,0,0,2,161,1,0,4,166
SL050,34070505264,34,0,0,0,24,0,0,0,58,0,0,0,58
SL050,34070505265,50,0,0,2,34,0,0,1,84,0,0,3,87
SL050,34070505266,53,0,0,0,40,0,3,1,93,3,0,1,97
SL050,34070505267,59,0,1,0,55,0,0,0,114,1,0,0,115
SL050,34070505901,135,0,2,0,111,0,2,1,246,4,0,1,251
SL050,34070505902,178,1,1,3,125,0,0,6,303,1,1,9,314
SL050,34070505903,82,0,0,1,64,0,0,0,146,0,0,1,147
SL050,34070505904,69,0,0,0,52,0,0,1,121,0,0,1,122
SL050,34070505905,125,0,2,0,124,0,2,1,249,4,0,1,254
SL050,34110606001,408,0,1,9,363,0,4,13,771,5,0,22,798
SL050,34110606002,2541,26,18,121,2587,19,22,127,5128,40,45,248,5461
SL050,34110606003,441,0,0,2,443,0,4,3,884,4,0,5,893
SL050,34110606004,931,0,6,8,917,0,11,7,1848,17,0,15,1880
SL050,34110606005,1030,2,5,21,935,0,16,20,1965,21,2,41,2029
SL050,34110606006,2598,6,23,40,2609,4,28,32,5207,51,10,72,5340
SL050,34110606007,845,0,5,9,831,1,5,8,1676,10,1,17,1704
SL050,34110606008,351,0,4,4,363,0,5,3,714,9,0,7,730
SL050,34110606009,131,0,1,1,105,0,2,5,236,3,0,6,245
SL050,34110606010,601,0,3,3,631,0,1,1,1232,4,0,4,1240
SL050,34110606011,14856,182,277,1273,15105,206,305,1264,29961,582,388,2537,33468
SL050,34110606012,1998,8,25,71,1929,11,21,63,3927,46,19,134,4126
SL050,34110606013,149,0,0,1,142,0,0,1,291,0,0,2,293
SL050,34110606014,3856,2,25,31,3869,4,35,69,7725,60,6,100,7891
SL050,34110606015,69251,178,1338,2221,73278,163,1716,2385,142529,3054,341,4606,150530
SL050,34110606016,1811,0,2,9,1735,2,8,13,3546,10,2,22,3580
SL050,34110606017,156,0,0,0,137,0,0,0,293,0,0,0,293
SL050,34110606018,408,0,5,4,409,0,3,12,817,8,0,16,841
SL050,34110606019,1169,0,8,15,1134,0,11,23,2303,19,0,38,2360
SL050,34110606020,1092,0,4,5,1011,0,7,9,2103,11,0,14,2128
SL050,34110606021,539,0,0,0,510,0,2,1,1049,2,0,1,1052
SL050,34110606022,1494,1,19,10,1525,1,19,16,3019,38,2,26,3085
SL050,34110606023,2409,3,8,21,2435,1,12,40,4844,20,4,61,4929
SL050,34110606024,678,0,0,1,647,0,0,5,1325,0,0,6,1331
SL050,34110606025,3011,10,22,58,3061,4,22,53,6072,44,14,111,6241
SL050,34110606026,487,0,1,2,469,0,1,9,956,2,0,11,969
SL050,34110606027,372,1,8,2,372,0,8,6,744,16,1,8,769
SL050,34110606028,2409,0,12,21,2459,6,20,40,4868,32,6,61,4967
SL050,34110606029,685,0,8,0,659,0,12,9,1344,20,0,9,1373
SL050,34110606030,94,0,0,2,88,0,0,2,182,0,0,4,186
SL050,34110606031,270,0,3,3,268,0,4,3,538,7,0,6,551
SL050,34110606032,33,0,0,0,34,0,0,0,67,0,0,0,67
SL050,34110606033,755,0,3,4,706,0,6,9,1461,9,0,13,1483
SL050,34110606034,92,0,0,2,97,0,0,0,189,0,0,2,191
SL050,34110606035,492,0,3,3,463,0,6,5,955,9,0,8,972
SL050,34110606036,2822,6,31,60,2880,3,46,73,5702,77,9,133,5921
SL050,34110606037,994,1,29,97,889,0,38,71,1883,67,1,168,2119
SL050,34110606038,469,0,1,1,442,0,1,2,911,2,0,3,916
SL050,34110606039,1061,0,1,3,1107,0,3,7,2168,4,0,10,2182
SL050,34110606040,554,6,6,41,578,7,4,42,1132,10,13,83,1238
SL050,34110606041,291,1,0,1,269,1,1,3,560,1,2,4,567
SL050,34110606042,583,0,3,1,619,0,4,0,1202,7,0,1,1210
SL050,34110606043,383,2,5,5,365,0,4,4,748,9,2,9,768
SL050,34110606044,17501,59,283,425,17672,37,443,590,35173,726,96,1015,37010
SL050,34110606045,271,2,0,14,272,0,1,9,543,1,2,23,569
SL050,34110606046,715,0,1,4,729,0,4,6,1444,5,0,10,1459
SL050,34110606047,526,0,2,0,492,1,5,5,1018,7,1,5,1031
SL050,34110606048,449,0,1,1,481,0,2,4,930,3,0,5,938
SL050,34110606049,552,0,1,7,574,1,5,10,1126,6,1,17,1150
SL050,34110606050,2353,0,18,48,2422,2,28,47,4775,46,2,95,4918
SL050,34110606051,889,3,11,28,903,2,15,28,1792,26,5,56,1879
SL050,34110606052,2329,5,19,14,2353,1,34,29,4682,53,6,43,4784
SL050,34110606053,346,0,0,4,330,0,6,11,676,6,0,15,697
SL050,34110606054,3273,10,12,72,3286,10,14,97,6559,26,20,169,6774
SL050,34110606055,1135,2,2,3,1160,3,3,3,2295,5,5,6,2311
SL050,34110606056,276,0,0,1,234,1,1,9,510,1,1,10,522
SL050,34110606057,311,0,1,0,283,0,1,3,594,2,0,3,599
SL050,34110606058,1201,0,4,1,1184,0,7,4,2385,11,0,5,2401
SL050,34110606059,997,0,12,4,998,0,15,15,1995,27,0,19,2041
SL050,34110606060,3446,8,31,45,3378,4,32,62,6824,63,12,107,7006
SL050,34110606061,618,0,1,3,618,0,5,2,1236,6,0,5,1247
SL050,34110606062,361,0,2,5,281,0,1,3,642,3,0,8,653
SL050,34110606063,1716,3,6,23,1699,2,11,25,3415,17,5,48,3485
SL050,34110606064,486,0,4,2,441,0,1,7,927,5,0,9,941
SL050,34110606065,173,0,1,0,164,0,4,1,337,5,0,1,343
SL050,34110606066,968,0,13,1,949,0,15,4,1917,28,0,5,1950
SL050,34110606067,1116,0,6,12,1107,1,6,16,2223,12,1,28,2264
SL050,34110606068,234,0,1,3,247,0,1,3,481,2,0,6,489
SL050,34110606069,1813,1,5,13,1770,1,12,24,3583,17,2,37,3639
SL050,34110606070,4508,3,32,67,4623,5,43,86,9131,75,8,153,9367
SL050,34110606071,141,0,1,1,137,1,0,3,278,1,1,4,284
SL050,34110606072,1402,0,5,7,1332,0,5,6,2734,10,0,13,2757
SL050,34110606073,446,0,0,0,409,1,1,3,855,1,1,3,860
SL050,34110606074,2775,5,38,43,2785,5,52,55,5560,90,10,98,5758
SL050,34110606075,272,1,4,3,241,0,2,3,513,6,1,6,526
SL050,34110606076,471,1,1,5,486,0,4,2,957,5,1,7,970
SL050,34110606077,196,1,2,4,161,0,3,7,357,5,1,11,374
SL050,34110606078,291,0,0,3,269,1,1,4,560,1,1,7,569
SL050,34110606079,388,0,3,0,366,0,5,1,754,8,0,1,763
SL050,34110606080,1117,1,4,12,1112,1,17,12,2229,21,2,24,2276
SL050,34110606081,617,0,3,1,579,0,1,6,1196,4,0,7,1207
SL050,34110606082,250,0,2,2,212,0,3,3,462,5,0,5,472
SL050,34110606083,27769,66,419,704,28996,56,587,755,56765,1006,122,1459,59352
SL050,34110606084,640,4,1,14,627,1,4,9,1267,5,5,23,1300
SL050,34110606085,2114,10,15,50,1978,10,26,51,4092,41,20,101,4254
SL050,34110606086,648,0,7,4,696,3,6,3,1344,13,3,7,1367
SL050,34110606087,1152,1,3,21,1188,2,17,31,2340,20,3,52,2415
SL050,34110606088,7474,21,63,163,7634,20,84,155,15108,147,41,318,15614
SL050,34110606089,362,0,0,3,348,0,0,6,710,0,0,9,719
SL050,34110606090,476,0,4,2,460,0,0,7,936,4,0,9,949
SL050,34110606091,2175,8,10,65,2095,6,20,65,4270,30,14,130,4444
SL050,34110606092,323,0,2,5,333,0,0,3,656,2,0,8,666
SL050,34110606093,2565,6,10,20,2541,4,19,30,5106,29,10,50,5195
SL050,34110606094,890,0,1,1,839,0,2,1,1729,3,0,2,1734
SL050,34110606095,5730,11,72,164,5808,11,75,115,11538,147,22,279,11986
SL050,34110606096,119,0,1,3,103,0,3,6,222,4,0,9,235
SL050,34110606097,1357,6,9,43,1251,2,22,39,2608,31,8,82,2729
SL050,34110606098,337,0,0,5,338,0,1,5,675,1,0,10,686
SL050,34110606099,703,0,2,0,655,0,0,0,1358,2,0,0,1360
SL050,34110606100,448,0,1,1,491,0,3,5,939,4,0,6,949
SL050,34110606101,249,0,4,6,243,0,6,4,492,10,0,10,512
SL050,34110606102,574,0,2,9,590,0,7,6,1164,9,0,15,1188
SL050,34110606103,2879,1,18,35,2884,4,18,37,5763,36,5,72,5876
SL050,34110606104,363,0,10,1,360,0,9,2,723,19,0,3,745
SL050,34110606105,349,1,3,3,331,0,4,7,680,7,1,10,698
SL050,34110606106,253,0,0,3,240,0,1,3,493,1,0,6,500
SL050,34110606107,930,1,3,4,920,0,3,7,1850,6,1,11,1868
SL050,34110606108,1340,3,3,31,1314,1,6,33,2654,9,4,64,2731
SL050,34110606109,2263,9,43,39,2210,9,46,31,4473,89,18,70,4650
SL050,34110606110,79,0,0,0,78,0,0,2,157,0,0,2,159
SL050,34110606111,313,1,3,3,294,0,3,5,607,6,1,8,622
SL050,34110606112,222,0,3,1,210,0,3,4,432,6,0,5,443
SL050,34110606113,1565,8,1,90,1602,11,7,73,3167,8,19,163,3357
SL050,34110606114,71,0,1,0,69,0,0,0,140,1,0,0,141
SL050,34110606115,715,1,2,9,731,0,5,10,1446,7,1,19,1473
SL050,34110606116,883,0,17,7,873,0,11,9,1756,28,0,16,1800
SL050,34110606117,802,0,3,6,845,0,1,7,1647,4,0,13,1664
SL050,34110606118,100,0,0,0,75,0,0,0,175,0,0,0,175
SL050,34110606119,427,0,1,5,392,0,3,9,819,4,0,14,837
SL050,34110606120,2011,1,22,22,1937,7,38,21,3948,60,8,43,4059
SL050,34110606121,1989,12,19,89,1957,7,23,80,3946,42,19,169,4176
SL050,34110606122,4000,8,39,57,3915,1,42,64,7915,81,9,121,8126
SL050,34110606123,2705,1,23,27,2648,3,36,32,5353,59,4,59,5475
SL050,34110606124,946,0,5,0,959,0,5,6,1905,10,0,6,1921
SL050,34110606125,955,1,1,5,935,0,6,9,1890,7,1,14,1912
SL050,34110606126,1255,9,9,44,1271,7,7,43,2526,16,16,87,2645
SL050,34110606127,1632,9,8,55,1632,13,13,58,3264,21,22,113,3420
SL050,34110606128,2624,3,14,40,2601,4,42,48,5225,56,7,88,5376
SL050,34110606129,338,0,1,2,335,0,2,3,673,3,0,5,681
SL050,34110606130,111,0,0,0,104,0,0,0,215,0,0,0,215
SL050,34110606131,633,0,1,14,601,0,5,11,1234,6,0,25,1265
SL050,34110606132,458,1,0,6,502,0,2,4,960,2,1,10,973
SL050,34110606133,1125,0,24,19,1067,1,9,19,2192,33,1,38,2264
SL050,34110606134,330,0,2,2,288,1,5,5,618,7,1,7,633
SL050,34110606135,711,1,4,4,668,0,3,10,1379,7,1,14,1401
SL050,34110606136,866,0,6,7,879,1,8,10,1745,14,1,17,1777
SL050,34110606137,535,0,7,13,501,1,9,8,1036,16,1,21,1074
SL050,34110606138,565,0,9,3,584,0,15,3,1149,24,0,6,1179
SL050,34110606139,300,0,4,1,267,0,4,2,567,8,0,3,578
SL050,34110606140,347,0,2,19,338,0,3,22,685,5,0,41,731
SL050,34110606141,988,0,0,6,993,0,6,15,1981,6,0,21,2008
SL050,34110606142,150,0,0,0,130,0,1,0,280,1,0,0,281
SL050,34110606143,2063,2,15,21,2033,3,11,28,4096,26,5,49,4176
SL050,34110606144,298,0,0,1,300,0,4,0,598,4,0,1,603
SL050,34110606145,529,0,3,2,518,0,2,6,1047,5,0,8,1060
SL050,34110606146,607,0,1,12,582,1,7,14,1189,8,1,26,1224
SL050,34110606147,179,0,1,0,185,0,0,2,364,1,0,2,367
SL050,34110606148,559,1,1,4,582,0,1,4,1141,2,1,8,1152
SL050,34110606149,6112,45,32,176,6304,30,39,188,12416,71,75,364,12926
SL050,34110606150,470,0,0,0,439,0,1,3,909,1,0,3,913
SL050,34110606151,601,0,1,1,625,0,15,0,1226,16,0,1,1243
SL050,34110606152,755,0,0,6,736,0,2,5,1491,2,0,11,1504
SL050,34110606153,11882,61,172,413,12420,62,245,504,24302,417,123,917,25759
SL050,34110606154,1658,0,11,31,1651,1,18,31,3309,29,1,62,3401
SL050,34110606155,1131,2,7,17,986,0,14,11,2117,21,2,28,2168
SL050,34110606156,707,2,1,5,658,0,2,8,1365,3,2,13,1383
SL050,34110606157,220,1,0,5,208,1,3,6,428,3,2,11,444
SL050,34110606158,7779,30,88,189,8220,23,136,311,15999,224,53,500,16776
SL050,34110606159,1389,1,2,7,1399,0,5,2,2788,7,1,9,2805
SL050,34110606160,1724,5,40,41,1689,4,55,48,3413,95,9,89,3606
SL050,34110606161,156,0,0,1,150,0,1,2,306,1,0,3,310
SL050,34110606162,1761,1,12,9,1700,1,15,9,3461,27,2,18,3508
SL050,34110606901,1298,13,11,76,1241,9,8,78,2539,19,22,154,2734
SL050,34110606902,1007,1,6,18,981,2,7,11,1988,13,3,29,2033
SL050,34110606903,1191,3,12,31,1240,5,12,24,2431,24,8,55,2518
SL050,34040707001,2076,37,148,397,2173,48,143,472,4249,291,85,869,5494
SL050,34040707002,3811,29,208,472,3769,24,229,470,7580,437,53,942,9012
SL050,34040707003,6788,185,808,2193,6488,184,972,2175,13276,1780,369,4368,19793
SL050,34040707004,2398,18,103,303,2232,33,109,333,4630,212,51,636,5529
SL050,34040707005,3849,115,399,1107,3715,119,434,1266,7564,833,234,2373,11004
SL050,34040707006,3071,40,168,565,3077,39,188,523,6148,356,79,1088,7671
SL050,34040707007,232,0,13,20,203,1,12,22,435,25,1,42,503
SL050,34040707008,3657,32,130,311,3660,34,148,344,7317,278,66,655,8316
SL050,34040707009,442,5,33,65,403,5,26,75,845,59,10,140,1054
SL050,34040707010,2941,15,124,204,2962,16,162,290,5903,286,31,494,6714
SL050,34040707011,15983,729,1395,6620,15080,671,1799,7056,31063,3194,1400,13676,49333
SL050,34040707012,1097,19,33,153,1092,17,39,162,2189,72,36,315,2612
SL050,34040707013,4178,90,202,798,4160,99,259,824,8338,461,189,1622,10610
SL050,34040707014,4404,72,318,1113,4145,82,366,1100,8549,684,154,2213,11600
SL050,34040707015,12570,55,590,1268,12569,65,726,1380,25139,1316,120,2648,29223
SL050,34040707016,1824,10,66,112,1777,17,73,129,3601,139,27,241,4008
SL050,34040707017,512,4,19,89,496,4,31,116,1008,50,8,205,1271
SL050,34040707018,190,6,19,78,202,12,13,100,392,32,18,178,620
SL050,34040707019,114,0,1,14,64,0,1,17,178,2,0,31,211
SL050,34040707020,2167,19,81,211,2168,11,120,243,4335,201,30,454,5020
SL050,34040707021,137,2,3,29,112,0,9,26,249,12,2,55,318
SL050,34040707022,6713,378,259,1451,6704,332,224,1436,13417,483,710,2887,17497
SL050,34040707023,2209,6,50,70,2189,5,67,99,4398,117,11,169,4695
SL050,34040707024,4109,128,342,1849,3710,117,393,1568,7819,735,245,3417,12216
SL050,34040707025,260,5,15,52,270,1,20,55,530,35,6,107,678
SL050,34040707026,17062,629,1623,5670,16953,550,1826,5414,34015,3449,1179,11084,49727
SL050,34040707027,12532,328,1112,2197,12556,328,1067,2017,25088,2179,656,4214,32137
SL050,34040707028,520,9,20,103,515,6,22,94,1035,42,15,197,1289
SL050,34040707029,2519,54,116,252,2482,64,111,260,5001,227,118,512,5858
SL050,34040707030,946,7,32,146,933,8,36,135,1879,68,15,281,2243
SL050,34040707031,14552,271,903,2718,14028,267,1065,2554,28580,1968,538,5272,36358
SL050,34040707032,11117,132,1237,1504,11608,112,1421,1461,22725,2658,244,2965,28592
SL050,34040707033,16165,632,1051,3422,16281,599,1112,3369,32446,2163,1231,6791,42631
SL050,34040707034,673,5,10,50,623,3,29,62,1296,39,8,112,1455
SL050,34040707035,923,5,56,124,877,6,56,96,1800,112,11,220,2143
SL050,34040707036,17060,102,606,727,16518,83,760,869,33578,1366,185,1596,36725
SL050,34040707037,1895,19,100,414,1773,24,149,414,3668,249,43,828,4788
SL050,34040707038,1131,46,63,209,1145,15,67,191,2276,130,61,400,2867
SL050,34040707039,2834,68,182,420,2840,45,139,403,5674,321,113,823,6931
SL050,34040707040,152762,2535,16054,28301,158887,2387,20179,28556,311649,36233,4922,56857,409661
SL050,34040707041,1165,38,49,147,1230,34,32,130,2395,81,72,277,2825
SL050,34040707042,6076,178,403,1402,6025,163,453,1489,12101,856,341,2891,16189
SL050,34040707043,2011,123,75,513,1972,113,81,451,3983,156,236,964,5339
SL050,34040707044,5022,221,410,970,4996,242,320,845,10018,730,463,1815,13026
SL050,34040707045,786,10,45,133,769,12,54,158,1555,99,22,291,1967
SL050,34040707046,9630,352,799,2748,8605,336,798,2511,18235,1597,688,5259,25779
SL050,34040707047,1397,19,53,146,1315,11,80,174,2712,133,30,320,3195
SL050,34040707048,10470,209,697,2287,9628,246,752,2207,20098,1449,455,4494,26496
SL050,34040707049,844,27,21,131,880,37,25,118,1724,46,64,249,2083
SL050,34040707050,1956,132,130,935,1849,114,149,935,3805,279,246,1870,6200
SL050,34040707051,3124,77,171,779,3167,76,207,804,6291,378,153,1583,8405
SL050,34040707052,2815,14,139,526,2687,22,177,512,5502,316,36,1038,6892
SL050,34040707053,716,12,24,79,697,10,43,90,1413,67,22,169,1671
SL050,34040707054,13144,370,956,4047,12558,389,1057,3936,25702,2013,759,7983,36457
SL050,34040707055,4390,105,453,1160,4116,113,396,1225,8506,849,218,2385,11958
SL050,34040707056,3178,21,92,273,3146,21,129,307,6324,221,42,580,7167
SL050,34040707057,4101,176,271,1541,4060,135,278,1550,8161,549,311,3091,12112
SL050,34040707058,1710,16,46,222,1678,19,58,232,3388,104,35,454,3981
SL050,34040707059,1682,77,118,597,1687,72,99,545,3369,217,149,1142,4877
SL050,34040707060,1549,21,71,225,1553,21,84,240,3102,155,42,465,3764
SL050,34040707061,5540,87,442,981,5327,84,538,1042,10867,980,171,2023,14041
SL050,34040707062,4456,92,310,838,4317,69,414,882,8773,724,161,1720,11378
SL050,34040707063,786,11,72,120,702,7,94,153,1488,166,18,273,1945
SL050,34040707064,3131,26,183,383,2946,30,249,400,6077,432,56,783,7348
SL050,34040707065,1326,47,59,174,1290,43,60,177,2616,119,90,351,3176
SL050,34040707901,354,8,12,77,331,10,9,59,685,21,18,136,860
SL050,34040707902,598,0,33,52,591,1,42,53,1189,75,1,105,1370
SL050,34090808001,5588,58,243,359,5430,40,258,358,11018,501,98,717,12334
SL050,34090808002,145,1,0,2,125,1,0,3,270,0,2,5,277
SL050,34090808003,4163,54,158,376,4319,52,215,427,8482,373,106,803,9764
SL050,34090808004,133,6,3,4,114,2,4,7,247,7,8,11,273
SL050,34090808005,3904,17,164,200,3756,21,231,203,7660,395,38,403,8496
SL050,34090808006,6382,72,400,682,6750,51,521,675,13132,921,123,1357,15533
SL050,34090808007,4070,26,121,222,3977,22,174,226,8047,295,48,448,8838
SL050,34090808008,102,0,1,7,100,1,5,3,202,6,1,10,219
SL050,34090808009,5602,30,165,256,5766,36,171,269,11368,336,66,525,12295
SL050,34090808010,2526,37,61,227,2509,40,58,190,5035,119,77,417,5648
SL050,34090808011,1053,4,19,44,1064,7,21,38,2117,40,11,82,2250
SL050,34090808012,989,18,27,86,1009,13,34,74,1998,61,31,160,2250
SL050,34090808013,757,6,29,95,697,10,25,50,1454,54,16,145,1669
SL050,34090808014,1109,6,32,57,1205,10,35,47,2314,67,16,104,2501
SL050,34090808015,87098,1815,5281,12898,91821,1755,5783,11290,178919,11064,3570,24188,217741
SL050,34090808016,1024,1,27,23,1025,4,18,30,2049,45,5,53,2152
SL050,34090808017,1678,33,56,140,1657,28,56,135,3335,112,61,275,3783
SL050,34090808018,1455,8,23,100,1520,6,26,67,2975,49,14,167,3205
SL050,34090808019,566841,11235,52761,135125,638964,10573,67990,136854,1205805,120751,21808,271979,1620343
SL050,34090808020,3150,24,98,168,3155,26,147,193,6305,245,50,361,6961
SL050,34090808021,45,0,1,0,25,0,2,1,70,3,0,1,74
SL050,34090808022,6611,129,400,839,7015,118,377,710,13626,777,247,1549,16199
SL050,34090808023,4319,13,99,156,4147,12,119,138,8466,218,25,294,9003
SL050,34090808024,224,3,10,20,176,0,6,17,400,16,3,37,456
SL050,34090808025,1005,6,44,40,840,6,33,53,1845,77,12,93,2027
SL050,34090808026,132,3,1,6,102,3,4,6,234,5,6,12,257
SL050,34090808027,469,3,13,7,446,3,9,15,915,22,6,22,965
SL050,34090808028,669,2,27,28,582,0,36,32,1251,63,2,60,1376
SL050,34090808029,2134,12,71,129,2085,8,89,136,4219,160,20,265,4664
SL050,34090808030,3095,63,127,341,3135,56,177,354,6230,304,119,695,7348
SL050,34090808031,1346,44,100,300,1366,41,64,286,2712,164,85,586,3547
SL050,34090808032,1101,18,73,188,1154,18,96,211,2255,169,36,399,2859
SL050,34090808033,7568,51,419,631,7761,65,484,470,15329,903,116,1101,17449
SL050,34090808034,473,0,6,9,436,1,9,12,909,15,1,21,946
SL050,34090808035,6703,201,685,1563,7278,157,743,1398,13981,1428,358,2961,18728
SL050,34090808036,93,0,0,2,95,0,0,1,188,0,0,3,191
SL050,34090808037,1147,6,40,72,1156,11,17,48,2303,57,17,120,2497
SL050,34090808038,915,11,29,70,956,13,24,77,1871,53,24,147,2095
SL050,34090808039,246,0,9,17,221,0,6,16,467,15,0,33,515
SL050,34090808040,6198,58,365,454,6525,60,386,537,12723,751,118,991,14583
SL050,34090808041,5975,213,774,1496,5985,191,663,1020,11960,1437,404,2516,16317
SL050,34090808042,1423,0,48,50,1362,2,51,59,2785,99,2,109,2995
SL050,34090808043,2075,17,64,154,1867,32,90,182,3942,154,49,336,4481
SL050,34090808044,2374,6,103,89,2416,14,106,103,4790,209,20,192,5211
SL050,34090808045,45,0,0,0,49,0,1,1,94,1,0,1,96
SL050,34090808046,7972,63,375,482,8305,45,456,467,16277,831,108,949,18165
SL050,34090808047,2127,7,38,99,2246,11,31,93,4373,69,18,192,4652
SL050,34090808048,346,3,6,43,338,5,8,34,684,14,8,77,783
SL050,34090808049,752,1,10,17,765,1,10,16,1517,20,2,33,1572
SL050,34090808050,89,0,1,2,71,0,2,0,160,3,0,2,165
SL050,34090808051,11114,42,285,414,11279,40,394,468,22393,679,82,882,24036
SL050,34090808052,80,0,2,4,75,1,0,3,155,2,1,7,165
SL050,34090808053,1721,1,40,79,1635,5,52,66,3356,92,6,145,3599
SL050,34090808054,5754,42,183,265,5598,22,198,270,11352,381,64,535,12332
SL050,34090808055,346,1,5,25,316,3,8,24,662,13,4,49,728
SL050,34090808056,23700,626,2223,6198,24518,529,2788,5793,48218,5011,1155,11991,66375
SL050,34090808057,40,0,1,0,30,0,1,0,70,2,0,0,72
SL050,34090808058,1042,5,35,65,1012,5,29,54,2054,64,10,119,2247
SL050,34090808059,220,0,2,6,207,0,5,6,427,7,0,12,446
SL050,34090808060,90,0,0,0,63,0,1,2,153,1,0,2,156
SL050,34090808061,1006,4,18,37,939,1,24,24,1945,42,5,61,2053
SL050,34090808062,639,1,10,16,626,0,11,16,1265,21,1,32,1319
SL050,34090808063,282,0,7,6,297,0,10,8,579,17,0,14,610
SL050,34090808064,1080,1,67,60,1082,7,69,52,2162,136,8,112,2418
SL050,34090808065,704,2,8,58,705,6,5,46,1409,13,8,104,1534
SL050,34090808066,852,2,34,29,865,3,48,32,1717,82,5,61,1865
SL050,34090808067,3368,27,108,140,3482,18,122,158,6850,230,45,298,7423
SL050,34090808068,4105,17,164,209,4029,19,170,257,8134,334,36,466,8970
SL050,34090808069,2175,7,54,68,1980,14,69,91,4155,123,21,159,4458
SL050,34090808070,169,0,4,0,158,1,4,3,327,8,1,3,339
SL050,34090808071,147,0,3,1,152,0,1,2,299,4,0,3,306
SL050,34090808072,6459,34,325,539,6209,34,400,643,12668,725,68,1182,14643
SL050,34090808073,33254,718,2771,5483,35651,717,3370,5209,68905,6141,1435,10692,87173
SL050,34090808074,6523,48,333,650,6358,41,409,630,12881,742,89,1280,14992
SL050,34090808075,2474,9,79,119,2389,3,97,111,4863,176,12,230,5281
SL050,34090808076,9841,108,394,810,9717,90,378,707,19558,772,198,1517,22045
SL050,34090808077,18232,255,1483,2174,19560,237,1962,2452,37792,3445,492,4626,46355
SL050,34090808078,128,0,2,0,124,0,2,2,252,4,0,2,258
SL050,34090808079,188,0,2,3,194,0,1,5,382,3,0,8,393
SL050,34090808080,25,0,0,0,15,0,1,1,40,1,0,1,42
SL050,34090808081,231,0,7,7,205,0,9,7,436,16,0,14,466
SL050,34090808082,695,2,15,41,660,1,12,41,1355,27,3,82,1467
SL050,34090808083,1122,3,8,23,1066,7,23,24,2188,31,10,47,2276
SL050,34090808084,711,1,7,24,655,0,18,23,1366,25,1,47,1439
SL050,34090808085,609,8,10,75,572,14,15,51,1181,25,22,126,1354
SL050,34090808086,8397,116,510,980,8402,93,516,754,16799,1026,209,1734,19768
SL050,34090808087,83,0,2,5,73,0,3,3,156,5,0,8,169
SL050,34090808088,7007,31,360,463,7356,51,456,503,14363,816,82,966,16227
SL050,34090808089,19435,196,1141,2144,20171,232,1281,2105,39606,2422,428,4249,46705
SL050,34090808090,86,0,3,4,69,0,4,1,155,7,0,5,167
SL050,34090808091,3259,52,146,243,3169,57,156,289,6428,302,109,532,7371
SL050,34090808092,2071,46,58,221,2156,44,53,185,4227,111,90,406,4834
SL050,34090808093,15,0,0,0,11,0,0,0,26,0,0,0,26
SL050,34090808094,956,16,26,79,946,6,35,66,1902,61,22,145,2130
SL050,34090808095,54,0,2,0,22,0,2,0,76,4,0,0,80
SL050,34090808096,23131,461,2491,3940,24722,403,2697,3136,47853,5188,864,7076,60981
SL050,34090808097,691,4,23,32,674,5,28,24,1365,51,9,56,1481
SL050,34090808098,1468,3,26,127,1475,4,22,43,2943,48,7,170,3168
SL050,34090808099,423,1,14,20,383,0,25,21,806,39,1,41,887
SL050,34090808100,1309,0,28,23,1231,2,25,36,2540,53,2,59,2654
SL050,34090808101,86478,2736,13144,23708,92814,2512,16618,23058,179292,29762,5248,46766,261068
SL050,34090808102,16137,280,1012,1964,17154,266,998,1729,33291,2010,546,3693,39540
SL050,34090808103,403,2,5,21,387,1,4,18,790,9,3,39,841
SL050,34090808104,393,4,13,59,354,0,7,33,747,20,4,92,863
SL050,34090808105,5422,74,389,710,5713,69,413,577,11135,802,143,1287,13367
SL050,34090808106,4330,41,210,326,4325,23,258,325,8655,468,64,651,9838
SL050,34090808107,7362,15,193,168,6953,14,226,180,14315,419,29,348,15111
SL050,34090808108,3153,5,64,77,2994,7,108,72,6147,172,12,149,6480
SL050,34090808109,127,0,3,5,136,0,0,5,263,3,0,10,276
SL050,34090808110,7710,93,421,993,7816,90,445,871,15526,866,183,1864,18439
SL050,34090808111,131,0,3,6,125,0,1,5,256,4,0,11,271
SL050,34090808112,7268,412,552,1836,7680,408,356,1682,14948,908,820,3518,20194
SL050,34090808113,28725,909,2116,5561,30979,818,2031,5111,59704,4147,1727,10672,76250
SL050,34090808114,10800,287,931,2161,10940,269,797,1665,21740,1728,556,3826,27850
SL050,34090808115,2231,9,74,96,2197,10,81,96,4428,155,19,192,4794
SL050,34090808116,332,1,7,14,331,0,5,14,663,12,1,28,704
SL050,34090808117,1468,6,25,44,1484,4,33,60,2952,58,10,104,3124
SL050,34090808118,9782,136,430,918,10376,119,618,961,20158,1048,255,1879,23340
SL050,34090808119,4007,29,120,182,3964,31,129,179,7971,249,60,361,8641
SL050,34090808120,4431,14,117,104,4322,8,148,147,8753,265,22,251,9291
SL050,34090808121,49527,1649,2638,9131,52229,1611,2781,7422,101756,5419,3260,16553,126988
SL050,34090808122,1030,25,29,86,1037,11,33,80,2067,62,36,166,2331
SL050,34090808123,11447,61,432,559,11939,61,515,673,23386,947,122,1232,25687
SL050,34090808124,20928,271,1536,2417,21851,288,1584,2258,42779,3120,559,4675,51133
SL050,34090808125,14666,277,877,1702,15094,292,940,1751,29760,1817,569,3453,35599
SL050,34090808126,5252,43,204,333,5336,47,239,365,10588,443,90,698,11819
SL050,34090808127,1309,19,56,117,1275,16,59,104,2584,115,35,221,2955
SL050,34090808128,345,0,8,4,307,0,5,8,652,13,0,12,677
SL050,34090808129,295,0,12,9,291,0,9,4,586,21,0,13,620
SL050,34090808130,65,0,0,1,62,0,0,1,127,0,0,2,129
SL050,34090808131,433,12,14,33,420,6,14,36,853,28,18,69,968
SL050,34090808132,220,0,1,16,215,0,2,11,435,3,0,27,465
SL050,34090808133,73,0,4,11,59,0,4,3,132,8,0,14,154
SL050,34090808134,464,6,37,44,471,2,36,49,935,73,8,93,1109
SL050,34090808135,3810,32,179,277,4013,40,189,244,7823,368,72,521,8784
SL050,34090808136,6944,95,372,756,7000,101,354,641,13944,726,196,1397,16263
SL050,34090808137,156,1,5,4,145,0,5,5,301,10,1,9,321
SL050,34090808138,2589,50,110,398,2626,38,128,251,5215,238,88,649,6190
SL050,34090808139,117,0,2,2,96,0,4,2,213,6,0,4,223
SL050,34090808140,2725,14,64,114,2817,9,80,143,5542,144,23,257,5966
SL050,34090808141,2662,42,79,205,2730,34,53,218,5392,132,76,423,6023
SL050,34090808142,78,0,2,1,76,0,1,2,154,3,0,3,160
SL050,34090808143,1731,10,29,77,1658,7,48,48,3389,77,17,125,3608
SL050,34090808144,386,1,8,10,413,1,7,11,799,15,2,21,837
SL050,34090808145,1680,15,45,115,1575,12,55,114,3255,100,27,229,3611
SL050,34090808146,868,11,18,44,765,3,30,48,1633,48,14,92,1787
SL050,34090808147,10402,152,476,830,10466,134,474,845,20868,950,286,1675,23779
SL050,34090808148,1481,40,96,345,1348,42,80,297,2829,176,82,642,3729
SL050,34090808149,556,1,6,24,565,2,14,20,1121,20,3,44,1188
SL050,34090808150,151,0,2,3,144,0,3,7,295,5,0,10,310
SL050,34090808151,259,0,3,6,253,2,4,10,512,7,2,16,537
SL050,34090808152,72,0,2,1,59,0,2,0,131,4,0,1,136
SL050,34090808153,360,0,5,10,344,0,4,7,704,9,0,17,730
SL050,34090808154,414,1,9,31,420,0,10,23,834,19,1,54,908
SL050,34090808155,4291,23,135,203,4219,18,140,227,8510,275,41,430,9256
SL050,34090808156,6586,27,186,361,6795,35,257,389,13381,443,62,750,14636
SL050,34090808157,5229,36,173,287,5206,35,213,307,10435,386,71,594,11486
SL050,34090808158,1830,11,81,109,1858,8,95,111,3688,176,19,220,4103
SL050,34090808159,8662,57,254,578,8679,58,297,456,17341,551,115,1034,19041
SL050,34090808160,188,0,5,17,181,1,8,12,369,13,1,29,412
SL050,34090808161,7051,73,262,462,6799,59,263,393,13850,525,132,855,15362
SL050,34090808162,1343,20,42,97,1250,17,55,106,2593,97,37,203,2930
SL050,34090808163,10525,188,823,1718,10913,190,821,1481,21438,1644,378,3199,26659
SL050,34090808164,567,14,9,44,563,15,9,38,1130,18,29,82,1259
SL050,34090808165,1052,1,18,38,1004,0,27,37,2056,45,1,75,2177
SL050,34090808166,513,2,7,13,531,1,8,26,1044,15,3,39,1101
SL050,34090808167,3868,26,101,235,3816,32,114,197,7684,215,58,432,8389
SL050,34090808168,223,0,8,27,173,1,6,20,396,14,1,47,458
SL050,34090808169,27392,274,1433,2314,28612,262,1623,2222,56004,3056,536,4536,64132
SL050,34090808170,280,0,4,4,249,0,5,3,529,9,0,7,545
SL050,34090808171,1171,6,30,66,1165,10,28,61,2336,58,16,127,2537
SL050,34090808172,11210,214,748,1548,11951,211,860,1329,23161,1608,425,2877,28071
SL050,34090808174,246,0,4,7,247,0,7,7,493,11,0,14,518
SL050,34090808175,1869,10,51,94,1887,9,78,96,3756,129,19,190,4094
SL050,34090808176,103,0,4,6,90,0,1,3,193,5,0,9,207
SL050,34090808177,29,0,0,3,25,0,1,2,54,1,0,5,60
SL050,34090808178,268,0,1,5,252,0,3,10,520,4,0,15,539
SL050,34090808179,369,0,11,6,341,0,11,9,710,22,0,15,747
SL050,34090808180,15949,218,846,1967,16522,202,881,1762,32471,1727,420,3729,38347
SL050,34090808181,4953,8,144,209,4966,12,163,211,9919,307,20,420,10666
SL050,34090808182,1830,9,27,93,1697,11,39,95,3527,66,20,188,3801
SL050,34090808183,2640,40,98,261,2798,47,69,244,5438,167,87,505,6197
SL050,34090808184,31217,549,2432,3642,31567,558,2776,3682,62784,5208,1107,7324,76423
SL050,34090808185,124,0,4,1,97,0,1,5,221,5,0,6,232
SL050,34090808187,86664,1689,4355,10219,91882,1545,5071,10309,178546,9426,3234,20528,211734
SL050,34090808188,89,0,0,1,70,0,0,1,159,0,0,2,161
SL050,34090808189,83,0,0,1,69,0,1,1,152,1,0,2,155
SL050,34090808190,151,0,1,2,110,0,1,0,261,2,0,2,265
SL050,34090808191,2927,29,80,158,3175,20,73,174,6102,153,49,332,6636
SL050,34090808192,3520,22,64,133,3551,18,90,134,7071,154,40,267,7532
SL050,34090808193,611,4,22,40,575,4,22,35,1186,44,8,75,1313
SL050,34090808194,14673,319,912,2124,15393,244,1013,1991,30066,1925,563,4115,36669
SL050,34090808195,43,0,1,0,42,0,0,1,85,1,0,1,87
SL050,34090808196,11573,159,682,1138,11924,170,666,1020,23497,1348,329,2158,27332
SL050,34090808197,4634,48,232,456,4654,56,274,523,9288,506,104,979,10877
SL050,34090808198,2767,13,110,142,2783,15,124,141,5550,234,28,283,6095
SL050,34090808199,398,1,19,28,355,0,12,27,753,31,1,55,840
SL050,34090808200,35290,431,1644,3236,36843,462,1959,3039,72133,3603,893,6275,82904
SL050,34090808201,239,0,6,15,249,1,7,15,488,13,1,30,532
SL050,34090808202,7408,88,487,850,7605,86,436,794,15013,923,174,1644,17754
SL050,34090808203,1546,15,57,125,1416,5,75,105,2962,132,20,230,3344
SL050,34090808204,1994,2,38,40,1927,0,60,46,3921,98,2,86,4107
SL050,34090808205,36615,523,2388,4580,37620,470,3194,5274,74235,5582,993,9854,90664
SL050,34090808206,424,4,7,39,470,8,13,24,894,20,12,63,989
SL050,34090808207,1242,4,39,74,1239,10,49,92,2481,88,14,166,2749
SL050,34090808208,3574,24,148,174,3504,19,170,187,7078,318,43,361,7800
SL050,34090808209,4042,11,122,155,4130,7,118,137,8172,240,18,292,8722
SL050,34090808210,2670,30,152,280,2624,27,183,218,5294,335,57,498,6184
SL050,34090808211,19196,123,1005,1212,20204,144,1202,1388,39400,2207,267,2600,44474
SL050,34090808212,295,5,5,11,270,1,5,8,565,10,6,19,600
SL050,34090808213,3961,28,114,153,3963,33,126,215,7924,240,61,368,8593
SL050,34090808214,4105,19,105,206,4180,22,167,209,8285,272,41,415,9013
SL050,34090808215,1508,15,47,151,1587,13,32,122,3095,79,28,273,3475
SL050,34090808216,17,0,0,1,11,0,0,1,28,0,0,2,30
SL050,34090808217,14627,109,780,1053,15240,111,986,1178,29867,1766,220,2231,34084
SL050,34090808218,4877,63,86,396,4876,50,111,361,9753,197,113,757,10820
SL050,34090808219,8963,93,404,558,9511,68,503,664,18474,907,161,1222,20764
SL050,34090808220,1441,16,25,47,1485,8,31,43,2926,56,24,90,3096
SL050,34090808221,7201,80,375,705,7683,65,501,884,14884,876,145,1589,17494
SL050,34090808222,1230,4,30,59,1165,4,32,74,2395,62,8,133,2598
SL050,34090808223,1102,3,31,54,1082,4,39,56,2184,70,7,110,2371
SL050,34090808224,505,10,14,61,459,12,26,44,964,40,22,105,1131
SL050,34090808225,56,0,0,0,56,0,1,0,112,1,0,0,113
SL050,34090808226,599,1,4,12,565,3,12,10,1164,16,4,22,1206
SL050,34090808227,1423,14,36,118,1479,18,42,101,2902,78,32,219,3231
SL050,34090808228,175,0,2,2,162,0,0,3,337,2,0,5,344
SL050,34090808229,293,0,1,6,286,1,3,10,579,4,1,16,600
SL050,34090808230,4572,73,205,356,4552,69,196,406,9124,401,142,762,10429
SL050,34090808231,12215,258,757,2081,12159,244,929,2015,24374,1686,502,4096,30658
SL050,34090808232,1070,18,17,56,1105,17,12,43,2175,29,35,99,2338
SL050,34090808233,1109,10,37,95,1060,9,20,79,2169,57,19,174,2419
SL050,34090808234,2024,10,56,78,2034,5,73,91,4058,129,15,169,4371
SL050,34090808235,2198,23,108,234,2222,11,145,237,4420,253,34,471,5178
SL050,34090808236,937,38,38,106,895,32,19,114,1832,57,70,220,2179
SL050,34090808237,909,7,26,85,982,14,19,65,1891,45,21,150,2107
SL050,34090808238,9079,52,245,378,9315,51,370,449,18394,615,103,827,19939
SL050,34090808239,308,5,10,9,281,0,12,12,589,22,5,21,637
SL050,34090808240,5615,80,203,424,5771,96,222,455,11386,425,176,879,12866
SL050,34090808241,42,3,0,1,32,0,0,1,74,0,3,2,79
SL050,34090808242,125,0,2,0,116,0,6,9,241,8,0,9,258
SL050,34090808243,95,0,0,1,89,0,0,2,184,0,0,3,187
SL050,34090808244,3806,7,98,107,3879,7,131,144,7685,229,14,251,8179
SL050,34090808245,42034,1414,4056,11345,44277,1348,4412,9935,86311,8468,2762,21280,118821
SL050,34090808246,983,6,16,125,939,11,19,127,1922,35,17,252,2226
SL050,34090808247,630,3,13,24,605,2,5,27,1235,18,5,51,1309
SL050,34090808248,3376,8,120,97,3343,5,129,114,6719,249,13,211,7192
SL050,34090808249,167,3,3,18,170,2,9,7,337,12,5,25,379
SL050,34090808250,4278,81,181,400,4357,70,141,366,8635,322,151,766,9874
SL050,34090808251,3094,115,169,424,3070,90,165,376,6164,334,205,800,7503
SL050,34090808252,14570,153,556,888,14922,147,622,981,29492,1178,300,1869,32839
SL050,34090808253,71,0,0,1,68,0,2,1,139,2,0,2,143
SL050,34090808254,1012,10,30,31,994,3,25,36,2006,55,13,67,2141
SL050,34090808255,88,0,0,2,91,0,0,2,179,0,0,4,183
SL050,34090808256,425,0,5,9,423,0,9,11,848,14,0,20,882
SL050,34090808257,64,0,3,2,54,0,3,2,118,6,0,4,128
SL050,34090808258,484,1,9,22,480,0,12,16,964,21,1,38,1024
SL050,34090808259,4069,57,153,394,4101,43,168,340,8170,321,100,734,9325
SL050,34090808260,11195,165,520,1053,11199,166,492,915,22394,1012,331,1968,25705
SL050,34090808261,1463,12,66,159,1389,12,83,197,2852,149,24,356,3381
SL050,34090808262,3923,81,183,433,4079,55,153,367,8002,336,136,800,9274
SL050,34090808263,12388,115,505,838,12628,100,562,765,25016,1067,215,1603,27901
SL050,34090808264,2734,38,118,304,2678,27,139,334,5412,257,65,638,6372
SL050,34090808265,935,7,23,28,952,8,23,38,1887,46,15,66,2014
SL050,34090808266,24697,195,1187,2180,25342,188,1463,2488,50039,2650,383,4668,57740
SL050,34090808267,4164,25,104,239,4075,29,112,209,8239,216,54,448,8957
SL050,34090808268,534,4,13,16,561,2,10,12,1095,23,6,28,1152
SL050,34090808269,1650,11,31,54,1589,5,51,81,3239,82,16,135,3472
SL050,34090808270,10175,221,1053,3027,10394,212,1205,2682,20569,2258,433,5709,28969
SL050,34090808271,33,0,0,1,45,0,0,0,78,0,0,1,79
SL050,34090808272,110,2,2,1,83,0,3,4,193,5,2,5,205
SL050,34090808273,1457,12,28,59,1363,8,28,70,2820,56,20,129,3025
SL050,34090808274,2641,17,45,171,2755,18,61,187,5396,106,35,358,5895
SL050,34090808275,152,0,0,7,151,1,3,6,303,3,1,13,320
SL050,34090808276,150,1,2,21,141,2,4,12,291,6,3,33,333
SL050,34090808277,112,0,2,1,83,0,4,0,195,6,0,1,202
SL050,34090808278,2873,39,79,197,2891,27,99,207,5764,178,66,404,6412
SL050,34090808279,88767,2214,5394,11165,92039,2054,6136,10766,180806,11530,4268,21931,218535
SL050,34090808280,53,0,2,3,47,0,2,4,100,4,0,7,111
SL050,34090808281,2784,24,90,195,2869,18,129,203,5653,219,42,398,6312
SL050,34090808282,3910,11,109,140,4232,15,125,167,8142,234,26,307,8709
SL050,34090808283,3603,37,123,261,3641,34,153,279,7244,276,71,540,8131
SL050,34090808284,7565,86,265,660,7338,71,326,626,14903,591,157,1286,16937
SL050,34090808285,5874,133,241,773,6176,127,214,634,12050,455,260,1407,14172
SL050,34090808286,1825,1,42,43,1699,0,46,60,3524,88,1,103,3716
SL050,34090808287,675,4,12,45,636,7,16,35,1311,28,11,80,1430
SL050,34090808288,1027,15,50,127,899,10,32,121,1926,82,25,248,2281
SL050,34090808289,2735,9,78,119,2760,9,86,149,5495,164,18,268,5945
SL050,34090808290,994,4,20,20,989,0,22,20,1983,42,4,40,2069
SL050,34090808291,3140,5,94,101,2936,2,104,104,6076,198,7,205,6486
SL050,34090808292,649,2,23,55,605,1,30,34,1254,53,3,89,1399
SL050,34090808293,136,0,3,0,106,0,0,1,242,3,0,1,246
SL050,34090808294,1296,7,50,74,1273,8,55,91,2569,105,15,165,2854
SL050,34090808295,6794,30,278,339,6703,38,295,400,13497,573,68,739,14877
SL050,34090808296,1185,1,48,63,1113,5,48,67,2298,96,6,130,2530
SL050,34090808297,90,0,2,3,72,0,2,1,162,4,0,4,170
SL050,34090808298,14674,896,1434,5622,15847,901,1342,4324,30521,2776,1797,9946,45040
SL050,34090808299,222,0,1,3,200,0,2,2,422,3,0,5,430
SL050,34090808300,3554,7,70,76,3576,2,119,76,7130,189,9,152,7480
SL050,34090808301,29158,251,1393,1983,29642,260,1475,2006,58800,2868,511,3989,66168
SL050,34090808302,5644,48,199,287,5630,48,207,298,11274,406,96,585,12361
SL050,34090808303,138,0,2,3,159,0,4,2,297,6,0,5,308
SL050,34090808304,532,3,11,36,478,3,14,29,1010,25,6,65,1106
SL050,34090808305,15465,439,1274,2374,16465,438,1290,2310,31930,2564,877,4684,40055
SL050,34090808306,310,1,12,20,318,1,5,21,628,17,2,41,688
SL050,34090808307,26993,407,1530,3149,29066,350,1878,2901,56059,3408,757,6050,66274
SL050,34090808308,85,0,1,0,77,0,0,1,162,1,0,1,164
SL050,34090808901,126,0,3,10,128,0,5,7,254,8,0,17,279
SL050,34090808902,2572,5,52,72,2447,3,91,97,5019,143,8,169,5339
SL050,34090808903,132,0,0,1,108,0,1,2,240,1,0,3,244
SL050,34090808904,6032,48,231,254,6227,54,269,302,12259,500,102,556,13417
SL050,34090808905,1351,5,40,62,1359,5,70,90,2710,110,10,152,2982
SL050,34070909001,19,0,0,0,7,0,0,1,26,0,0,1,27
SL050,34070909003,100,0,3,7,103,0,2,4,203,5,0,11,219
SL050,34070909006,35,0,0,0,22,0,0,0,57,0,0,0,57
SL050,34070909007,36,0,0,2,20,0,1,2,56,1,0,4,61
SL050,34070909009,109,0,2,0,100,0,2,1,209,4,0,1,214
SL050,34070909010,25,0,1,0,10,0,0,0,35,1,0,0,36
SL050,34070909011,46,0,0,0,29,0,1,1,75,1,0,1,77
SL050,34070909012,57,0,0,0,42,0,0,1,99,0,0,1,100
SL050,34070909013,28,0,0,3,21,0,0,1,49,0,0,4,53
SL050,34070909014,109,0,0,2,75,0,0,0,184,0,0,2,186
SL050,34070909016,59,0,0,1,42,0,2,1,101,2,0,2,105
SL050,34070909017,48,2,2,22,42,4,0,15,90,2,6,37,135
SL050,34070909018,13933,168,502,1202,14492,146,707,1373,28425,1209,314,2575,32523
SL050,34070909019,93,1,1,4,57,0,3,2,150,4,1,6,161
SL050,34070909020,145,1,0,30,122,1,3,24,267,3,2,54,326
SL050,34070909021,33,0,0,1,20,0,2,0,53,2,0,1,56
SL050,34070909022,39,0,0,3,24,0,2,5,63,2,0,8,73
SL050,34070909023,862,1,16,16,751,1,22,15,1613,38,2,31,1684
SL050,34070909024,98,1,2,6,67,0,1,7,165,3,1,13,182
SL050,34070909025,61,0,1,3,59,0,1,1,120,2,0,4,126
SL050,34070909026,245,0,4,3,150,0,3,3,395,7,0,6,408
SL050,34070909027,29,0,0,0,19,0,1,0,48,1,0,0,49
SL050,34070909029,93,0,1,4,70,0,2,2,163,3,0,6,172
SL050,34070909030,70,1,1,3,52,0,1,1,122,2,1,4,129
SL050,34070909032,60,0,0,0,51,0,0,1,111,0,0,1,112
SL050,34070909033,45,0,0,0,27,0,0,1,72,0,0,1,73
SL050,34070909034,163,1,0,9,126,0,2,10,289,2,1,19,311
SL050,34070909035,190,4,3,4,129,0,6,6,319,9,4,10,342
SL050,34070909036,19,0,0,0,15,0,0,0,34,0,0,0,34
SL050,34070909037,63,0,0,1,45,0,0,0,108,0,0,1,109
SL050,34070909038,60,3,2,11,52,0,2,13,112,4,3,24,143
SL050,34070909039,37,0,0,4,19,0,0,7,56,0,0,11,67
SL050,34070909041,19,0,0,0,14,0,0,0,33,0,0,0,33
SL050,34070909043,110,0,1,4,76,0,1,2,186,2,0,6,194
SL050,34070909044,27,0,0,1,24,0,0,1,51,0,0,2,53
SL050,34070909045,154,0,0,5,125,0,0,1,279,0,0,6,285
SL050,34070909046,16,0,0,0,9,0,0,0,25,0,0,0,25
SL050,34070909047,33,0,0,1,30,2,0,1,63,0,2,2,67
SL050,34070909048,777,14,24,111,739,12,26,113,1516,50,26,224,1816
SL050,34070909050,31,0,0,0,24,0,0,0,55,0,0,0,55
SL050,34070909051,96,0,0,4,81,0,0,3,177,0,0,7,184
SL050,34070909052,20,0,1,0,8,0,0,0,28,1,0,0,29
SL050,34070909054,60,0,1,0,37,0,0,0,97,1,0,0,98
SL050,34070909055,30,0,0,1,24,0,0,0,54,0,0,1,55
SL050,34070909056,2771,43,122,387,2803,42,141,366,5574,263,85,753,6675
SL050,34070909057,113,0,0,1,58,0,1,0,171,1,0,1,173
SL050,34070909058,278,0,9,12,229,0,7,8,507,16,0,20,543
SL050,34070909059,75159,620,2749,5200,82613,636,3662,5282,157772,6411,1256,10482,175921
SL050,34070909060,76,0,0,3,68,0,0,2,144,0,0,5,149
SL050,34070909061,86,0,0,8,71,0,0,4,157,0,0,12,169
SL050,34070909062,26,0,0,0,26,0,1,0,52,1,0,0,53
SL050,34070909063,135,0,2,1,89,0,2,4,224,4,0,5,233
SL050,34070909064,182,2,0,43,151,3,2,50,333,2,5,93,433
SL050,34070909065,90,0,0,8,61,1,0,2,151,0,1,10,162
SL050,34070909066,45,0,0,0,16,0,0,0,61,0,0,0,61
SL050,34070909067,238,0,5,3,213,0,6,5,451,11,0,8,470
SL050,34070909068,15,0,0,0,12,0,0,0,27,0,0,0,27
SL050,34070909070,24,0,0,0,9,0,0,0,33,0,0,0,33
SL050,34070909071,25,0,0,0,18,0,0,1,43,0,0,1,44
SL050,34070909072,209,1,5,8,169,0,10,9,378,15,1,17,411
SL050,34070909073,681,5,15,21,542,2,26,21,1223,41,7,42,1313
SL050,34070909074,542,1,14,12,500,2,18,12,1042,32,3,24,1101
SL050,34070909075,60,0,5,0,46,0,1,0,106,6,0,0,112
SL050,34070909076,19,0,0,0,6,0,0,0,25,0,0,0,25
SL050,34070909077,16,0,0,0,17,0,0,0,33,0,0,0,33
SL050,34070909078,21,0,0,0,15,0,1,0,36,1,0,0,37
SL050,34070909079,30,0,0,0,20,0,0,0,50,0,0,0,50
SL050,34070909082,20,0,1,0,14,0,0,1,34,1,0,1,36
SL050,34070909083,18,0,0,0,14,0,0,0,32,0,0,0,32
SL050,34070909084,115,0,3,1,63,0,2,1,178,5,0,2,185
SL050,34070909085,307,2,4,32,255,3,9,20,562,13,5,52,632
SL050,34070909086,424,0,19,10,315,0,15,9,739,34,0,19,792
SL050,34070909088,38,0,0,0,24,0,0,0,62,0,0,0,62
SL050,34070909090,28,0,0,0,24,0,0,0,52,0,0,0,52
SL050,34070909091,394,0,1,22,361,0,2,23,755,3,0,45,803
SL050,34070909093,94,0,0,0,78,0,4,1,172,4,0,1,177
SL050,34070909094,33,0,0,0,21,0,0,0,54,0,0,0,54
SL050,34070909095,56,0,1,0,58,0,0,0,114,1,0,0,115
SL050,34070909098,296,0,0,17,230,0,5,27,526,5,0,44,575
SL050,34070909100,36,0,0,1,19,0,1,0,55,1,0,1,57
SL050,34070909101,45,0,0,1,30,0,0,2,75,0,0,3,78
SL050,34070909102,22,0,0,0,11,0,0,0,33,0,0,0,33
SL050,34070909103,116,0,3,5,92,1,1,6,208,4,1,11,224
SL050,34070909104,23,0,0,0,21,0,0,0,44,0,0,0,44
SL050,34070909105,57,0,1,0,43,0,0,0,100,1,0,0,101
SL050,34070909108,275,1,12,11,211,0,12,23,486,24,1,34,545
SL050,34070909109,740,0,8,20,551,0,18,15,1291,26,0,35,1352
SL050,34070909110,49,0,1,0,28,0,1,1,77,2,0,1,80
SL050,34070909112,68,0,0,1,42,0,1,0,110,1,0,1,112
SL050,34070909113,270,1,5,13,232,3,6,15,502,11,4,28,545
SL050,34070909114,48,0,3,2,37,0,1,4,85,4,0,6,95
SL050,34070909115,54,0,0,1,39,0,3,1,93,3,0,2,98
SL050,34070909117,38,0,0,5,32,0,0,10,70,0,0,15,85
SL050,34070909119,15,0,1,0,26,0,2,1,41,3,0,1,45
SL050,34070909120,23,0,1,0,17,0,0,1,40,1,0,1,42
SL050,34070909122,55,1,0,4,33,0,0,2,88,0,1,6,95
SL050,34070909123,24,1,1,1,16,0,1,0,40,2,1,1,44
SL050,34070909124,869,0,10,12,783,0,6,16,1652,16,0,28,1696
SL050,34070909125,355,0,4,4,238,0,1,6,593,5,0,10,608
SL050,34070909127,30,0,0,1,21,0,0,0,51,0,0,1,52
SL050,34070909128,49,0,0,0,34,0,1,0,83,1,0,0,84
SL050,34070909129,64,0,1,1,33,0,2,0,97,3,0,1,101
SL050,34070909130,46,0,0,1,27,0,0,2,73,0,0,3,76
SL050,34070909131,307,1,12,22,271,0,10,30,578,22,1,52,653
SL050,34070909132,108,0,0,4,65,0,0,4,173,0,0,8,181
SL050,34070909133,25,0,0,0,20,0,0,0,45,0,0,0,45
SL050,34070909134,129,2,1,1,103,4,7,7,232,8,6,8,254
SL050,34070909135,19,0,0,3,17,0,0,2,36,0,0,5,41
SL050,34070909136,113,0,1,10,84,3,2,14,197,3,3,24,227
SL050,34070909137,103,0,2,13,95,1,2,19,198,4,1,32,235
SL050,34070909138,42,0,2,1,36,0,1,1,78,3,0,2,83
SL050,34070909139,69,0,0,0,37,0,0,1,106,0,0,1,107
SL050,34070909140,75,0,0,2,41,0,3,5,116,3,0,7,126
SL050,34070909141,387,1,4,8,353,0,10,12,740,14,1,20,775
SL050,34070909143,17,0,1,0,6,0,4,1,23,5,0,1,29
SL050,34070909144,29,0,0,0,15,0,1,0,44,1,0,0,45
SL050,34070909148,46,1,2,2,42,1,0,6,88,2,2,8,100
SL050,34070909149,26,0,0,2,9,0,0,0,35,0,0,2,37
SL050,34070909151,297,0,5,8,223,0,6,9,520,11,0,17,548
SL050,34070909152,133,4,1,33,100,6,3,30,233,4,10,63,310
SL050,34070909154,86,0,1,2,61,0,3,2,147,4,0,4,155
SL050,34070909155,16,0,0,0,10,0,0,0,26,0,0,0,26
SL050,34070909159,33,0,2,8,22,0,1,3,55,3,0,11,69
SL050,34070909160,58,0,1,0,32,0,0,0,90,1,0,0,91
SL050,34070909162,76,0,0,6,69,0,1,4,145,1,0,10,156
SL050,34070909163,332,4,7,28,266,3,9,20,598,16,7,48,669
SL050,34070909164,98,0,3,8,55,5,1,10,153,4,5,18,180
SL050,34070909166,61,0,0,0,44,0,0,0,105,0,0,0,105
SL050,34070909167,35,0,0,1,22,0,0,0,57,0,0,1,58
SL050,34070909168,166,1,1,14,133,4,4,14,299,5,5,28,337
SL050,34070909169,69,0,0,0,33,0,0,1,102,0,0,1,103
SL050,34070909170,117,1,0,2,99,0,2,2,216,2,1,4,223
SL050,34070909172,68,0,2,0,64,0,2,0,132,4,0,0,136
SL050,34070909173,73,0,1,1,58,0,0,0,131,1,0,1,133
SL050,34070909174,470,1,6,30,393,0,9,23,863,15,1,53,932
SL050,34070909175,82,0,0,0,39,0,0,0,121,0,0,0,121
SL050,34070909176,41,0,1,0,20,0,0,0,61,1,0,0,62
SL050,34070909177,723,2,23,16,601,0,16,24,1324,39,2,40,1405
SL050,34070909178,29,0,0,0,16,0,0,0,45,0,0,0,45
SL050,34070909179,22,0,0,0,19,0,0,0,41,0,0,0,41
SL050,34070909180,73,0,1,2,58,1,0,2,131,1,1,4,137
SL050,34070909181,159,0,0,1,144,0,3,0,303,3,0,1,307
SL050,34070909182,45,0,0,0,32,0,0,1,77,0,0,1,78
SL050,34070909183,30,0,0,1,17,0,1,0,47,1,0,1,49
SL050,34070909184,6,0,0,0,2,0,0,0,8,0,0,0,8
SL050,34070909189,72,0,0,0,57,0,1,1,129,1,0,1,131
SL050,34070909190,46,0,1,1,38,0,0,0,84,1,0,1,86
SL050,34070909191,20,0,0,0,13,0,0,0,33,0,0,0,33
SL050,34070909192,31,0,0,0,24,0,0,0,55,0,0,0,55
SL050,34070909194,1154,17,21,89,1129,11,48,91,2283,69,28,180,2560
SL050,34070909195,38,0,0,1,20,0,0,1,58,0,0,2,60
SL050,34070909196,88,0,1,0,57,0,0,1,145,1,0,1,147
SL050,34070909197,97,0,0,12,52,0,1,6,149,1,0,18,168
SL050,34070909198,64,0,0,1,45,0,1,1,109,1,0,2,112
SL050,34070909199,53,0,0,3,42,0,0,2,95,0,0,5,100
SL050,34070909200,31,0,0,0,21,0,0,0,52,0,0,0,52
SL050,34070909201,21,0,0,0,6,0,2,0,27,2,0,0,29
SL050,34070909202,14,0,0,0,8,0,0,0,22,0,0,0,22
SL050,34070909206,32,0,0,0,23,0,1,0,55,1,0,0,56
SL050,34070909208,107,1,0,3,95,1,0,4,202,0,2,7,211
SL050,34070909209,2622,25,47,264,2519,22,73,244,5141,120,47,508,5816
SL050,34070909211,808,2,12,44,677,10,10,48,1485,22,12,92,1611
SL050,34070909213,167,0,1,4,135,0,0,6,302,1,0,10,313
SL050,34070909214,410,2,12,14,272,1,11,11,682,23,3,25,733
SL050,34070909215,215,2,4,6,159,0,8,8,374,12,2,14,402
SL050,34070909216,211,0,3,8,189,1,12,5,400,15,1,13,429
SL050,34070909217,212,0,2,8,156,0,4,4,368,6,0,12,386
SL050,34070909218,228,1,4,11,181,2,9,15,409,13,3,26,451
SL050,34070909219,15257,225,442,1509,15912,208,604,1320,31169,1046,433,2829,35477
SL050,34070909220,46,0,1,0,23,0,1,0,69,2,0,0,71
SL050,34070909221,344,0,4,21,267,3,10,20,611,14,3,41,669
SL050,34070909223,29,0,0,0,14,0,1,0,43,1,0,0,44
SL050,34070909224,86,0,0,3,72,0,3,0,158,3,0,3,164
SL050,34070909225,51,0,1,0,33,0,2,0,84,3,0,0,87
SL050,34070909226,36,0,0,0,23,0,0,0,59,0,0,0,59
SL050,34070909227,66,0,1,11,55,0,1,14,121,2,0,25,148
SL050,34070909228,90,0,0,2,77,0,1,2,167,1,0,4,172
SL050,34070909229,109,1,0,11,92,0,1,10,201,1,1,21,224
SL050,34070909230,18,0,0,0,17,0,0,0,35,0,0,0,35
SL050,34070909231,47,0,0,0,18,0,0,0,65,0,0,0,65
SL050,34070909232,84,1,4,4,57,2,4,2,141,8,3,6,158
SL050,34070909235,86,0,3,21,69,0,1,9,155,4,0,30,189
SL050,34070909236,22,0,0,0,15,0,0,0,37,0,0,0,37
SL050,34070909238,522,1,5,10,468,1,4,13,990,9,2,23,1024
SL050,34070909239,28,1,0,2,23,0,0,1,51,0,1,3,55
SL050,34070909241,149,0,13,15,125,0,13,13,274,26,0,28,328
SL050,34070909242,40,0,2,2,32,0,0,2,72,2,0,4,78
SL050,34070909243,47,0,0,0,30,0,0,0,77,0,0,0,77
SL050,34070909244,24,0,0,1,22,0,0,3,46,0,0,4,50
SL050,34070909246,330,3,18,20,306,3,18,23,636,36,6,43,721
SL050,34070909247,12,0,0,0,12,0,0,0,24,0,0,0,24
SL050,34070909248,48,0,0,0,34,0,0,0,82,0,0,0,82
SL050,34070909249,29,0,0,0,23,0,0,0,52,0,0,0,52
SL050,34070909250,145,0,1,6,123,0,3,4,268,4,0,10,282
SL050,34070909251,225,0,6,8,177,0,9,11,402,15,0,19,436
SL050,34070909253,66,0,1,2,48,0,0,0,114,1,0,2,117
SL050,34070909255,51,0,1,0,36,0,1,1,87,2,0,1,90
SL050,34070909256,194,4,2,53,169,1,1,14,363,3,5,67,438
SL050,34070909257,55,0,0,2,36,0,0,1,91,0,0,3,94
SL050,34070909258,91,0,1,1,81,0,0,0,172,1,0,1,174
SL050,34070909259,142,0,5,2,96,0,2,4,238,7,0,6,251
SL050,34070909261,249,0,4,8,248,1,0,17,497,4,1,25,527
SL050,34070909262,90,0,1,0,72,0,1,3,162,2,0,3,167
SL050,34070909265,21,0,0,1,14,0,1,1,35,1,0,2,38
SL050,34070909266,64,0,0,2,33,0,3,1,97,3,0,3,103
SL050,34070909267,66,0,0,0,45,0,0,0,111,0,0,0,111
SL050,34070909268,54,0,1,7,42,0,1,6,96,2,0,13,111
SL050,34070909269,20,0,0,1,12,0,1,2,32,1,0,3,36
SL050,34070909270,93,1,0,2,68,0,0,3,161,0,1,5,167
SL050,34070909272,150,0,1,4,128,0,0,11,278,1,0,15,294
SL050,34070909273,33,0,0,0,20,0,0,0,53,0,0,0,53
SL050,34070909274,567,1,6,12,559,1,10,13,1126,16,2,25,1169
SL050,34070909275,106,0,1,3,69,0,0,0,175,1,0,3,179
SL050,34070909276,247,1,6,15,200,1,6,19,447,12,2,34,495
SL050,34070909277,77,0,1,0,37,0,0,0,114,1,0,0,115
SL050,34070909279,109,1,0,32,77,2,0,17,186,0,3,49,238
SL050,34070909280,14,0,0,0,10,0,0,0,24,0,0,0,24
SL050,34070909281,77,0,0,3,71,0,1,2,148,1,0,5,154
SL050,34070909283,24,0,0,0,21,0,0,1,45,0,0,1,46
SL050,34070909287,146,0,3,5,102,0,2,9,248,5,0,14,267
SL050,34070909288,57,0,0,6,40,1,0,7,97,0,1,13,111
SL050,34070909289,807,8,14,63,700,3,19,76,1507,33,11,139,1690
SL050,34070909292,48,0,0,0,30,0,1,0,78,1,0,0,79
SL050,34070909294,68,0,1,0,44,0,0,1,112,1,0,1,114
SL050,34070909295,28,0,0,0,29,0,0,0,57,0,0,0,57
SL050,34070909297,207,1,1,8,144,0,5,10,351,6,1,18,376
SL050,34070909298,47,0,0,2,35,0,0,3,82,0,0,5,87
SL050,34070909301,401,0,9,16,355,0,8,14,756,17,0,30,803
SL050,34070909302,64,0,1,1,41,0,0,1,105,1,0,2,108
SL050,34070909303,49,0,1,1,31,0,0,1,80,1,0,2,83
SL050,34070909304,109,0,2,0,92,0,4,1,201,6,0,1,208
SL050,34070909306,57,0,0,4,49,0,0,2,106,0,0,6,112
SL050,34070909307,67,0,4,1,38,0,4,1,105,8,0,2,115
SL050,34070909308,37,0,2,0,28,0,0,1,65,2,0,1,68
SL050,34070909309,166,0,3,16,152,0,2,10,318,5,0,26,349
SL050,34070909310,8,0,0,0,3,0,0,0,11,0,0,0,11
SL050,34070909311,37,0,0,0,22,0,0,0,59,0,0,0,59
SL050,34070909312,58,0,1,1,45,0,0,2,103,1,0,3,107
SL050,34070909314,60,0,0,0,34,0,0,0,94,0,0,0,94
SL050,34070909315,235,1,16,17,228,1,10,15,463,26,2,32,523
SL050,34070909316,70,0,0,3,40,0,0,2,110,0,0,5,115
SL050,34070909317,6,0,1,0,12,0,0,0,18,1,0,0,19
SL050,34070909318,38,0,0,0,21,0,1,0,59,1,0,0,60
SL050,34070909321,945,23,4,132,926,21,8,126,1871,12,44,258,2185
SL050,34070909323,41,0,1,1,20,0,0,2,61,1,0,3,65
SL050,34070909325,112,0,0,5,73,0,0,3,185,0,0,8,193
SL050,34070909326,97,0,5,4,72,1,2,2,169,7,1,6,183
SL050,34070909327,18,0,0,0,18,0,0,0,36,0,0,0,36
SL050,34070909328,31,0,0,0,33,0,0,1,64,0,0,1,65
SL050,34070909329,75,0,0,1,53,0,1,1,128,1,0,2,131
SL050,34070909330,857,11,19,120,795,8,39,106,1652,58,19,226,1955
SL050,34070909332,84,0,3,5,65,1,6,5,149,9,1,10,169
SL050,34070909334,40,0,0,1,9,0,0,1,49,0,0,2,51
SL050,34070909335,55,0,0,0,32,0,0,1,87,0,0,1,88
SL050,34070909337,72,0,2,5,50,0,4,9,122,6,0,14,142
SL050,34070909338,159,0,4,5,115,0,11,4,274,15,0,9,298
SL050,34070909339,71,0,2,9,54,0,2,3,125,4,0,12,141
SL050,34070909340,55,0,0,1,21,0,2,0,76,2,0,1,79
SL050,34070909343,60,0,0,1,38,0,0,2,98,0,0,3,101
SL050,34070909345,78,0,1,8,46,0,4,3,124,5,0,11,140
SL050,34070909346,65,0,0,0,33,0,0,1,98,0,0,1,99
SL050,34070909347,71,0,1,2,69,0,1,1,140,2,0,3,145
SL050,34070909348,74,0,0,0,65,0,1,1,139,1,0,1,141
SL050,34070909350,261,3,0,27,218,5,1,22,479,1,8,49,537
SL050,34070909351,45,0,0,0,16,0,1,0,61,1,0,0,62
SL050,34070909352,65,0,0,1,38,0,0,0,103,0,0,1,104
SL050,34070909353,49,0,0,5,31,0,1,5,80,1,0,10,91
SL050,34070909354,26,0,0,0,9,0,0,0,35,0,0,0,35
SL050,34070909355,46,0,0,0,39,0,0,0,85,0,0,0,85
SL050,34070909356,27,0,0,1,14,0,2,1,41,2,0,2,45
SL050,34070909358,165,0,3,4,94,0,5,8,259,8,0,12,279
SL050,34070909360,20,0,0,0,5,0,0,0,25,0,0,0,25
SL050,34070909361,62,0,0,2,50,0,0,0,112,0,0,2,114
SL050,34070909362,132,0,0,3,107,0,0,3,239,0,0,6,245
SL050,34070909363,555,0,4,3,417,0,11,5,972,15,0,8,995
SL050,34070909365,21,0,0,1,7,0,1,1,28,1,0,2,31
SL050,34070909366,44,0,0,1,31,0,0,1,75,0,0,2,77
SL050,34070909368,15,0,0,1,6,0,1,0,21,1,0,1,23
SL050,34070909369,244,0,0,11,222,3,5,5,466,5,3,16,490
SL050,34070909372,139,0,2,2,120,0,1,4,259,3,0,6,268
SL050,34070909373,250,1,1,6,182,2,0,6,432,1,3,12,448
SL050,34070909374,65,0,1,0,36,0,0,1,101,1,0,1,103
SL050,34070909375,21,0,0,0,17,0,0,0,38,0,0,0,38
SL050,34070909377,410,0,5,7,348,0,7,5,758,12,0,12,782
SL050,34070909378,16,0,0,1,12,0,0,0,28,0,0,1,29
SL050,34070909380,35,0,0,3,39,0,0,3,74,0,0,6,80
SL050,34070909381,18,0,0,2,13,0,0,1,31,0,0,3,34
SL050,34070909382,17,0,0,0,7,0,0,0,24,0,0,0,24
SL050,34070909384,172,2,0,15,141,2,0,14,313,0,4,29,346
SL050,34070909386,37,0,0,0,27,0,1,0,64,1,0,0,65
SL050,34070909387,79,0,0,2,43,0,0,2,122,0,0,4,126
SL050,34070909388,16,0,0,0,13,0,1,0,29,1,0,0,30
SL050,34070909389,35,0,0,4,26,0,0,3,61,0,0,7,68
SL050,34070909390,338,0,4,14,278,2,4,17,616,8,2,31,657
SL050,34070909391,201,1,11,29,170,2,10,34,371,21,3,63,458
SL050,34070909392,31,0,0,1,25,0,0,0,56,0,0,1,57
SL050,34070909394,387,2,9,16,358,5,10,22,745,19,7,38,809
SL050,34070909395,80,0,1,0,50,0,3,0,130,4,0,0,134
SL050,34070909396,83,0,0,2,71,0,0,4,154,0,0,6,160
SL050,34070909398,52,0,0,0,27,0,0,0,79,0,0,0,79
SL050,34070909400,190,0,5,6,157,0,7,4,347,12,0,10,369
SL050,34070909403,62,0,0,0,41,0,0,1,103,0,0,1,104
SL050,34070909405,75,0,0,0,60,0,1,0,135,1,0,0,136
SL050,34070909406,176,0,3,10,131,0,4,9,307,7,0,19,333
SL050,34070909407,17,0,0,0,12,0,0,0,29,0,0,0,29
SL050,34070909408,26,0,0,0,16,0,0,0,42,0,0,0,42
SL050,34070909409,57,0,5,5,51,0,5,3,108,10,0,8,126
SL050,34070909410,1762,7,40,102,1668,11,47,102,3430,87,18,204,3739
SL050,34070909411,93,0,0,3,56,0,2,3,149,2,0,6,157
SL050,34070909412,459,2,8,46,381,1,6,45,840,14,3,91,948
SL050,34070909413,236,0,1,10,213,2,3,12,449,4,2,22,477
SL050,34070909414,108,0,1,5,77,0,3,1,185,4,0,6,195
SL050,34070909415,166,0,0,10,126,1,8,10,292,8,1,20,321
SL050,34070909416,28,0,0,0,21,0,1,0,49,1,0,0,50
SL050,34070909417,24,0,0,0,18,0,0,0,42,0,0,0,42
SL050,34070909418,42,0,0,0,41,0,0,0,83,0,0,0,83
SL050,34070909419,47,0,0,1,24,0,1,3,71,1,0,4,76
SL050,34070909421,138,0,0,1,98,0,1,1,236,1,0,2,239
SL050,34070909422,8,0,1,0,7,0,1,0,15,2,0,0,17
SL050,34070909423,19,0,0,0,10,0,0,0,29,0,0,0,29
SL050,34070909424,22,0,1,2,14,0,1,2,36,2,0,4,42
SL050,34070909425,283,3,8,7,230,3,8,7,513,16,6,14,549
SL050,34070909427,811,1,13,18,643,1,12,28,1454,25,2,46,1527
SL050,34070909428,61,0,0,0,43,0,0,1,104,0,0,1,105
SL050,34070909429,41,0,1,2,12,0,1,2,53,2,0,4,59
SL050,34070909430,13,0,1,1,8,0,1,0,21,2,0,1,24
SL050,34070909431,72,0,1,0,45,0,0,1,117,1,0,1,119
SL050,34070909432,108,0,1,1,79,0,1,1,187,2,0,2,191
SL050,34070909433,39,0,0,0,21,0,0,1,60,0,0,1,61
SL050,34070909434,865,8,17,48,793,1,19,34,1658,36,9,82,1785
SL050,34070909437,155,1,1,10,133,0,0,9,288,1,1,19,309
SL050,34070909438,328,3,4,19,293,2,5,19,621,9,5,38,673
SL050,34070909439,701,2,19,41,585,3,26,29,1286,45,5,70,1406
SL050,34070909440,52,0,0,2,33,0,0,1,85,0,0,3,88
SL050,34070909441,42,0,0,0,29,0,0,0,71,0,0,0,71
SL050,34070909442,222,1,3,10,186,0,4,12,408,7,1,22,438
SL050,34070909443,84,0,0,1,83,0,0,7,167,0,0,8,175
SL050,34070909444,35,0,0,0,33,0,0,0,68,0,0,0,68
SL050,34070909445,32,0,0,0,13,0,0,0,45,0,0,0,45
SL050,34070909446,7,0,0,0,5,0,0,0,12,0,0,0,12
SL050,34070909447,27,0,1,0,17,0,1,0,44,2,0,0,46
SL050,34070909448,126,1,0,6,82,0,1,1,208,1,1,7,217
SL050,34070909449,61,0,0,2,42,0,0,3,103,0,0,5,108
SL050,34070909450,19,0,0,0,10,0,0,1,29,0,0,1,30
SL050,34070909451,125,1,3,15,117,4,3,10,242,6,5,25,278
SL050,34070909454,27,0,0,0,14,0,0,0,41,0,0,0,41
SL050,34070909455,28,0,0,0,17,0,0,0,45,0,0,0,45
SL050,34070909456,74,0,3,3,61,0,3,6,135,6,0,9,150
SL050,34070909458,343,1,5,9,273,0,6,7,616,11,1,16,644
SL050,34070909460,111,0,0,1,74,0,1,2,185,1,0,3,189
SL050,34070909463,159,0,4,7,100,0,0,6,259,4,0,13,276
SL050,34070909464,23,0,0,0,16,0,0,1,39,0,0,1,40
SL050,34070909466,65,0,0,0,46,0,0,1,111,0,0,1,112
SL050,34070909467,46,0,0,4,19,0,0,6,65,0,0,10,75
SL050,34070909471,93,0,0,5,89,0,4,3,182,4,0,8,194
SL050,34070909472,35,0,0,1,22,0,0,0,57,0,0,1,58
SL050,34070909473,50,0,0,0,37,0,0,0,87,0,0,0,87
SL050,34070909476,47,0,0,0,27,0,0,0,74,0,0,0,74
SL050,34070909478,30,0,0,0,13,0,0,0,43,0,0,0,43
SL050,34070909480,57,0,0,1,54,0,0,0,111,0,0,1,112
SL050,34070909482,19,0,0,0,12,0,0,0,31,0,0,0,31
SL050,34070909483,115,0,1,1,106,0,2,1,221,3,0,2,226
SL050,34070909485,36,0,0,0,22,0,0,0,58,0,0,0,58
SL050,34070909901,189,1,1,9,168,1,4,10,357,5,2,19,383
SL050,34070909902,269,0,2,6,196,0,2,5,465,4,0,11,480
SL050,34070909903,1859,41,36,216,1766,18,53,218,3625,89,59,434,4207
SL050,34070909904,293,0,2,5,205,0,7,2,498,9,0,7,514
SL050,34070909905,237,0,1,6,169,1,2,11,406,3,1,17,427
SL050,34070909906,751,2,15,30,605,2,10,28,1356,25,4,58,1443
SL050,34070909907,1002,3,24,42,868,1,22,45,1870,46,4,87,2007
SL050,34070909908,274,1,1,14,191,0,9,8,465,10,1,22,498
SL050,34111010001,184,0,0,5,143,1,0,2,327,0,1,7,335
SL050,34111010002,203,0,0,4,191,0,2,3,394,2,0,7,403
SL050,34111010003,287,0,4,3,276,0,5,5,563,9,0,8,580
SL050,34111010004,393,0,5,1,398,0,2,2,791,7,0,3,801
SL050,34111010005,308,0,2,2,284,0,8,3,592,10,0,5,607
SL050,34111010006,719,1,1,2,670,0,3,5,1389,4,1,7,1401
SL050,34111010007,323,1,1,12,319,1,0,6,642,1,2,18,663
SL050,34111010008,721,0,5,12,717,0,12,13,1438,17,0,25,1480
SL050,34111010009,110,0,1,1,110,0,3,0,220,4,0,1,225
SL050,34111010010,1338,4,13,29,1216,2,11,33,2554,24,6,62,2646
SL050,34111010011,282,0,6,1,282,0,2,3,564,8,0,4,576
SL050,34111010012,282,0,5,1,318,0,6,8,600,11,0,9,620
SL050,34111010013,155,0,2,6,136,0,2,4,291,4,0,10,305
SL050,34111010014,1012,0,6,8,1033,0,10,16,2045,16,0,24,2085
SL050,34111010015,343,1,12,11,360,0,9,17,703,21,1,28,753
SL050,34111010016,194,0,0,0,175,0,0,1,369,0,0,1,370
SL050,34111010017,409,0,2,5,407,0,3,5,816,5,0,10,831
SL050,34111010018,940,0,5,3,894,0,4,4,1834,9,0,7,1850
SL050,34111010019,823,9,23,47,790,6,20,47,1613,43,15,94,1765
SL050,34111010020,891,0,3,7,916,0,7,14,1807,10,0,21,1838
SL050,34111010021,2885,1,7,19,2909,1,11,18,5794,18,2,37,5851
SL050,34111010022,221,0,0,1,220,0,1,1,441,1,0,2,444
SL050,34111010023,384,0,6,0,338,0,5,3,722,11,0,3,736
SL050,34111010024,354,0,8,3,398,1,4,8,752,12,1,11,776
SL050,34111010025,209,0,0,0,198,0,0,0,407,0,0,0,407
SL050,34111010026,354,0,18,6,336,0,10,5,690,28,0,11,729
SL050,34111010027,42,0,0,1,33,0,0,1,75,0,0,2,77
SL050,34111010028,44,1,1,4,33,0,1,7,77,2,1,11,91
SL050,34111010029,226,0,0,6,193,2,4,6,419,4,2,12,437
SL050,34111010030,251,1,5,3,223,2,9,6,474,14,3,9,500
SL050,34111010031,105,0,1,0,80,0,1,0,185,2,0,0,187
SL050,34111010032,919,0,1,6,929,0,6,6,1848,7,0,12,1867
SL050,34111010033,228,0,4,0,198,0,3,1,426,7,0,1,434
SL050,34111010034,172,0,3,1,170,0,1,2,342,4,0,3,349
SL050,34111010035,1070,1,7,26,1015,2,8,22,2085,15,3,48,2151
SL050,34111010036,182,0,0,7,151,0,1,4,333,1,0,11,345
SL050,34111010037,44162,74,777,1038,47576,73,1129,1239,91738,1906,147,2277,96068
SL050,34111010038,39,0,0,0,39,0,0,0,78,0,0,0,78
SL050,34111010039,212,0,3,2,203,0,6,2,415,9,0,4,428
SL050,34111010040,251,0,0,1,229,0,6,3,480,6,0,4,490
SL050,34111010041,609,0,2,10,548,0,4,12,1157,6,0,22,1185
SL050,34111010042,24,0,1,0,37,0,0,0,61,1,0,0,62
SL050,34111010043,407,1,2,11,428,0,3,4,835,5,1,15,856
SL050,34111010044,831,0,12,17,738,0,14,22,1569,26,0,39,1634
SL050,34111010045,497,0,0,3,512,0,3,4,1009,3,0,7,1019
SL050,34111010046,109,0,0,1,98,0,0,0,207,0,0,1,208
SL050,34111010047,534,0,5,13,538,0,10,10,1072,15,0,23,1110
SL050,34111010048,102,0,6,5,112,0,1,4,214,7,0,9,230
SL050,34111010049,2180,0,19,18,2220,1,26,36,4400,45,1,54,4500
SL050,34111010050,545,1,4,21,535,0,7,11,1080,11,1,32,1124
SL050,34111010051,191,0,3,0,186,0,5,1,377,8,0,1,386
SL050,34111010052,77,0,2,2,78,0,2,2,155,4,0,4,163
SL050,34111010053,164,0,0,0,137,0,0,0,301,0,0,0,301
SL050,34111010054,281,0,0,4,291,0,1,4,572,1,0,8,581
SL050,34111010055,413,0,6,1,384,1,8,2,797,14,1,3,815
SL050,34111010056,287,0,5,1,283,0,6,3,570,11,0,4,585
SL050,34111010057,85,0,0,0,55,0,0,0,140,0,0,0,140
SL050,34111010058,576,17,30,92,555,14,28,69,1131,58,31,161,1381
SL050,34111010059,181,0,1,0,193,0,0,0,374,1,0,0,375
SL050,34111010060,510,3,10,19,475,4,11,21,985,21,7,40,1053
SL050,34111010061,943,0,3,4,891,0,8,5,1834,11,0,9,1854
SL050,34111010062,229,0,2,5,206,0,5,2,435,7,0,7,449
SL050,34111010063,83,0,0,1,86,0,0,0,169,0,0,1,170
SL050,34111010064,810,0,19,9,769,1,30,12,1579,49,1,21,1650
SL050,34111010065,102,0,2,1,78,0,4,3,180,6,0,4,190
SL050,34111010066,103,1,2,3,71,0,2,3,174,4,1,6,185
SL050,34111010067,5930,10,92,132,6067,19,138,143,11997,230,29,275,12531
SL050,34111010068,415,0,1,26,379,3,6,16,794,7,3,42,846
SL050,34111010069,427,0,3,5,424,0,1,4,851,4,0,9,864
SL050,34111010070,349,0,10,5,348,0,10,6,697,20,0,11,728
SL050,34111010071,71,0,0,0,47,0,2,0,118,2,0,0,120
SL050,34111010072,450,0,14,2,423,0,23,3,873,37,0,5,915
SL050,34111010073,443,0,1,1,400,0,2,2,843,3,0,3,849
SL050,34111010075,140,0,8,2,114,0,6,5,254,14,0,7,275
SL050,34111010076,450,3,10,15,453,1,6,15,903,16,4,30,953
SL050,34111010077,369,0,3,3,338,1,3,8,707,6,1,11,725
SL050,34111010078,214,0,0,0,175,0,0,3,389,0,0,3,392
SL050,34111010079,505,0,4,9,451,2,3,10,956,7,2,19,984
SL050,34111010080,204,0,1,3,192,0,1,2,396,2,0,5,403
SL050,34111010081,71,0,0,0,57,0,0,0,128,0,0,0,128
SL050,34111010082,1019,0,0,1,1024,0,3,7,2043,3,0,8,2054
SL050,34111010083,50,0,0,2,43,0,1,2,93,1,0,4,98
SL050,34111010084,737,0,18,19,697,0,7,15,1434,25,0,34,1493
SL050,34111010085,182,1,3,0,167,0,5,5,349,8,1,5,363
SL050,34111010086,174,0,0,1,159,0,1,0,333,1,0,1,335
SL050,34111010087,894,2,18,17,895,1,26,34,1789,44,3,51,1887
SL050,34111010088,107,0,0,0,93,0,2,2,200,2,0,2,204
SL050,34111010089,764,0,4,2,751,3,3,2,1515,7,3,4,1529
SL050,34111010090,274,0,4,3,247,0,3,5,521,7,0,8,536
SL050,34111010091,200,0,2,1,182,0,2,0,382,4,0,1,387
SL050,34111010092,152,0,1,2,138,0,0,6,290,1,0,8,299
SL050,34111010093,223,0,2,3,222,0,3,4,445,5,0,7,457
SL050,34111010094,127,0,2,2,116,0,5,3,243,7,0,5,255
SL050,34111010095,176,0,0,0,165,0,1,0,341,1,0,0,342
SL050,34111010096,1919,5,26,42,1947,3,55,55,3866,81,8,97,4052
SL050,34111010097,60,0,0,2,38,1,0,1,98,0,1,3,102
SL050,34111010098,205,0,0,1,188,0,0,2,393,0,0,3,396
SL050,34111010099,315,0,6,1,318,0,4,3,633,10,0,4,647
SL050,34111010100,428,0,6,10,446,0,8,8,874,14,0,18,906
SL050,34111010101,106,0,1,1,105,0,3,0,211,4,0,1,216
SL050,34111010102,273,0,1,2,284,0,4,0,557,5,0,2,564
SL050,34111010103,235,0,1,6,239,0,3,5,474,4,0,11,489
SL050,34111010104,2809,61,83,279,2916,46,72,211,5725,155,107,490,6477
SL050,34111010105,1364,9,20,36,1365,2,36,36,2729,56,11,72,2868
SL050,34111010106,73,0,0,0,65,0,1,2,138,1,0,2,141
SL050,34111010107,602,5,7,22,590,3,4,33,1192,11,8,55,1266
SL050,34111010108,105,0,1,0,94,0,1,0,199,2,0,0,201
SL050,34111010109,991,2,9,6,975,0,16,8,1966,25,2,14,2007
SL050,34111010110,1279,4,42,95,1219,5,35,70,2498,77,9,165,2749
SL050,34111010111,753,5,12,66,669,9,17,64,1422,29,14,130,1595
SL050,34111010112,858,1,4,12,847,3,15,19,1705,19,4,31,1759
SL050,34111010113,1264,2,13,11,1266,2,21,16,2530,34,4,27,2595
SL050,34111010114,534,21,21,89,555,24,20,64,1089,41,45,153,1328
SL050,34111010115,2033,0,24,32,2017,1,20,29,4050,44,1,61,4156
SL050,34111010116,2190,6,31,48,2240,1,35,51,4430,66,7,99,4602
SL050,34111010117,104,0,0,8,99,1,0,5,203,0,1,13,217
SL050,34111010118,158,0,1,0,150,0,0,0,308,1,0,0,309
SL050,34111010119,309,0,3,2,317,0,1,2,626,4,0,4,634
SL050,34111010120,87,0,2,1,77,0,5,3,164,7,0,4,175
SL050,34111010121,4695,3,50,70,4690,4,82,91,9385,132,7,161,9685
SL050,34111010122,120,0,4,4,116,0,5,7,236,9,0,11,256
SL050,34111010123,317,0,2,8,315,0,4,7,632,6,0,15,653
SL050,34111010124,408,0,2,2,412,0,0,3,820,2,0,5,827
SL050,34111010125,493,0,1,3,460,0,7,5,953,8,0,8,969
SL050,34111010126,845,1,8,21,822,2,8,25,1667,16,3,46,1732
SL050,34111010127,2857,11,16,34,2745,3,32,33,5602,48,14,67,5731
SL050,34111010128,3262,8,54,60,3245,6,83,74,6507,137,14,134,6792
SL050,34111010129,175,0,1,0,197,0,5,0,372,6,0,0,378
SL050,34111010130,972,2,5,29,954,4,7,30,1926,12,6,59,2003
SL050,34111010131,7207,76,356,635,7735,85,415,661,14942,771,161,1296,17170
SL050,34111010132,200,0,0,7,202,0,1,6,402,1,0,13,416
SL050,34111010133,668,0,1,0,664,0,1,2,1332,2,0,2,1336
SL050,34111010134,322,0,7,1,304,0,6,6,626,13,0,7,646
SL050,34111010135,688,0,3,0,610,0,6,4,1298,9,0,4,1311
SL050,34111010136,174,0,3,1,128,0,1,3,302,4,0,4,310
SL050,34111010137,214,0,0,6,188,0,1,2,402,1,0,8,411
SL050,34111010138,292,0,6,11,308,2,7,15,600,13,2,26,641
SL050,34111010139,47,0,0,0,38,0,0,0,85,0,0,0,85
SL050,34111010140,640,9,19,40,634,3,16,29,1274,35,12,69,1390
SL050,34111010141,141,0,1,1,132,0,2,0,273,3,0,1,277
SL050,34111010142,470,0,3,10,440,1,9,8,910,12,1,18,941
SL050,34111010143,65,0,0,1,85,0,0,0,150,0,0,1,151
SL050,34111010144,541,0,2,11,503,0,1,7,1044,3,0,18,1065
SL050,34111010145,64,0,0,6,70,2,2,5,134,2,2,11,149
SL050,34111010146,896,0,5,27,796,0,4,20,1692,9,0,47,1748
SL050,34111010147,742,2,2,25,732,2,4,21,1474,6,4,46,1530
SL050,34111010148,18691,36,284,410,19843,33,431,413,38534,715,69,823,40141
SL050,34111010149,231,0,3,10,228,1,2,12,459,5,1,22,487
SL050,34111010150,187,0,0,0,172,0,1,2,359,1,0,2,362
SL050,34111010151,109,0,1,8,106,0,0,1,215,1,0,9,225
SL050,34111010152,233,0,2,2,228,2,3,1,461,5,2,3,471
SL050,34111010153,166,0,0,2,153,0,2,0,319,2,0,2,323
SL050,34111010154,102,0,0,5,97,1,1,7,199,1,1,12,213
SL050,34111010155,640,0,4,5,590,0,5,4,1230,9,0,9,1248
SL050,34111010156,49,0,0,0,42,0,0,0,91,0,0,0,91
SL050,34111010157,138,0,3,2,125,0,3,1,263,6,0,3,272
SL050,34111010158,183,0,1,2,180,0,1,2,363,2,0,4,369
SL050,34111010159,165,1,5,3,135,0,5,1,300,10,1,4,315
SL050,34111010160,123,0,3,1,128,0,1,3,251,4,0,4,259
SL050,34111010161,36,0,0,0,29,0,0,0,65,0,0,0,65
SL050,34111010162,298,0,0,4,276,0,0,3,574,0,0,7,581
SL050,34111010163,160,0,2,3,155,0,1,2,315,3,0,5,323
SL050,34111010164,366,0,18,4,378,0,18,4,744,36,0,8,788
SL050,34111010165,133,0,2,1,110,0,1,2,243,3,0,3,249
SL050,34111010166,155,0,3,3,160,0,2,1,315,5,0,4,324
SL050,34111010167,174,0,0,0,140,0,1,0,314,1,0,0,315
SL050,34111010168,136,0,0,2,130,1,1,1,266,1,1,3,271
SL050,34111010169,255,0,0,1,263,0,2,1,518,2,0,2,522
SL050,34111010170,129,1,1,1,125,1,0,1,254,1,2,2,259
SL050,34111010171,197,0,7,1,170,0,7,0,367,14,0,1,382
SL050,34111010172,392,0,0,0,369,0,2,0,761,2,0,0,763
SL050,34111010173,346,19,7,80,313,13,16,64,659,23,32,144,858
SL050,34111010174,91,0,0,0,93,0,1,2,184,1,0,2,187
SL050,34111010175,780,0,1,9,753,0,5,20,1533,6,0,29,1568
SL050,34111010176,204,1,7,8,186,1,3,10,390,10,2,18,420
SL050,34111010177,1000,0,7,8,954,0,16,11,1954,23,0,19,1996
SL050,34111010178,432,0,0,0,399,0,1,0,831,1,0,0,832
SL050,34111010179,151,1,5,6,130,1,7,5,281,12,2,11,306
SL050,34111010180,2549,170,180,1069,2500,156,110,611,5049,290,326,1680,7345
SL050,34111010181,421,0,2,7,360,0,3,13,781,5,0,20,806
SL050,34111010182,94,0,3,7,52,0,4,4,146,7,0,11,164
SL050,34111010183,581,0,0,27,505,1,6,23,1086,6,1,50,1143
SL050,34111010184,428,1,2,32,392,0,4,25,820,6,1,57,884
SL050,34111010185,306,2,6,16,278,3,2,9,584,8,5,25,622
SL050,34111010186,531,0,4,8,518,0,3,7,1049,7,0,15,1071
SL050,34111010187,243,0,1,2,209,0,3,3,452,4,0,5,461
SL050,34111010188,263,0,2,2,260,0,4,1,523,6,0,3,532
SL050,34111010189,1438,0,7,6,1499,0,13,12,2937,20,0,18,2975
SL050,34111010190,280,0,2,4,283,0,0,2,563,2,0,6,571
SL050,34111010191,311,1,6,6,267,2,11,6,578,17,3,12,610
SL050,34111010192,401,0,10,9,402,1,5,12,803,15,1,21,840
SL050,34111010193,796,3,8,9,833,0,15,13,1629,23,3,22,1677
SL050,34111010194,257,0,12,3,293,0,5,0,550,17,0,3,570
SL050,34111010195,4315,1,48,113,4497,1,63,155,8812,111,2,268,9193
SL050,34111010196,161,0,5,9,150,0,4,5,311,9,0,14,334
SL050,34111010197,54,0,1,0,40,1,2,1,94,3,1,1,99
SL050,34111010198,595,0,6,4,611,0,10,4,1206,16,0,8,1230
SL050,34111010199,92,0,2,2,77,2,0,3,169,2,2,5,178
SL050,34111010200,178,0,6,4,171,0,2,0,349,8,0,4,361
SL050,34111010201,96,0,0,1,99,0,0,1,195,0,0,2,197
SL050,34111010202,321,0,1,0,338,0,1,3,659,2,0,3,664
SL050,34111010203,2443,5,63,151,2579,7,63,128,5022,126,12,279,5439
SL050,34111010204,211,0,11,11,210,0,8,9,421,19,0,20,460
SL050,34111010205,1109,1,42,31,1069,0,67,30,2178,109,1,61,2349
SL050,34111010206,117,0,2,3,104,1,4,2,221,6,1,5,233
SL050,34111010207,236,0,0,3,260,0,2,1,496,2,0,4,502
SL050,34111010208,69,0,0,0,66,0,0,1,135,0,0,1,136
SL050,34111010209,132,0,2,1,122,0,2,1,254,4,0,2,260
SL050,34111010210,211,0,3,0,210,0,2,0,421,5,0,0,426
SL050,34111010211,217,0,0,0,213,0,2,1,430,2,0,1,433
SL050,34111010212,940,7,22,58,944,1,31,43,1884,53,8,101,2046
SL050,34111010213,301,0,3,13,279,1,2,19,580,5,1,32,618
SL050,34111010214,123,0,1,1,107,0,1,1,230,2,0,2,234
SL050,34111010215,166,0,3,1,169,0,1,1,335,4,0,2,341
SL050,34111010216,894,0,13,10,873,1,12,20,1767,25,1,30,1823
SL050,34111010217,269,0,3,3,267,0,7,1,536,10,0,4,550
SL050,34111010218,605,0,11,13,599,0,18,12,1204,29,0,25,1258
SL050,34111010219,677,3,8,9,648,2,15,15,1325,23,5,24,1377
SL050,34111010901,640,5,8,62,599,11,5,32,1239,13,16,94,1362
SL050,34111010902,440,0,3,3,413,0,5,4,853,8,0,7,868
SL050,34111010903,462,1,1,3,463,0,2,2,925,3,1,5,934
SL050,34111010904,452,3,8,22,408,1,6,21,860,14,4,43,921
SL050,34111010905,354,13,13,37,359,6,6,26,713,19,19,63,814
SL050,34011111001,2665,1,13,22,2491,3,18,29,5156,31,4,51,5242
SL050,34011111002,2526,1,28,17,2493,1,33,24,5019,61,2,41,5123
SL050,34011111003,728,0,0,2,669,0,7,7,1397,7,0,9,1413
SL050,34011111004,52964,586,2302,4000,54740,633,2549,3640,107704,4851,1219,7640,121414
SL050,34011111005,2733,1,52,56,2630,3,56,59,5363,108,4,115,5590
SL050,34011111006,14955,18,150,223,14980,12,170,233,29935,320,30,456,30741
SL050,34011111007,10869,31,145,260,10793,34,149,270,21662,294,65,530,22551
SL050,34011111008,11039,38,311,357,11034,31,323,380,22073,634,69,737,23513
SL050,34011111009,349,0,4,11,302,0,4,10,651,8,0,21,680
SL050,34011111010,3828,0,22,32,3789,1,29,49,7617,51,1,81,7750
SL050,34011111011,1075,0,12,10,1034,0,18,18,2109,30,0,28,2167
SL050,34011111012,53655,68,795,856,59544,73,1013,975,113199,1808,141,1831,116979
SL050,34011111013,1410,5,30,61,1407,8,22,70,2817,52,13,131,3013
SL050,34011111014,10588,44,159,513,10317,41,225,540,20905,384,85,1053,22427
SL050,34011111015,39771,110,663,1424,39430,101,836,1496,79201,1499,211,2920,83831
SL050,34011111016,9240,20,99,205,9129,16,140,219,18369,239,36,424,19068
SL050,34011111017,1936,2,14,12,1919,0,7,13,3855,21,2,25,3903
SL050,34011111018,853,1,19,19,791,0,19,24,1644,38,1,43,1726
SL050,34011111019,1003,0,8,7,1013,0,10,12,2016,18,0,19,2053
SL050,34011111020,100144,200,1435,2305,104127,184,1977,2507,204271,3412,384,4812,212879
SL050,34011111021,4151,71,63,760,3882,50,90,706,8033,153,121,1466,9773
SL050,34011111022,27679,106,1039,2071,28895,112,1223,1815,56574,2262,218,3886,62940
SL050,34011111023,5810,4,39,81,5603,9,34,78,11413,73,13,159,11658
SL050,34011111024,3853,3,55,72,3976,4,49,112,7829,104,7,184,8124
SL050,34011111025,2818,1,17,20,2644,1,15,14,5462,32,2,34,5530
SL050,34011111026,2780,0,17,18,2773,2,25,21,5553,42,2,39,5636
SL050,34011111027,41082,116,883,1245,42311,100,1187,1440,83393,2070,216,2685,88364
SL050,34011111028,20095,44,232,551,19986,29,289,424,40081,521,73,975,41650
SL050,34011111029,3509,2,13,13,3391,3,17,48,6900,30,5,61,6996
SL050,34011111030,13539,27,330,507,13562,22,380,481,27101,710,49,988,28848
SL050,34011111031,45495,48,598,461,47307,52,714,499,92802,1312,100,960,95174
SL050,34011111032,33153,34,294,387,33385,35,350,399,66538,644,69,786,68037
SL050,34011111033,12957,138,543,1571,12849,135,594,1685,25806,1137,273,3256,30472
SL050,34011111034,1371,0,24,6,1285,0,33,13,2656,57,0,19,2732
SL050,34011111035,8150,66,178,757,8066,51,182,719,16216,360,117,1476,18169
SL050,34011111036,401,0,0,0,396,0,3,4,797,3,0,4,804
SL050,34011111037,3409,8,44,61,3423,7,43,59,6832,87,15,120,7054
SL050,34011111038,8068,5,65,69,8236,6,78,88,16304,143,11,157,16615
SL050,34011111039,6075,26,38,210,6063,21,63,243,12138,101,47,453,12739
SL050,34011111040,228,0,0,1,208,0,1,0,436,1,0,1,438
SL050,34011111041,5976,2,43,57,5909,6,61,73,11885,104,8,130,12127
SL050,34011111042,694,0,13,6,662,1,15,9,1356,28,1,15,1400
SL050,34011111901,3472,0,27,47,3346,4,33,40,6818,60,4,87,6969
SL050,34011111902,2237,0,11,7,2108,2,20,17,4345,31,2,24,4402
SL050,34101212001,598,10,1,34,553,12,2,61,1151,3,22,95,1271
SL050,34101212002,64,0,0,2,53,0,2,4,117,2,0,6,125
SL050,34101212003,531,16,4,64,526,19,8,66,1057,12,35,130,1234
SL050,34101212004,2331,146,99,864,2303,117,72,747,4634,171,263,1611,6679
SL050,34101212005,4823,70,110,259,4712,61,86,309,9535,196,131,568,10430
SL050,34101212006,102,1,3,2,89,0,2,2,191,5,1,4,201
SL050,34101212007,422,0,5,11,410,0,4,10,832,9,0,21,862
SL050,34101212008,134,0,4,8,96,0,3,14,230,7,0,22,259
SL050,34101212009,10797,275,371,1541,10559,245,420,1623,21356,791,520,3164,25831
SL050,34101212010,140,0,0,1,110,0,3,2,250,3,0,3,256
SL050,34101212011,2696,20,64,178,2669,13,65,195,5365,129,33,373,5900
SL050,34101212012,1586,35,26,144,1520,31,25,142,3106,51,66,286,3509
SL050,34101212013,69,1,0,2,66,0,1,7,135,1,1,9,146
SL050,34101212014,106,0,0,1,80,0,1,2,186,1,0,3,190
SL050,34101212015,65,0,1,3,41,0,0,3,106,1,0,6,113
SL050,34101212016,935,6,12,39,906,7,7,46,1841,19,13,85,1958
SL050,34101212017,88,0,0,0,72,0,1,3,160,1,0,3,164
SL050,34101212018,166,0,4,2,145,0,1,6,311,5,0,8,324
SL050,34101212020,82,1,1,9,67,1,1,7,149,2,2,16,169
SL050,34101212021,2574,21,27,193,2631,20,39,204,5205,66,41,397,5709
SL050,34101212022,207,1,1,5,149,1,3,6,356,4,2,11,373
SL050,34101212024,81,0,0,1,71,0,2,1,152,2,0,2,156
SL050,34101212025,77,0,0,7,59,0,1,5,136,1,0,12,149
SL050,34101212026,487,15,6,52,471,6,4,43,958,10,21,95,1084
SL050,34101212027,9791,491,589,2455,10106,480,622,2210,19897,1211,971,4665,26744
SL050,34101212028,7492,139,361,1023,7340,140,423,1137,14832,784,279,2160,18055
SL050,34101212029,396,21,6,101,392,16,6,98,788,12,37,199,1036
SL050,34101212031,2391,31,103,171,2321,27,79,199,4712,182,58,370,5322
SL050,34101212032,13683,405,638,2395,14245,367,573,2238,27928,1211,772,4633,34544
SL050,34101212033,1101,39,50,278,1090,38,46,247,2191,96,77,525,2889
SL050,34101212034,826,8,18,143,792,4,18,136,1618,36,12,279,1945
SL050,34101212036,308,2,0,28,324,5,5,24,632,5,7,52,696
SL050,34101212037,10,0,0,0,9,0,0,0,19,0,0,0,19
SL050,34101212038,104,0,0,0,86,0,1,1,190,1,0,1,192
SL050,34101212039,457,2,3,17,450,0,5,12,907,8,2,29,946
SL050,34101212040,66908,1890,2888,11009,71112,1692,3383,12006,138020,6271,3582,23015,170888
SL050,34101212041,65,0,0,1,33,0,1,1,98,1,0,2,101
SL050,34101212042,331,5,1,33,334,4,4,30,665,5,9,63,742
SL050,34101212043,315,1,8,10,284,0,12,17,599,20,1,27,647
SL050,34101212044,239,0,6,47,252,1,8,46,491,14,1,93,599
SL050,34101212045,186,0,1,6,189,3,0,14,375,1,3,20,399
SL050,34101212046,102,0,2,9,84,0,1,8,186,3,0,17,206
SL050,34101212048,159,0,2,12,129,0,1,14,288,3,0,26,317
SL050,34101212049,255,1,3,13,228,0,2,9,483,5,1,22,511
SL050,34101212050,692,33,21,168,711,45,15,137,1403,36,78,305,1822
SL050,34101212051,253,0,1,7,231,2,0,10,484,1,2,17,504
SL050,34101212052,287,6,4,47,329,5,3,44,616,7,11,91,725
SL050,34101212053,1232,8,39,98,1123,8,46,116,2355,85,16,214,2670
SL050,34101212055,65,0,0,1,45,0,1,1,110,1,0,2,113
SL050,34101212056,150,0,1,4,140,0,0,2,290,1,0,6,297
SL050,34101212057,344,9,12,32,331,6,10,32,675,22,15,64,776
SL050,34101212058,40,0,1,0,28,0,1,2,68,2,0,2,72
SL050,34101212059,133,1,2,3,124,0,3,10,257,5,1,13,276
SL050,34101212060,253,2,3,8,244,1,5,9,497,8,3,17,525
SL050,34101212061,201,4,1,17,211,1,4,14,412,5,5,31,453
SL050,34101212063,24,0,1,2,19,0,1,2,43,2,0,4,49
SL050,34101212064,51,0,1,1,37,0,0,4,88,1,0,5,94
SL050,34101212065,101,0,1,1,84,0,4,2,185,5,0,3,193
SL050,34101212067,290,6,5,13,299,1,7,12,589,12,7,25,633
SL050,34101212068,26,0,0,1,22,0,0,0,48,0,0,1,49
SL050,34101212069,32,0,1,4,25,0,0,0,57,1,0,4,62
SL050,34101212070,279,11,8,36,274,12,6,40,553,14,23,76,666
SL050,34101212071,749,6,13,35,678,8,14,50,1427,27,14,85,1553
SL050,34101212072,617,2,11,34,608,3,9,35,1225,20,5,69,1319
SL050,34101212073,81,1,1,3,65,0,0,4,146,1,1,7,155
SL050,34101212074,448,3,2,14,443,3,7,20,891,9,6,34,940
SL050,34101212075,68,1,2,14,61,2,0,14,129,2,3,28,162
SL050,34101212076,42,0,1,0,38,0,0,3,80,1,0,3,84
SL050,34101212077,2805,54,95,303,2555,34,79,353,5360,174,88,656,6278
SL050,34101212078,168,0,1,3,182,0,3,2,350,4,0,5,359
SL050,34101212079,229,4,4,49,199,6,5,52,428,9,10,101,548
SL050,34101212080,1061,16,9,111,1106,12,3,119,2167,12,28,230,2437
SL050,34101212081,348,0,12,13,321,0,7,11,669,19,0,24,712
SL050,34101212082,5671,124,174,615,5744,122,145,575,11415,319,246,1190,13170
SL050,34101212083,56,1,0,8,44,1,0,7,100,0,2,15,117
SL050,34101212084,10655,253,372,1184,10600,218,289,1279,21255,661,471,2463,24850
SL050,34101212085,2861,224,228,1231,2579,205,240,1262,5440,468,429,2493,8830
SL050,34101212087,17,0,0,0,14,0,0,0,31,0,0,0,31
SL050,34101212088,39,0,0,0,23,0,0,0,62,0,0,0,62
SL050,34101212089,2550,116,151,930,2500,111,167,922,5050,318,227,1852,7447
SL050,34101212090,58,0,0,1,51,2,1,1,109,1,2,2,114
SL050,34101212091,95,0,0,2,94,0,1,5,189,1,0,7,197
SL050,34101212092,70,2,0,5,63,1,0,3,133,0,3,8,144
SL050,34101212093,97,0,5,8,80,1,1,5,177,6,1,13,197
SL050,34101212094,554,9,24,41,523,3,13,41,1077,37,12,82,1208
SL050,34101212095,562,5,13,25,543,2,11,19,1105,24,7,44,1180
SL050,34101212096,451,4,2,43,407,2,3,40,858,5,6,83,952
SL050,34101212097,39,0,0,0,19,0,1,0,58,1,0,0,59
SL050,34101212098,310,17,2,37,307,12,6,38,617,8,29,75,729
SL050,34101212099,343,5,12,126,290,5,18,136,633,30,10,262,935
SL050,34101212100,736,40,20,177,771,50,15,165,1507,35,90,342,1974
SL050,34101212101,206,3,2,19,204,2,2,24,410,4,5,43,462
SL050,34101212102,326,8,7,66,275,7,5,67,601,12,15,133,761
SL050,34101212103,48,0,0,1,44,0,6,2,92,6,0,3,101
SL050,34101212104,3878,47,110,316,4027,45,138,317,7905,248,92,633,8878
SL050,34101212105,492,7,5,38,433,3,2,43,925,7,10,81,1023
SL050,34101212106,657,5,13,27,680,6,14,37,1337,27,11,64,1439
SL050,34101212107,208,0,5,7,193,0,9,6,401,14,0,13,428
SL050,34101212108,258,0,2,10,239,1,2,8,497,4,1,18,520
SL050,34101212109,394,1,2,11,387,1,4,14,781,6,2,25,814
SL050,34101212110,127,1,1,2,115,0,1,2,242,2,1,4,249
SL050,34101212111,192,2,0,26,185,4,1,25,377,1,6,51,435
SL050,34101212112,64,2,1,14,45,2,1,9,109,2,4,23,138
SL050,34101212113,52,0,0,2,40,2,2,2,92,2,2,4,100
SL050,34101212114,111,1,2,6,101,0,1,7,212,3,1,13,229
SL050,34101212115,126,0,1,11,98,1,5,11,224,6,1,22,253
SL050,34101212116,26,0,0,0,28,0,0,0,54,0,0,0,54
SL050,34101212117,2027,97,45,585,2021,82,48,556,4048,93,179,1141,5461
SL050,34101212118,44,0,1,0,29,0,0,0,73,1,0,0,74
SL050,34101212119,81,0,0,6,69,0,0,1,150,0,0,7,157
SL050,34101212120,84,0,5,7,78,1,4,12,162,9,1,19,191
SL050,34101212121,605,17,9,61,599,12,7,65,1204,16,29,126,1375
SL050,34101212122,446,2,3,52,401,2,8,52,847,11,4,104,966
SL050,34101212123,21,0,0,2,25,0,0,1,46,0,0,3,49
SL050,34101212124,1124,47,16,284,1041,32,19,254,2165,35,79,538,2817
SL050,34101212125,126,0,2,12,123,1,2,15,249,4,1,27,281
SL050,34101212126,14178,151,325,923,14507,151,342,975,28685,667,302,1898,31552
SL050,34101212127,42,0,0,0,31,0,1,1,73,1,0,1,75
SL050,34101212128,891,8,6,77,746,9,18,78,1637,24,17,155,1833
SL050,34101212129,1030,12,6,54,1026,11,12,76,2056,18,23,130,2227
SL050,34101212130,239,0,1,12,188,1,3,18,427,4,1,30,462
SL050,34101212131,37,0,1,0,25,0,0,0,62,1,0,0,63
SL050,34101212132,261,1,7,29,248,1,6,22,509,13,2,51,575
SL050,34101212133,33,0,1,0,31,0,0,1,64,1,0,1,66
SL050,34101212134,85,0,0,5,80,0,0,2,165,0,0,7,172
SL050,34101212135,21469,481,688,2487,21754,463,677,2558,43223,1365,944,5045,50577
SL050,34101212136,1569,3,12,27,1557,2,17,39,3126,29,5,66,3226
SL050,34101212137,23,0,0,0,19,0,0,0,42,0,0,0,42
SL050,34101212138,10893,375,520,2223,11181,332,653,2261,22074,1173,707,4484,28438
SL050,34101212139,180,1,1,8,142,1,0,9,322,1,2,17,342
SL050,34101212140,680,18,9,89,621,16,23,82,1301,32,34,171,1538
SL050,34101212141,57,0,0,1,52,0,1,1,109,1,0,2,112
SL050,34101212142,90,1,0,6,66,3,0,6,156,0,4,12,172
SL050,34101212901,2014,35,39,132,2015,24,48,153,4029,87,59,285,4460
SL050,34101212902,1369,29,74,146,1240,31,62,148,2609,136,60,294,3099
SL050,34081313001,688,2,2,23,650,1,8,21,1338,10,3,44,1395
SL050,34081313002,827,0,4,15,804,0,6,31,1631,10,0,46,1687
SL050,34081313003,255,1,3,1,241,0,4,2,496,7,1,3,507
SL050,34081313004,580,0,4,31,538,0,2,30,1118,6,0,61,1185
SL050,34081313005,13547,132,344,959,14151,152,451,950,27698,795,284,1909,30686
SL050,34081313006,290,1,0,11,285,4,3,8,575,3,5,19,602
SL050,34081313007,728,0,2,9,699,0,4,13,1427,6,0,22,1455
SL050,34081313008,235,0,3,9,230,0,3,5,465,6,0,14,485
SL050,34081313009,796,2,4,42,776,2,4,34,1572,8,4,76,1660
SL050,34081313010,500,0,2,4,481,0,4,9,981,6,0,13,1000
SL050,34081313011,2551,1,10,52,2781,0,12,54,5332,22,1,106,5461
SL050,34081313012,218,0,0,0,194,0,1,4,412,1,0,4,417
SL050,34081313013,4147,22,58,161,4290,34,64,146,8437,122,56,307,8922
SL050,34081313014,268,1,0,8,239,1,3,6,507,3,2,14,526
SL050,34081313015,3000,14,19,51,2971,5,31,48,5971,50,19,99,6139
SL050,34081313016,371,2,6,15,387,0,7,11,758,13,2,26,799
SL050,34081313017,138,7,2,17,131,9,3,20,269,5,16,37,327
SL050,34081313018,480,9,7,40,457,4,10,36,937,17,13,76,1043
SL050,34081313019,3023,55,15,373,3023,58,36,318,6046,51,113,691,6901
SL050,34081313020,2881,9,31,79,2813,7,30,71,5694,61,16,150,5921
SL050,34081313021,238,0,1,3,199,0,4,4,437,5,0,7,449
SL050,34081313022,192,0,0,1,191,0,0,3,383,0,0,4,387
SL050,34081313023,5321,57,162,493,5254,53,181,363,10575,343,110,856,11884
SL050,34081313024,511,1,4,4,470,0,4,6,981,8,1,10,1000
SL050,34081313025,164,0,0,4,137,0,1,5,301,1,0,9,311
SL050,34081313026,248,2,0,5,223,2,0,7,471,0,4,12,487
SL050,34081313027,1816,5,9,62,1844,5,14,47,3660,23,10,109,3802
SL050,34081313028,6099,114,49,518,6174,111,46,486,12273,95,225,1004,13597
SL050,34081313029,53,1,0,2,34,1,0,1,87,0,2,3,92
SL050,34081313030,76,3,0,4,53,0,1,2,129,1,3,6,139
SL050,34081313031,1488,3,18,35,1462,4,22,48,2950,40,7,83,3080
SL050,34081313032,624,0,1,2,594,0,3,1,1218,4,0,3,1225
SL050,34081313033,907,4,4,50,904,4,5,40,1811,9,8,90,1918
SL050,34081313034,33114,124,785,1398,36423,147,1095,1657,69537,1880,271,3055,74743
SL050,34081313035,534,3,3,14,552,1,3,19,1086,6,4,33,1129
SL050,34081313036,460,1,1,6,404,0,1,9,864,2,1,15,882
SL050,34081313037,437,0,4,42,453,1,8,28,890,12,1,70,973
SL050,34081313038,875,0,3,10,928,1,5,9,1803,8,1,19,1831
SL050,34081313039,8378,62,108,456,8489,61,104,393,16867,212,123,849,18051
SL050,34081313040,491,0,9,4,501,0,6,11,992,15,0,15,1022
SL050,34081313041,138,1,0,3,112,3,2,2,250,2,4,5,261
SL050,34081313042,541,0,2,3,477,0,1,7,1018,3,0,10,1031
SL050,34081313043,108,0,2,2,100,0,4,1,208,6,0,3,217
SL050,34081313044,1534,18,28,97,1462,11,20,83,2996,48,29,180,3253
SL050,34081313045,338,0,3,18,359,0,4,9,697,7,0,27,731
SL050,34081313046,359,0,0,3,364,1,0,4,723,0,1,7,731
SL050,34081313047,3535,110,54,604,3457,87,65,513,6992,119,197,1117,8425
SL050,34081313048,267,0,2,2,261,0,0,0,528,2,0,2,532
SL050,34081313049,439,2,3,13,417,2,7,20,856,10,4,33,903
SL050,34081313050,257,5,2,18,258,4,5,20,515,7,9,38,569
SL050,34081313051,198,0,1,3,166,0,3,3,364,4,0,6,374
SL050,34081313052,3680,35,26,280,3740,44,41,283,7420,67,79,563,8129
SL050,34081313053,8323,57,129,421,8499,57,147,410,16822,276,114,831,18043
SL050,34081313054,2934,5,4,85,2904,7,14,63,5838,18,12,148,6016
SL050,34081313055,340,0,1,5,336,1,2,3,676,3,1,8,688
SL050,34081313056,7354,26,127,198,7207,26,151,227,14561,278,52,425,15316
SL050,34081313057,666,6,2,27,598,5,2,24,1264,4,11,51,1330
SL050,34081313058,2431,27,40,174,2418,22,28,139,4849,68,49,313,5279
SL050,34081313059,109,0,1,3,95,0,3,8,204,4,0,11,219
SL050,34081313060,121,0,0,2,100,0,0,0,221,0,0,2,223
SL050,34081313061,3326,39,35,307,3300,39,40,299,6626,75,78,606,7385
SL050,34081313062,333,1,4,2,305,0,8,1,638,12,1,3,654
SL050,34081313063,2184,7,24,56,2096,11,20,61,4280,44,18,117,4459
SL050,34081313064,1232,3,32,53,1154,6,35,56,2386,67,9,109,2571
SL050,34081313065,1677,14,7,127,1593,12,14,127,3270,21,26,254,3571
SL050,34081313066,1602,11,26,121,1551,13,37,82,3153,63,24,203,3443
SL050,34081313067,180,0,2,16,159,0,1,12,339,3,0,28,370
SL050,34081313068,650,0,3,5,535,2,0,5,1185,3,2,10,1200
SL050,34081313069,348,0,2,7,337,0,2,5,685,4,0,12,701
SL050,34081313070,440,3,10,10,448,6,6,14,888,16,9,24,937
SL050,34081313071,22210,76,303,576,23522,62,441,691,45732,744,138,1267,47881
SL050,34081313072,464,12,3,60,377,14,9,39,841,12,26,99,978
SL050,34081313073,302,0,1,4,265,0,2,3,567,3,0,7,577
SL050,34081313074,571,0,6,4,543,0,1,3,1114,7,0,7,1128
SL050,34081313075,114,0,0,0,98,0,0,1,212,0,0,1,213
SL050,34081313076,253,0,0,1,260,0,2,7,513,2,0,8,523
SL050,34081313077,1964,10,15,71,1991,13,21,69,3955,36,23,140,4154
SL050,34081313078,5290,72,175,647,5335,91,129,529,10625,304,163,1176,12268
SL050,34081313079,7449,39,74,270,7350,44,73,224,14799,147,83,494,15523
SL050,34081313080,175,0,1,0,154,0,0,3,329,1,0,3,333
SL050,34081313081,348,0,1,11,331,0,0,6,679,1,0,17,697
SL050,34081313082,15433,291,335,1808,15768,271,399,1786,31201,734,562,3594,36091
SL050,34081313083,1391,11,25,52,1400,8,19,53,2791,44,19,105,2959
SL050,34081313084,477,0,6,12,507,0,8,8,984,14,0,20,1018
SL050,34081313085,1340,4,14,37,1310,1,14,32,2650,28,5,69,2752
SL050,34081313086,88,0,0,0,81,0,0,0,169,0,0,0,169
SL050,34081313087,13598,99,327,738,14145,79,433,791,27743,760,178,1529,30210
SL050,34081313088,310,2,5,7,358,1,3,6,668,8,3,13,692
SL050,34081313089,869,2,10,14,935,3,9,12,1804,19,5,26,1854
SL050,34081313090,562,1,0,9,599,1,3,5,1161,3,2,14,1180
SL050,34081313091,291,0,0,12,289,0,2,8,580,2,0,20,602
SL050,34081313092,1042,3,4,34,993,2,9,36,2035,13,5,70,2123
SL050,34081313093,2215,24,29,209,2290,26,43,194,4505,72,50,403,5030
SL050,34081313094,158,0,0,1,132,0,0,4,290,0,0,5,295
SL050,34081313095,44,0,0,2,38,0,1,1,82,1,0,3,86
SL050,34081313096,4466,59,27,363,4537,58,46,346,9003,73,117,709,9902
SL050,34081313097,1299,23,11,93,1302,19,10,88,2601,21,42,181,2845
SL050,34081313098,1105,1,6,32,1170,0,9,40,2275,15,1,72,2363
SL050,34081313901,533,9,4,42,472,2,7,42,1005,11,11,84,1111
SL050,34081313902,265,1,2,8,253,0,2,17,518,4,1,25,548
SL050,34081313903,294,2,5,7,274,1,2,10,568,7,3,17,595
SL050,34081313904,293,3,2,56,311,3,4,47,604,6,6,103,719
SL050,34011414001,2100,5,9,41,1974,4,7,45,4074,16,9,86,4185
SL050,34011414002,6582,15,35,106,6546,20,39,95,13128,74,35,201,13438
SL050,34011414003,694,0,12,7,742,2,3,13,1436,15,2,20,1473
SL050,34011414004,1127,6,12,59,1149,7,6,43,2276,18,13,102,2409
SL050,34011414005,3892,10,50,35,3851,3,64,59,7743,114,13,94,7964
SL050,34011414006,743,0,3,8,754,0,7,9,1497,10,0,17,1524
SL050,34011414007,9165,15,48,640,9202,27,43,198,18367,91,42,838,19338
SL050,34011414008,1553,1,2,15,1663,4,16,19,3216,18,5,34,3273
SL050,34011414009,1406,0,14,15,1494,0,23,12,2900,37,0,27,2964
SL050,34011414010,2439,3,17,33,2429,11,13,30,4868,30,14,63,4975
SL050,34011414011,340,0,2,9,323,0,3,4,663,5,0,13,681
SL050,34011414012,3657,4,21,70,3700,5,18,62,7357,39,9,132,7537
SL050,34011414013,9615,30,100,216,9987,18,149,302,19602,249,48,518,20417
SL050,34011414014,1486,2,9,29,1403,2,8,30,2889,17,4,59,2969
SL050,34011414015,1212,0,11,28,1178,0,8,17,2390,19,0,45,2454
SL050,34011414016,732,2,2,8,747,0,2,10,1479,4,2,18,1503
SL050,34011414017,6770,18,81,157,6738,14,88,201,13508,169,32,358,14067
SL050,34011414018,2168,3,12,21,2203,6,21,23,4371,33,9,44,4457
SL050,34011414019,3737,16,39,97,3808,22,32,83,7545,71,38,180,7834
SL050,34011414020,189,0,1,6,194,0,5,6,383,6,0,12,401
SL050,34011414021,150202,344,2620,3251,161167,328,3595,4201,311369,6215,672,7452,325708
SL050,34011414022,2243,1,23,15,2353,0,30,19,4596,53,1,34,4684
SL050,34011414023,1181,0,12,6,1194,0,9,14,2375,21,0,20,2416
SL050,34011414024,1102,2,6,20,1130,1,6,18,2232,12,3,38,2285
SL050,34011414025,1638,2,12,21,1618,0,10,32,3256,22,2,53,3333
SL050,34011414026,1182,2,20,23,1161,5,23,22,2343,43,7,45,2438
SL050,34011414027,4772,2,36,46,4712,3,34,63,9484,70,5,109,9668
SL050,34011414028,180,0,2,1,165,0,1,1,345,3,0,2,350
SL050,34011414029,2362,2,20,14,2194,0,31,28,4556,51,2,42,4651
SL050,34011414030,5252,18,26,129,5200,8,49,135,10452,75,26,264,10817
SL050,34011414031,322,0,0,5,347,0,0,6,669,0,0,11,680
SL050,34011414032,224,0,4,5,209,0,10,4,433,14,0,9,456
SL050,34011414033,782,0,3,3,776,0,7,7,1558,10,0,10,1578
SL050,34011414034,179,0,2,1,165,0,6,0,344,8,0,1,353
SL050,34011414035,3316,3,22,24,3449,2,19,33,6765,41,5,57,6868
SL050,34011414036,2209,4,11,42,2219,2,11,43,4428,22,6,85,4541
SL050,34011414037,1832,10,11,322,1853,8,22,285,3685,33,18,607,4343
SL050,34011414038,20015,104,330,763,20120,83,414,701,40135,744,187,1464,42530
SL050,34011414039,1498,1,2,31,1469,0,7,29,2967,9,1,60,3037
SL050,34011414040,2176,0,14,12,2194,0,18,15,4370,32,0,27,4429
SL050,34011414041,1878,6,11,52,1841,2,21,63,3719,32,8,115,3874
SL050,34011414042,11097,40,75,211,11199,36,120,253,22296,195,76,464,23031
SL050,34011414043,4495,19,11,116,4620,10,29,136,9115,40,29,252,9436
SL050,34011414044,964,1,4,7,971,1,5,11,1935,9,2,18,1964
SL050,34011414045,1841,4,7,18,1824,1,10,21,3665,17,5,39,3726
SL050,34011414046,2712,2,11,8,2620,2,10,28,5332,21,4,36,5393
SL050,34011414047,1008,2,12,21,929,0,5,13,1937,17,2,34,1990
SL050,34011414048,722,1,3,17,710,2,4,22,1432,7,3,39,1481
SL050,34011414049,9831,53,81,575,9959,47,103,510,19790,184,100,1085,21159
SL050,34011414050,1413,0,8,13,1374,2,7,17,2787,15,2,30,2834
SL050,34011414051,732,0,4,2,780,2,5,4,1512,9,2,6,1529
SL050,34011414052,5113,13,70,49,5460,6,85,74,10573,155,19,123,10870
SL050,34011414053,3555,5,39,49,3589,7,44,55,7144,83,12,104,7343
SL050,34011414054,7968,41,115,258,8398,45,119,278,16366,234,86,536,17222
SL050,34011414055,10739,19,78,172,11256,12,108,201,21995,186,31,373,22585
SL050,34011414056,14186,60,114,698,14426,60,168,529,28612,282,120,1227,30241
SL050,34011414057,3650,8,17,56,3657,9,23,88,7307,40,17,144,7508
SL050,34011414058,4642,22,30,212,4748,20,48,135,9390,78,42,347,9857
SL050,34011414059,401,0,1,2,403,0,1,6,804,2,0,8,814
SL050,34011414060,2972,4,19,44,2881,9,33,52,5853,52,13,96,6014
SL050,34011414061,380,0,2,2,377,0,3,4,757,5,0,6,768
SL050,34011414062,515,0,0,2,538,0,4,4,1053,4,0,6,1063
SL050,34011414063,562,0,3,13,570,0,3,6,1132,6,0,19,1157
SL050,34011414064,174,0,2,2,184,0,2,4,358,4,0,6,368
SL050,34011414065,1118,0,10,10,1123,0,4,19,2241,14,0,29,2284
SL050,34011414066,3561,4,11,27,3528,10,21,38,7089,32,14,65,7200
SL050,34011414067,2440,0,29,12,2333,0,26,21,4773,55,0,33,4861
SL050,34011414068,285,0,3,26,298,3,5,23,583,8,3,49,643
SL050,34011414069,4246,6,19,69,4347,9,16,62,8593,35,15,131,8774
SL050,34011414070,735,0,6,12,722,1,9,9,1457,15,1,21,1494
SL050,34011414071,508,0,6,6,532,0,6,10,1040,12,0,16,1068
SL050,34011414072,564,0,4,9,565,0,4,8,1129,8,0,17,1154
SL050,34011414073,1674,0,15,11,1563,1,15,19,3237,30,1,30,3298
SL050,34011414074,1256,0,19,3,1246,0,31,13,2502,50,0,16,2568
SL050,34011414075,319,0,0,7,309,0,0,6,628,0,0,13,641
SL050,34121515001,2553,1,113,17,2611,0,123,36,5164,236,1,53,5454
SL050,34121515002,13336,27,1056,596,14174,28,1270,791,27510,2326,55,1387,31278
SL050,34121515003,965,0,11,8,889,0,9,12,1854,20,0,20,1894
SL050,34121515004,2666,8,72,52,2738,3,77,55,5404,149,11,107,5671
SL050,34121515005,13916,47,1198,692,14086,37,1225,716,28002,2423,84,1408,31917
SL050,34121515006,2840,3,54,113,2895,3,55,90,5735,109,6,203,6053
SL050,34121515007,1566,0,84,9,1755,1,79,11,3321,163,1,20,3505
SL050,34121515008,2979,3,179,61,3139,1,179,61,6118,358,4,122,6602
SL050,34121515009,5605,2,286,238,6157,9,348,271,11762,634,11,509,12916
SL050,34121515010,997,2,12,15,950,5,23,18,1947,35,7,33,2022
SL050,34121515011,8837,11,180,163,9213,13,208,219,18050,388,24,382,18844
SL050,34121515012,1974,0,67,28,2053,0,59,34,4027,126,0,62,4215
SL050,34121515013,3458,4,198,67,3685,1,253,82,7143,451,5,149,7748
SL050,34121515014,2019,0,63,9,2164,0,67,15,4183,130,0,24,4337
SL050,34121515015,1560,2,34,32,1625,1,40,24,3185,74,3,56,3318
SL050,34121515016,2422,3,132,48,2547,2,119,49,4969,251,5,97,5322
SL050,34121515017,10801,11,846,369,11166,15,958,437,21967,1804,26,806,24603
SL050,34121515018,603,0,9,5,608,0,5,8,1211,14,0,13,1238
SL050,34121515019,14184,15,845,255,14713,10,949,290,28897,1794,25,545,31261
SL050,34121515020,1852,0,52,11,2016,0,77,23,3868,129,0,34,4031
SL050,34121515021,2826,4,184,82,2910,4,204,80,5736,388,8,162,6294
SL050,34121515022,3094,15,90,174,3152,9,114,146,6246,204,24,320,6794
SL050,34121515023,3375,2,191,59,3664,6,192,87,7039,383,8,146,7576
SL050,34121515024,2248,1,163,66,2313,0,192,40,4561,355,1,106,5023
SL050,34121515025,517,3,13,18,550,0,12,13,1067,25,3,31,1126
SL050,34121515027,856,1,28,11,877,0,33,18,1733,61,1,29,1824
SL050,34121515028,729,0,31,4,775,0,28,11,1504,59,0,15,1578
SL050,34121515029,2849,2,89,15,3086,2,111,23,5935,200,4,38,6177
SL050,34121515030,100134,280,7827,5372,115622,259,9643,5713,215756,17470,539,11085,244850
SL050,34121515031,13011,37,1080,458,13596,25,1387,627,26607,2467,62,1085,30221
SL050,34121515032,1897,1,44,37,1892,2,34,51,3789,78,3,88,3958
SL050,34121515033,1334,0,21,2,1404,0,28,2,2738,49,0,4,2791
SL050,34121515034,1408,0,48,11,1502,0,60,11,2910,108,0,22,3040
SL050,34121515035,5998,7,145,64,6532,7,185,75,12530,330,14,139,13013
SL050,34121515036,29711,54,867,687,33523,49,1107,801,63234,1974,103,1488,66799
SL050,34121515037,2268,7,45,55,2217,6,57,46,4485,102,13,101,4701
SL050,34121515038,1157,0,25,0,1165,0,31,7,2322,56,0,7,2385
SL050,34121515039,649,0,11,4,654,1,8,6,1303,19,1,10,1333
SL050,34121515040,1439,1,73,30,1446,1,80,14,2885,153,2,44,3084
SL050,34121515041,5183,8,286,87,5329,7,313,89,10512,599,15,176,11302
SL050,34121515042,1621,0,29,8,1696,0,24,8,3317,53,0,16,3386
SL050,34121515043,2551,0,64,31,2704,1,73,23,5255,137,1,54,5447
SL050,34121515044,622,1,25,22,647,0,33,13,1269,58,1,35,1363
SL050,34121515045,1842,0,38,7,1993,0,60,7,3835,98,0,14,3947
SL050,34121515046,3454,9,90,106,3536,8,126,114,6990,216,17,220,7443
SL050,34121515047,1254,0,14,3,1282,0,20,9,2536,34,0,12,2582
SL050,34121515048,2804,6,131,83,2778,4,153,97,5582,284,10,180,6056
SL050,34121515049,555,0,12,9,621,0,17,12,1176,29,0,21,1226
SL050,34121515050,984,2,11,17,929,0,8,11,1913,19,2,28,1962
SL050,34121515051,2507,0,50,25,2634,3,58,30,5141,108,3,55,5307
SL050,34121515052,2150,0,91,56,2301,0,110,28,4451,201,0,84,4736
SL050,34121515053,4094,0,81,30,4345,0,99,46,8439,180,0,76,8695
SL050,34121515054,17916,29,633,313,18975,20,795,434,36891,1428,49,747,39115
SL050,34121515055,2399,0,58,21,2543,2,70,19,4942,128,2,40,5112
SL050,34121515056,3004,7,212,102,3216,3,219,114,6220,431,10,216,6877
SL050,34121515057,6441,5,251,142,6969,9,311,143,13410,562,14,285,14271
SL050,34121515058,15423,17,1251,502,16122,17,1535,692,31545,2786,34,1194,35559
SL050,34121515059,5664,20,289,184,5916,10,310,239,11580,599,30,423,12632
SL050,34121515060,3366,13,169,152,3391,10,224,127,6757,393,23,279,7452
SL050,34121515061,2586,2,95,90,2856,3,100,72,5442,195,5,162,5804
SL050,34121515062,2955,0,112,14,3193,0,108,30,6148,220,0,44,6412
SL050,34121515064,1134,0,35,10,1180,0,44,16,2314,79,0,26,2419
SL050,34121515065,3856,2,108,59,4178,2,133,48,8034,241,4,107,8386
SL050,34121515066,2258,0,49,26,2220,0,68,35,4478,117,0,61,4656
SL050,34121515067,4455,2,65,46,4670,4,83,65,9125,148,6,111,9390
SL050,34121515068,2679,1,62,52,2681,5,58,27,5360,120,6,79,5565
SL050,34121515069,3570,3,105,97,3902,6,104,97,7472,209,9,194,7884
SL050,34121515070,4810,2,94,93,5005,1,128,104,9815,222,3,197,10237
SL050,34121515071,4421,1,101,73,4476,5,94,72,8897,195,6,145,9243
SL050,34121515072,5259,6,118,38,5510,2,113,58,10769,231,8,96,11104
SL050,34121515073,12529,49,312,465,12885,49,341,437,25414,653,98,902,27067
SL050,34121515074,2121,0,46,10,2322,0,51,14,4443,97,0,24,4564
SL050,34121515075,6621,20,627,306,6741,13,773,394,13362,1400,33,700,15495
SL050,34121515076,1377,0,14,10,1388,0,28,11,2765,42,0,21,2828
SL050,34121515077,4255,6,260,55,4488,9,272,105,8743,532,15,160,9450
SL050,34121515078,40781,86,2210,1703,46654,80,2742,2149,87435,4952,166,3852,96405
SL050,34121515079,813,0,7,5,767,0,12,6,1580,19,0,11,1610
SL050,34121515080,914,0,7,6,859,0,9,4,1773,16,0,10,1799
SL050,34121515081,537,0,9,7,534,0,9,7,1071,18,0,14,1103
SL050,34121515082,8629,3,373,110,8805,2,455,148,17434,828,5,258,18525
SL050,34121515083,587,0,6,6,538,0,9,5,1125,15,0,11,1151
SL050,34121515084,1514,0,61,6,1715,0,54,11,3229,115,0,17,3361
SL050,34121515085,1759,0,35,12,1758,0,42,14,3517,77,0,26,3620
SL050,34121515086,1480,0,61,10,1524,0,60,13,3004,121,0,23,3148
SL050,34121515087,3104,0,62,43,3300,0,75,29,6404,137,0,72,6613
SL050,34121515088,1765,3,104,12,1905,0,110,26,3670,214,3,38,3925
SL050,34121515089,2402,0,57,26,2479,0,59,23,4881,116,0,49,5046
SL050,34121515090,633,0,8,4,557,0,17,6,1190,25,0,10,1225
SL050,34121515091,618,0,6,5,585,0,14,3,1203,20,0,8,1231
SL050,34121515092,3200,2,182,37,3523,1,147,46,6723,329,3,83,7138
SL050,34121515093,2122,1,81,15,2275,0,64,23,4397,145,1,38,4581
SL050,34121515901,1800,2,87,70,1859,3,80,44,3659,167,5,114,3945
SL050,34121515902,2490,3,74,29,2447,1,70,41,4937,144,4,70,5155
SL050,34081616001,38,0,0,1,23,0,2,0,61,2,0,1,64
SL050,34081616002,101,6,1,8,102,4,1,11,203,2,10,19,234
SL050,34081616003,65,0,1,4,74,1,3,5,139,4,1,9,153
SL050,34081616004,131,0,3,0,115,0,2,1,246,5,0,1,252
SL050,34081616005,138,0,0,4,118,1,0,7,256,0,1,11,268
SL050,34081616006,53,0,0,5,63,0,1,3,116,1,0,8,125
SL050,34081616007,646,19,4,133,647,27,1,113,1293,5,46,246,1590
SL050,34081616008,46,2,1,1,36,0,1,3,82,2,2,4,90
SL050,34081616009,31,0,1,0,24,0,0,0,55,1,0,0,56
SL050,34081616010,60,0,1,4,65,1,2,4,125,3,1,8,137
SL050,34081616011,14,0,1,1,10,0,1,3,24,2,0,4,30
SL050,34081616012,49,0,0,3,36,0,1,1,85,1,0,4,90
SL050,34081616013,14,0,0,0,11,0,0,0,25,0,0,0,25
SL050,34081616014,336,0,1,5,309,0,1,7,645,2,0,12,659
SL050,34081616015,193,1,1,13,161,0,0,6,354,1,1,19,375
SL050,34081616016,115,0,3,13,85,0,1,8,200,4,0,21,225
SL050,34081616017,205,1,2,4,168,0,4,6,373,6,1,10,390
SL050,34081616018,216,2,0,3,205,0,1,4,421,1,2,7,431
SL050,34081616019,104,0,0,0,91,0,0,0,195,0,0,0,195
SL050,34081616020,5,0,0,0,5,0,0,0,10,0,0,0,10
SL050,34081616022,49,0,0,0,35,0,0,1,84,0,0,1,85
SL050,34081616023,296,0,5,15,262,2,7,15,558,12,2,30,602
SL050,34081616024,79,0,0,2,63,0,2,1,142,2,0,3,147
SL050,34081616025,14,0,0,0,12,0,0,0,26,0,0,0,26
SL050,34081616026,41,1,1,5,42,0,0,5,83,1,1,10,95
SL050,34081616027,397,11,8,66,352,5,13,51,749,21,16,117,903
SL050,34081616029,53,0,0,1,33,0,0,0,86,0,0,1,87
SL050,34081616030,14,0,0,0,5,0,0,0,19,0,0,0,19
SL050,34081616031,18,0,0,1,15,0,1,0,33,1,0,1,35
SL050,34081616032,160,0,1,8,148,0,2,9,308,3,0,17,328
SL050,34081616033,925,3,11,33,913,4,15,34,1838,26,7,67,1938
SL050,34081616034,93,0,1,1,69,0,1,0,162,2,0,1,165
SL050,34081616035,128,0,0,5,137,1,1,7,265,1,1,12,279
SL050,34081616036,64,0,3,2,68,0,3,4,132,6,0,6,144
SL050,34081616038,20,2,0,4,11,0,0,3,31,0,2,7,40
SL050,34081616039,206,5,1,23,185,3,1,22,391,2,8,45,446
SL050,34081616040,52,0,0,1,36,0,0,1,88,0,0,2,90
SL050,34081616041,203,1,4,13,178,0,6,9,381,10,1,22,414
SL050,34081616042,614,10,8,33,607,10,20,42,1221,28,20,75,1344
SL050,34081616043,60,0,0,3,47,0,0,3,107,0,0,6,113
SL050,34081616044,18,0,0,1,21,0,0,0,39,0,0,1,40
SL050,34081616045,109,0,1,11,90,0,0,8,199,1,0,19,219
SL050,34081616046,124,0,0,2,119,0,0,2,243,0,0,4,247
SL050,34081616047,118,1,3,12,98,5,3,12,216,6,6,24,252
SL050,34081616048,245,0,3,7,199,0,4,9,444,7,0,16,467
SL050,34081616049,80,0,0,0,70,0,0,1,150,0,0,1,151
SL050,34081616050,115,0,2,17,118,0,2,13,233,4,0,30,267
SL050,34081616051,66,0,0,5,61,1,0,5,127,0,1,10,138
SL050,34081616052,310,8,24,53,302,7,16,49,612,40,15,102,769
SL050,34081616053,248,0,0,3,194,0,2,9,442,2,0,12,456
SL050,34081616055,370,5,7,22,355,2,3,21,725,10,7,43,785
SL050,34081616056,250,0,7,8,221,0,3,6,471,10,0,14,495
SL050,34081616057,43,0,0,2,28,0,0,2,71,0,0,4,75
SL050,34081616058,55,0,1,1,51,0,0,3,106,1,0,4,111
SL050,34081616060,382,4,4,37,400,3,11,36,782,15,7,73,877
SL050,34081616061,540,18,0,79,502,13,1,57,1042,1,31,136,1210
SL050,34081616062,18,0,0,0,9,0,0,0,27,0,0,0,27
SL050,34081616063,51,0,0,8,49,0,1,2,100,1,0,10,111
SL050,34081616064,389,5,1,46,350,3,2,40,739,3,8,86,836
SL050,34081616065,199,0,2,28,197,0,3,30,396,5,0,58,459
SL050,34081616066,1387,32,21,164,1266,29,15,158,2653,36,61,322,3072
SL050,34081616067,66,0,1,12,54,1,1,20,120,2,1,32,155
SL050,34081616068,75,0,1,6,61,0,0,7,136,1,0,13,150
SL050,34081616070,16,0,0,0,14,0,0,0,30,0,0,0,30
SL050,34081616071,10,0,0,0,11,0,0,0,21,0,0,0,21
SL050,34081616072,78,0,2,0,58,0,0,1,136,2,0,1,139
SL050,34081616073,99,1,2,9,99,0,0,6,198,2,1,15,216
SL050,34081616074,17,0,0,0,13,0,0,0,30,0,0,0,30
SL050,34081616078,23286,265,628,1975,25555,264,877,2048,48841,1505,529,4023,54898
SL050,34081616079,19,0,1,1,8,0,0,0,27,1,0,1,29
SL050,34081616081,30,0,0,3,21,0,0,3,51,0,0,6,57
SL050,34081616082,163,0,2,5,134,1,7,9,297,9,1,14,321
SL050,34081616083,25,0,0,0,23,0,0,1,48,0,0,1,49
SL050,34081616084,27,0,0,0,20,0,0,1,47,0,0,1,48
SL050,34081616085,79,1,1,9,73,0,0,6,152,1,1,15,169
SL050,34081616086,530,8,2,89,494,8,3,78,1024,5,16,167,1212
SL050,34081616087,115,2,0,13,104,1,0,13,219,0,3,26,248
SL050,34081616088,56,0,0,0,49,0,0,0,105,0,0,0,105
SL050,34081616089,228,0,2,9,212,0,2,1,440,4,0,10,454
SL050,34081616091,38,0,0,1,31,0,0,0,69,0,0,1,70
SL050,34081616092,100,0,1,5,72,0,1,4,172,2,0,9,183
SL050,34081616093,32,0,0,5,28,0,1,2,60,1,0,7,68
SL050,34081616094,74,0,2,8,62,1,1,6,136,3,1,14,154
SL050,34081616095,51,0,0,1,40,0,1,0,91,1,0,1,93
SL050,34081616096,167,2,2,22,146,2,4,20,313,6,4,42,365
SL050,34081616097,72,0,1,0,72,0,0,0,144,1,0,0,145
SL050,34081616098,315,1,1,29,294,8,3,27,609,4,9,56,678
SL050,34081616099,98,0,0,0,97,0,0,0,195,0,0,0,195
SL050,34081616100,356,6,0,24,382,1,0,20,738,0,7,44,789
SL050,34081616101,78,0,0,0,64,0,0,0,142,0,0,0,142
SL050,34081616102,685,16,8,91,684,19,7,87,1369,15,35,178,1597
SL050,34081616103,137,0,0,5,115,1,1,4,252,1,1,9,263
SL050,34081616104,26,0,1,2,20,0,2,2,46,3,0,4,53
SL050,34081616106,1607,20,18,144,1552,29,16,140,3159,34,49,284,3526
SL050,34081616107,56,0,0,1,40,1,0,0,96,0,1,1,98
SL050,34081616108,27,0,0,0,24,0,0,0,51,0,0,0,51
SL050,34081616109,26,0,1,2,23,0,0,0,49,1,0,2,52
SL050,34081616110,58,1,0,13,37,3,0,12,95,0,4,25,124
SL050,34081616111,93,1,8,6,71,1,6,4,164,14,2,10,190
SL050,34081616112,861,3,9,46,811,3,10,34,1672,19,6,80,1777
SL050,34081616113,1785,27,53,266,1828,28,66,246,3613,119,55,512,4299
SL050,34081616115,26,0,0,0,17,0,2,0,43,2,0,0,45
SL050,34081616116,39,0,0,0,26,0,0,0,65,0,0,0,65
SL050,34081616117,569,1,17,26,546,2,16,39,1115,33,3,65,1216
SL050,34081616118,766,0,1,15,770,3,9,20,1536,10,3,35,1584
SL050,34081616119,90,1,2,2,88,0,1,5,178,3,1,7,189
SL050,34081616121,129,0,1,0,120,0,1,0,249,2,0,0,251
SL050,34081616122,142,1,1,6,126,1,6,10,268,7,2,16,293
SL050,34081616123,41,0,0,0,29,0,0,0,70,0,0,0,70
SL050,34081616124,1075,12,6,85,1019,16,6,109,2094,12,28,194,2328
SL050,34081616125,993,11,5,121,958,10,5,108,1951,10,21,229,2211
SL050,34081616126,426,2,1,30,417,9,2,39,843,3,11,69,926
SL050,34081616128,36,0,0,0,29,0,2,0,65,2,0,0,67
SL050,34081616129,51,0,0,3,44,0,1,7,95,1,0,10,106
SL050,34081616130,316,1,3,14,268,1,2,21,584,5,2,35,626
SL050,34081616131,63,0,0,1,46,0,0,0,109,0,0,1,110
SL050,34081616132,22,0,1,0,12,1,0,0,34,1,1,0,36
SL050,34081616133,2629,51,23,292,2696,47,22,270,5325,45,98,562,6030
SL050,34081616134,2609,39,85,239,2583,45,109,250,5192,194,84,489,5959
SL050,34081616135,66,0,0,12,50,0,1,9,116,1,0,21,138
SL050,34081616137,21,0,0,0,17,0,0,5,38,0,0,5,43
SL050,34081616139,172,0,1,3,153,0,1,4,325,2,0,7,334
SL050,34081616140,11,0,0,0,10,0,0,0,21,0,0,0,21
SL050,34081616141,65,0,1,2,60,0,0,5,125,1,0,7,133
SL050,34081616142,75,0,0,12,55,0,2,7,130,2,0,19,151
SL050,34081616143,11,0,0,0,4,0,0,0,15,0,0,0,15
SL050,34081616145,243,0,0,6,228,2,0,6,471,0,2,12,485
SL050,34081616146,41,0,0,0,39,0,1,0,80,1,0,0,81
SL050,34081616147,41,0,0,0,25,0,0,1,66,0,0,1,67
SL050,34081616148,310,2,3,8,293,1,2,6,603,5,3,14,625
SL050,34081616149,80,0,0,1,73,0,5,0,153,5,0,1,159
SL050,34081616150,53,0,0,0,47,0,1,0,100,1,0,0,101
SL050,34081616151,33,0,0,0,25,0,0,0,58,0,0,0,58
SL050,34081616152,22,0,0,0,11,0,0,1,33,0,0,1,34
SL050,34081616153,541,0,4,24,519,4,7,28,1060,11,4,52,1127
SL050,34081616154,2846,54,41,404,2740,54,43,366,5586,84,108,770,6548
SL050,34081616155,306,2,1,25,254,2,1,20,560,2,4,45,611
SL050,34081616156,48,1,2,6,35,0,1,3,83,3,1,9,96
SL050,34081616157,117,0,0,1,95,0,1,1,212,1,0,2,215
SL050,34081616158,302,4,2,29,300,6,1,35,602,3,10,64,679
SL050,34081616159,97,0,0,8,105,0,1,2,202,1,0,10,213
SL050,34081616160,35,0,0,0,24,0,0,0,59,0,0,0,59
SL050,34081616161,24,1,0,4,22,0,0,2,46,0,1,6,53
SL050,34081616162,11,0,0,2,12,0,0,2,23,0,0,4,27
SL050,34081616163,35,0,0,0,29,0,0,0,64,0,0,0,64
SL050,34081616165,31,0,0,0,27,0,0,2,58,0,0,2,60
SL050,34081616166,131,1,4,20,111,0,11,12,242,15,1,32,290
SL050,34081616167,140,0,0,4,158,0,0,3,298,0,0,7,305
SL050,34081616169,33,0,0,0,18,0,0,0,51,0,0,0,51
SL050,34081616170,372,5,24,68,371,7,20,53,743,44,12,121,920
SL050,34081616171,991,38,6,160,1009,47,19,148,2000,25,85,308,2418
SL050,34081616172,171,0,1,9,150,1,1,12,321,2,1,21,345
SL050,34081616173,107,1,0,13,89,0,0,6,196,0,1,19,216
SL050,34081616174,103,0,0,0,75,0,1,4,178,1,0,4,183
SL050,34081616175,3144,110,57,603,2995,94,67,519,6139,124,204,1122,7589
SL050,34081616176,20,1,1,4,17,0,1,2,37,2,1,6,46
SL050,34081616177,46,1,0,15,42,0,0,14,88,0,1,29,118
SL050,34081616181,29,0,1,1,32,2,1,1,61,2,2,2,67
SL050,34081616185,26,0,0,2,9,0,0,1,35,0,0,3,38
SL050,34081616186,229,1,2,28,211,3,6,25,440,8,4,53,505
SL050,34081616187,40,0,3,5,30,0,1,2,70,4,0,7,81
SL050,34081616188,50,0,3,5,38,0,0,4,88,3,0,9,100
SL050,34081616189,150,0,4,4,131,0,5,2,281,9,0,6,296
SL050,34081616190,2961,47,36,542,2944,41,48,488,5905,84,88,1030,7107
SL050,34081616191,481,4,6,31,484,1,6,27,965,12,5,58,1040
SL050,34081616192,23,0,0,1,22,0,0,0,45,0,0,1,46
SL050,34081616193,32,0,0,0,23,0,0,0,55,0,0,0,55
SL050,34081616194,118,0,3,1,104,0,1,0,222,4,0,1,227
SL050,34081616195,262,4,0,23,267,2,2,30,529,2,6,53,590
SL050,34081616196,352,0,4,1,320,0,4,7,672,8,0,8,688
SL050,34081616197,41,0,0,0,27,0,0,0,68,0,0,0,68
SL050,34081616198,736,17,8,70,725,7,18,62,1461,26,24,132,1643
SL050,34081616199,11,0,0,0,12,0,0,0,23,0,0,0,23
SL050,34081616202,458,1,4,7,402,0,4,8,860,8,1,15,884
SL050,34081616203,5916,197,201,1111,6075,183,278,1029,11991,479,380,2140,14990
SL050,34081616204,135,2,0,11,115,1,1,15,250,1,3,26,280
SL050,34081616205,59,0,0,2,62,0,1,0,121,1,0,2,124
SL050,34081616206,99,0,0,4,84,0,2,6,183,2,0,10,195
SL050,34081616209,66,0,0,3,42,0,0,3,108,0,0,6,114
SL050,34081616211,180,0,0,7,165,3,0,8,345,0,3,15,363
SL050,34081616212,120,0,2,4,127,0,2,2,247,4,0,6,257
SL050,34081616213,22,0,0,2,14,0,0,1,36,0,0,3,39
SL050,34081616215,141,0,1,1,114,0,0,2,255,1,0,3,259
SL050,34081616216,157,1,0,2,139,0,1,2,296,1,1,4,302
SL050,34081616217,48,0,1,4,39,0,0,4,87,1,0,8,96
SL050,34081616218,108,3,0,6,99,0,0,7,207,0,3,13,223
SL050,34081616219,44,0,0,2,42,0,0,1,86,0,0,3,89
SL050,34081616224,49,0,0,0,38,0,0,1,87,0,0,1,88
SL050,34081616225,39,0,1,1,25,0,0,0,64,1,0,1,66
SL050,34081616227,63,0,3,1,42,0,3,1,105,6,0,2,113
SL050,34081616228,104,1,2,18,70,0,0,8,174,2,1,26,203
SL050,34081616231,23,0,0,4,18,0,0,3,41,0,0,7,48
SL050,34081616234,16,0,0,0,12,0,0,0,28,0,0,0,28
SL050,34081616236,488,11,5,33,477,7,5,45,965,10,18,78,1071
SL050,34081616237,52,0,0,2,47,0,0,1,99,0,0,3,102
SL050,34081616238,252,1,1,3,241,0,0,3,493,1,1,6,501
SL050,34081616239,82,0,0,3,46,0,1,2,128,1,0,5,134
SL050,34081616240,54,0,3,0,40,0,1,2,94,4,0,2,100
SL050,34081616242,165,0,2,5,164,1,5,6,329,7,1,11,348
SL050,34081616243,203,0,5,33,205,1,2,21,408,7,1,54,470
SL050,34081616244,373,1,0,6,362,0,1,2,735,1,1,8,745
SL050,34081616245,219,2,3,8,226,2,6,10,445,9,4,18,476
SL050,34081616246,268,2,1,14,212,0,0,18,480,1,2,32,515
SL050,34081616247,33,0,0,6,31,1,1,4,64,1,1,10,76
SL050,34081616248,476,3,4,21,482,0,3,27,958,7,3,48,1016
SL050,34081616249,1127,16,1,137,1088,20,7,126,2215,8,36,263,2522
SL050,34081616250,42,0,0,1,26,0,0,1,68,0,0,2,70
SL050,34081616251,971,17,5,171,939,17,8,176,1910,13,34,347,2304
SL050,34081616253,184,3,4,11,160,1,2,13,344,6,4,24,378
SL050,34081616254,109,0,2,2,111,1,0,4,220,2,1,6,229
SL050,34081616255,83,1,0,4,67,1,0,9,150,0,2,13,165
SL050,34081616258,92,0,3,6,81,0,1,6,173,4,0,12,189
SL050,34081616259,18,0,2,7,10,0,1,9,28,3,0,16,47
SL050,34081616263,601,8,8,56,528,5,12,40,1129,20,13,96,1258
SL050,34081616264,213,3,0,16,203,6,1,12,416,1,9,28,454
SL050,34081616265,9,0,0,0,12,0,0,0,21,0,0,0,21
SL050,34081616266,187,1,0,3,190,0,0,4,377,0,1,7,385
SL050,34081616269,221,0,1,9,221,0,3,11,442,4,0,20,466
SL050,34081616270,90,1,4,9,73,1,6,12,163,10,2,21,196
SL050,34081616271,349,7,2,50,357,8,4,44,706,6,15,94,821
SL050,34081616272,129,0,3,7,85,0,3,6,214,6,0,13,233
SL050,34081616273,171,1,1,6,149,3,1,5,320,2,4,11,337
SL050,34081616274,60,1,1,5,57,1,1,2,117,2,2,7,128
SL050,34081616275,6,0,0,0,4,0,0,0,10,0,0,0,10
SL050,34081616276,13,0,0,1,8,0,0,0,21,0,0,1,22
SL050,34081616277,61,0,0,6,50,2,0,5,111,0,2,11,124
SL050,34081616278,30,0,1,1,32,0,0,0,62,1,0,1,64
SL050,34081616279,99,2,3,25,75,2,2,21,174,5,4,46,229
SL050,34081616280,93,0,0,3,83,1,0,1,176,0,1,4,181
SL050,34081616901,343,1,5,31,335,10,8,34,678,13,11,65,767
SL050,34081616902,74,0,0,0,55,0,0,1,129,0,0,1,130
SL050,34081616903,585,22,3,191,563,21,3,128,1148,6,43,319,1516
SL050,34081616904,263,0,7,5,229,0,11,10,492,18,0,15,525
SL050,34081616905,780,5,25,37,755,2,26,35,1535,51,7,72,1665
SL050,34081616906,48,0,0,0,27,0,0,0,75,0,0,0,75
SL050,34081616908,81,1,0,7,87,5,1,6,168,1,6,13,188
SL050,34081616909,378,0,6,5,358,0,7,2,736,13,0,7,756
SL050,34081616910,47,0,0,0,34,0,0,1,81,0,0,1,82
SL050,34091717001,330,10,11,67,352,5,16,50,682,27,15,117,841
SL050,34091717002,373,0,7,8,358,0,10,11,731,17,0,19,767
SL050,34091717003,62,0,3,7,61,0,1,5,123,4,0,12,139
SL050,34091717004,330,5,11,50,308,4,12,45,638,23,9,95,765
SL050,34091717005,269,0,7,11,269,1,9,10,538,16,1,21,576
SL050,34091717006,686,13,36,74,618,4,40,88,1304,76,17,162,1559
SL050,34091717007,988,11,21,86,1034,18,16,82,2022,37,29,168,2256
SL050,34091717008,2049,92,105,489,2126,111,74,473,4175,179,203,962,5519
SL050,34091717009,2376,162,106,734,2365,149,81,542,4741,187,311,1276,6515
SL050,34091717010,206,0,4,9,185,0,8,11,391,12,0,20,423
SL050,34091717011,370,5,8,85,406,5,13,45,776,21,10,130,937
SL050,34091717012,746,2,19,36,736,3,24,38,1482,43,5,74,1604
SL050,34091717013,1567,20,80,305,1567,24,76,295,3134,156,44,600,3934
SL050,34091717014,35,0,3,8,31,0,2,6,66,5,0,14,85
SL050,34091717015,7239,374,533,1595,7684,363,453,1374,14923,986,737,2969,19615
SL050,34091717016,453,3,8,57,412,4,18,45,865,26,7,102,1000
SL050,34091717018,286,4,3,35,306,2,6,29,592,9,6,64,671
SL050,34091717019,1018,13,38,92,1105,14,47,140,2123,85,27,232,2467
SL050,34091717020,2329,15,56,93,2277,11,59,101,4606,115,26,194,4941
SL050,34091717021,80,0,3,18,73,1,1,11,153,4,1,29,187
SL050,34091717022,4040,142,305,920,4172,160,279,841,8212,584,302,1761,10859
SL050,34091717023,15188,280,1066,2738,15735,268,1128,2387,30923,2194,548,5125,38790
SL050,34091717024,173,1,9,17,157,0,7,19,330,16,1,36,383
SL050,34091717025,687,22,18,124,694,13,27,116,1381,45,35,240,1701
SL050,34091717026,342,1,10,16,314,0,11,8,656,21,1,24,702
SL050,34091717027,1634,30,44,147,1694,26,36,122,3328,80,56,269,3733
SL050,34091717028,176,0,2,7,171,0,0,13,347,2,0,20,369
SL050,34091717029,123,1,4,11,114,0,4,12,237,8,1,23,269
SL050,34091717030,397,7,21,77,350,5,15,72,747,36,12,149,944
SL050,34091717031,126,0,4,23,93,0,4,23,219,8,0,46,273
SL050,34091717032,879,43,141,281,930,36,155,287,1809,296,79,568,2752
SL050,34091717033,3350,15,109,242,3317,19,135,271,6667,244,34,513,7458
SL050,34091717034,4055,125,293,984,3954,113,275,1098,8009,568,238,2082,10897
SL050,34091717035,328,0,7,12,324,0,8,11,652,15,0,23,690
SL050,34091717036,1495,3,20,38,1568,5,33,42,3063,53,8,80,3204
SL050,34091717037,65,0,0,5,55,0,1,7,120,1,0,12,133
SL050,34091717038,246,0,8,9,253,0,7,12,499,15,0,21,535
SL050,34091717039,946,7,41,117,1005,10,43,92,1951,84,17,209,2261
SL050,34091717040,346,0,5,13,314,0,10,20,660,15,0,33,708
SL050,34091717041,125,0,5,25,128,2,6,22,253,11,2,47,313
SL050,34091717042,241,3,14,50,234,8,15,48,475,29,11,98,613
SL050,34091717043,100,0,2,1,77,0,2,4,177,4,0,5,186
SL050,34091717044,4080,131,166,908,4191,131,156,596,8271,322,262,1504,10359
SL050,34091717046,418,5,19,44,403,4,19,44,821,38,9,88,956
SL050,34091717047,2777,266,330,2122,2743,253,320,2009,5520,650,519,4131,10820
SL050,34091717048,3379,127,316,1393,3365,131,412,1462,6744,728,258,2855,10585
SL050,34091717049,2023,81,59,545,2013,88,82,499,4036,141,169,1044,5390
SL050,34091717050,423,9,13,42,393,5,11,52,816,24,14,94,948
SL050,34091717051,128,0,4,16,133,1,3,15,261,7,1,31,300
SL050,34091717052,66,1,4,6,80,0,1,4,146,5,1,10,162
SL050,34091717054,190,4,9,32,180,3,13,34,370,22,7,66,465
SL050,34091717055,84,0,2,2,79,0,3,6,163,5,0,8,176
SL050,34091717056,1071,10,33,68,1017,12,32,79,2088,65,22,147,2322
SL050,34091717057,591,5,10,36,556,3,15,37,1147,25,8,73,1253
SL050,34091717058,105,5,4,16,97,2,4,18,202,8,7,34,251
SL050,34091717060,237,0,8,31,227,5,11,38,464,19,5,69,557
SL050,34091717061,113,2,2,5,94,1,3,7,207,5,3,12,227
SL050,34091717062,3353,145,262,1548,3218,169,257,1465,6571,519,314,3013,10417
SL050,34091717063,102,0,0,4,95,0,1,4,197,1,0,8,206
SL050,34091717064,180,0,7,23,181,2,11,21,361,18,2,44,425
SL050,34091717065,205,2,3,12,197,1,6,7,402,9,3,19,433
SL050,34091717066,14813,924,1714,5466,15739,906,1947,4872,30552,3661,1830,10338,46381
SL050,34091717067,378,20,17,110,422,31,14,89,800,31,51,199,1081
SL050,34091717068,146,1,5,7,133,0,5,8,279,10,1,15,305
SL050,34091717069,216,1,5,9,197,0,13,14,413,18,1,23,455
SL050,34091717070,65,0,3,8,55,0,2,5,120,5,0,13,138
SL050,34091717071,695,3,17,18,701,2,10,28,1396,27,5,46,1474
SL050,34091717073,1250,1,22,43,1254,3,26,50,2504,48,4,93,2649
SL050,34091717074,305,2,14,41,316,4,14,36,621,28,6,77,732
SL050,34091717075,207,0,5,14,188,0,5,20,395,10,0,34,439
SL050,34091717076,83,1,0,10,71,1,0,9,154,0,2,19,175
SL050,34091717077,323,13,23,57,327,3,21,73,650,44,16,130,840
SL050,34091717078,197,0,5,11,193,1,6,16,390,11,1,27,429
SL050,34091717079,36208,1172,2626,8024,39265,1077,3195,8699,75473,5821,2249,16723,100266
SL050,34091717080,87,0,3,4,82,0,3,7,169,6,0,11,186
SL050,34091717081,164,2,8,46,134,1,12,25,298,20,3,71,392
SL050,34091717082,239,0,18,21,222,1,17,11,461,35,1,32,529
SL050,34091717083,1765,37,70,224,1763,43,44,193,3528,114,80,417,4139
SL050,34091717084,148,0,3,8,115,0,1,3,263,4,0,11,278
SL050,34091717085,168,3,10,25,166,1,4,13,334,14,4,38,390
SL050,34091717086,888,74,172,486,897,67,188,461,1785,360,141,947,3233
SL050,34091717087,156,1,3,20,138,3,3,11,294,6,4,31,335
SL050,34091717088,342,3,12,29,361,1,14,25,703,26,4,54,787
SL050,34091717089,3355,94,170,621,3302,98,161,496,6657,331,192,1117,8297
SL050,34091717090,336,1,12,4,324,0,7,9,660,19,1,13,693
SL050,34091717091,245,0,6,16,220,1,5,21,465,11,1,37,514
SL050,34091717092,1981,34,88,309,2000,37,98,321,3981,186,71,630,4868
SL050,34091717093,536,4,21,56,544,3,24,51,1080,45,7,107,1239
SL050,34091717094,645,4,31,84,533,8,37,86,1178,68,12,170,1428
SL050,34091717095,11036,628,1337,6098,10654,573,1250,5774,21690,2587,1201,11872,37350
SL050,34091717096,111,4,1,6,86,1,0,10,197,1,5,16,219
SL050,34091717097,123,1,4,8,129,1,2,14,252,6,2,22,282
SL050,34091717098,185,2,5,25,167,3,4,22,352,9,5,47,413
SL050,34091717099,54,0,1,3,35,0,2,3,89,3,0,6,98
SL050,34091717100,111,0,2,27,115,0,1,16,226,3,0,43,272
SL050,34091717101,362,1,11,20,307,0,10,19,669,21,1,39,730
SL050,34091717102,300,1,6,29,298,4,17,26,598,23,5,55,681
SL050,34091717103,3050,54,105,352,2902,55,93,308,5952,198,109,660,6919
SL050,34091717105,142,0,2,15,141,0,4,8,283,6,0,23,312
SL050,34091717106,88,0,2,8,81,0,4,7,169,6,0,15,190
SL050,34091717107,148,0,2,9,158,0,1,10,306,3,0,19,328
SL050,34091717109,430,3,2,40,390,1,10,23,820,12,4,63,899
SL050,34091717110,763,16,32,47,710,12,43,68,1473,75,28,115,1691
SL050,34091717111,557,3,21,66,562,2,26,76,1119,47,5,142,1313
SL050,34091717112,124,0,4,1,94,0,2,1,218,6,0,2,226
SL050,34091717114,12560,358,1159,3062,13479,347,951,2570,26039,2110,705,5632,34486
SL050,34091717115,178,2,4,18,156,0,8,16,334,12,2,34,382
SL050,34091717116,202,2,8,5,180,0,6,13,382,14,2,18,416
SL050,34091717117,8059,429,758,2076,8318,407,655,2158,16377,1413,836,4234,22860
SL050,34091717118,7092,113,504,1033,7402,104,557,1093,14494,1061,217,2126,17898
SL050,34091717119,52,0,2,2,34,1,2,2,86,4,1,4,95
SL050,34091717120,501,14,29,174,488,16,31,186,989,60,30,360,1439
SL050,34091717121,136,0,6,18,116,0,10,9,252,16,0,27,295
SL050,34091717123,216,0,2,11,215,0,4,19,431,6,0,30,467
SL050,34091717124,925,21,65,235,894,18,72,231,1819,137,39,466,2461
SL050,34091717125,89,0,0,1,68,0,0,4,157,0,0,5,162
SL050,34091717126,188,1,3,8,183,0,2,9,371,5,1,17,394
SL050,34091717128,186,4,7,81,183,6,5,75,369,12,10,156,547
SL050,34091717129,87,1,4,9,79,0,8,7,166,12,1,16,195
SL050,34091717130,190,3,3,20,203,2,2,24,393,5,5,44,447
SL050,34091717132,783,2,24,107,798,9,38,107,1581,62,11,214,1868
SL050,34091717133,737,19,24,63,712,15,22,68,1449,46,34,131,1660
SL050,34091717134,155,1,2,12,116,0,1,16,271,3,1,28,303
SL050,34091717135,235,0,6,24,220,0,12,33,455,18,0,57,530
SL050,34091717136,121,0,2,12,94,0,5,13,215,7,0,25,247
SL050,34091717137,2100,16,49,116,2143,9,42,120,4243,91,25,236,4595
SL050,34091717138,445,5,24,51,464,1,20,67,909,44,6,118,1077
SL050,34091717139,830,1,27,15,843,1,27,19,1673,54,2,34,1763
SL050,34091717140,374,9,18,101,347,13,15,103,721,33,22,204,980
SL050,34091717141,3277,87,366,745,3279,86,399,742,6556,765,173,1487,8981
SL050,34091717142,1702,7,55,61,1688,10,54,63,3390,109,17,124,3640
SL050,34091717143,75,2,2,11,73,1,3,12,148,5,3,23,179
SL050,34091717144,125,0,3,14,117,0,7,10,242,10,0,24,276
SL050,34091717145,809,3,17,50,806,3,22,56,1615,39,6,106,1766
SL050,34091717146,1904,5,48,103,1754,2,77,109,3658,125,7,212,4002
SL050,34091717147,4456,92,163,540,4644,70,174,493,9100,337,162,1033,10632
SL050,34091717148,957,8,33,127,898,8,32,118,1855,65,16,245,2181
SL050,34091717149,216,0,3,5,227,0,4,7,443,7,0,12,462
SL050,34091717150,885,18,21,129,834,17,21,134,1719,42,35,263,2059
SL050,34091717151,106,3,4,19,111,0,4,16,217,8,3,35,263
SL050,34091717152,6137,351,672,2553,6237,351,609,2409,12374,1281,702,4962,19319
SL050,34091717153,113,1,3,18,109,3,7,15,222,10,4,33,269
SL050,34091717154,59,2,6,9,56,3,1,15,115,7,5,24,151
SL050,34091717155,8279,1170,1303,5296,8481,1051,960,4082,16760,2263,2221,9378,30622
SL050,34091717157,79,0,2,1,70,0,3,1,149,5,0,2,156
SL050,34091717158,296,5,25,42,217,9,12,29,513,37,14,71,635
SL050,34091717159,381,4,12,22,361,0,6,18,742,18,4,40,804
SL050,34091717160,8182,261,519,1799,8630,249,536,1648,16812,1055,510,3447,21824
SL050,34091717161,573,7,16,52,614,4,20,57,1187,36,11,109,1343
SL050,34091717162,109,0,3,13,99,2,4,15,208,7,2,28,245
SL050,34091717163,1811,7,27,71,1717,8,40,59,3528,67,15,130,3740
SL050,34091717164,2268,95,52,403,2291,101,52,329,4559,104,196,732,5591
SL050,34091717165,361,2,14,29,361,10,11,52,722,25,12,81,840
SL050,34091717166,317,4,9,29,324,4,10,34,641,19,8,63,731
SL050,34091717167,1464,20,39,83,1480,10,41,87,2944,80,30,170,3224
SL050,34091717168,217,2,4,18,241,2,3,15,458,7,4,33,502
SL050,34091717169,1586,18,40,105,1526,13,57,116,3112,97,31,221,3461
SL050,34091717170,106,0,3,6,93,0,1,3,199,4,0,9,212
SL050,34091717171,98,2,2,29,94,1,2,23,192,4,3,52,251
SL050,34091717172,289,0,7,28,270,2,8,22,559,15,2,50,626
SL050,34091717173,104,4,5,14,98,1,6,17,202,11,5,31,249
SL050,34091717174,115,0,1,4,102,0,2,4,217,3,0,8,228
SL050,34091717175,336,8,14,37,296,4,16,35,632,30,12,72,746
SL050,34091717176,61,2,13,17,69,1,2,12,130,15,3,29,177
SL050,34091717177,331,1,8,9,326,1,11,20,657,19,2,29,707
SL050,34091717178,599,45,55,389,592,24,53,282,1191,108,69,671,2039
SL050,34091717180,4880,226,252,1132,5030,237,204,933,9910,456,463,2065,12894
SL050,34091717181,2010,39,147,412,2021,38,158,378,4031,305,77,790,5203
SL050,34091717182,184,0,1,6,157,0,8,7,341,9,0,13,363
SL050,34091717183,161,1,8,16,145,0,7,13,306,15,1,29,351
SL050,34091717184,766,0,11,17,740,1,18,20,1506,29,1,37,1573
SL050,34091717185,1325,12,40,129,1291,18,31,120,2616,71,30,249,2966
SL050,34091717186,2248,11,102,152,2294,17,116,174,4542,218,28,326,5114
SL050,34091717187,362,1,18,38,369,3,20,37,731,38,4,75,848
SL050,34091717188,97,0,5,4,72,0,5,4,169,10,0,8,187
SL050,34091717189,872,14,22,73,879,13,25,78,1751,47,27,151,1976
SL050,34091717190,518,5,14,33,492,4,15,27,1010,29,9,60,1108
SL050,34091717191,97,0,7,13,81,1,7,4,178,14,1,17,210
SL050,34091717192,82,0,1,6,67,0,4,8,149,5,0,14,168
SL050,34091717193,2589,59,76,299,2564,32,83,267,5153,159,91,566,5969
SL050,34091717194,49,0,2,5,35,0,2,4,84,4,0,9,97
SL050,34091717195,206,0,0,28,203,0,4,18,409,4,0,46,459
SL050,34091717196,137,1,3,8,141,2,8,14,278,11,3,22,314
SL050,34091717197,81,1,3,5,66,1,0,8,147,3,2,13,165
SL050,34091717198,265,3,18,79,250,3,20,85,515,38,6,164,723
SL050,34091717199,3936,233,310,1363,3924,194,315,1262,7860,625,427,2625,11537
SL050,34091717200,356,2,13,19,355,0,24,32,711,37,2,51,801
SL050,34091717201,95,0,1,4,62,0,1,2,157,2,0,6,165
SL050,34091717202,2077,41,178,520,2073,48,172,475,4150,350,89,995,5584
SL050,34091717203,109,0,1,7,89,0,0,8,198,1,0,15,214
SL050,34091717204,363,18,35,209,330,31,26,127,693,61,49,336,1139
SL050,34091717205,128,0,2,11,129,1,3,12,257,5,1,23,286
SL050,34091717206,76,0,4,4,81,0,8,5,157,12,0,9,178
SL050,34091717207,1471,2,20,35,1436,5,27,33,2907,47,7,68,3029
SL050,34091717208,599,6,17,29,593,2,14,26,1192,31,8,55,1286
SL050,34091717209,413,3,7,31,401,0,12,45,814,19,3,76,912
SL050,34091717210,330,4,20,78,344,2,14,62,674,34,6,140,854
SL050,34091717211,471,15,18,78,507,21,17,62,978,35,36,140,1189
SL050,34091717212,86,0,1,1,82,0,1,2,168,2,0,3,173
SL050,34091717213,3340,43,129,483,3194,38,141,372,6534,270,81,855,7740
SL050,34091717214,442,2,18,24,433,1,17,14,875,35,3,38,951
SL050,34091717215,1350,0,17,16,1356,0,23,27,2706,40,0,43,2789
SL050,34091717216,99,1,2,6,87,0,2,7,186,4,1,13,204
SL050,34091717217,220,0,6,20,190,1,5,24,410,11,1,44,466
SL050,34091717218,351,7,17,57,325,6,19,41,676,36,13,98,823
SL050,34091717220,450,6,12,37,475,3,13,30,925,25,9,67,1026
SL050,34091717221,2458,7,78,115,2580,7,90,108,5038,168,14,223,5443
SL050,34091717222,70,0,0,7,59,0,2,9,129,2,0,16,147
SL050,34091717223,462,4,19,67,490,5,11,54,952,30,9,121,1112
SL050,34091717224,178,2,1,30,156,7,6,24,334,7,9,54,404
SL050,34091717225,118,2,2,45,120,3,3,19,238,5,5,64,312
SL050,34091717226,548,1,14,18,520,1,31,24,1068,45,2,42,1157
SL050,34091717227,93,2,6,15,67,2,3,20,160,9,4,35,208
SL050,34091717228,176,3,2,17,173,2,5,21,349,7,5,38,399
SL050,34091717230,278,10,19,41,301,3,17,40,579,36,13,81,709
SL050,34091717232,93,1,4,11,83,0,2,11,176,6,1,22,205
SL050,34091717233,1451,16,36,157,1351,17,37,131,2802,73,33,288,3196
SL050,34091717234,108,1,4,7,99,2,4,13,207,8,3,20,238
SL050,34091717901,573,4,20,42,556,8,24,47,1129,44,12,89,1274
SL050,34091717902,748,16,23,56,777,10,29,54,1525,52,26,110,1713
SL050,34091717903,557,9,20,70,528,8,19,64,1085,39,17,134,1275
SL050,34011818001,129,1,4,7,137,1,1,8,266,5,2,15,288
SL050,34011818002,297,0,10,0,285,0,6,1,582,16,0,1,599
SL050,34011818003,8784,33,237,275,8766,31,287,333,17550,524,64,608,18746
SL050,34011818004,381,0,1,21,301,1,3,21,682,4,1,42,729
SL050,34011818005,210,0,3,1,194,0,5,2,404,8,0,3,415
SL050,34011818006,2462,192,45,1180,2419,179,34,617,4881,79,371,1797,7128
SL050,34011818007,411,1,1,6,399,0,3,9,810,4,1,15,830
SL050,34011818010,317,0,3,11,286,0,2,9,603,5,0,20,628
SL050,34011818011,2614,1,65,55,2519,1,70,53,5133,135,2,108,5378
SL050,34011818012,1263,3,4,63,1201,4,2,51,2464,6,7,114,2591
SL050,34011818013,2440,42,58,661,2406,44,55,274,4846,113,86,935,5980
SL050,34011818014,4331,16,132,151,4208,16,160,154,8539,292,32,305,9168
SL050,34011818015,233,0,2,0,234,0,4,2,467,6,0,2,475
SL050,34011818016,171,0,1,14,146,0,0,14,317,1,0,28,346
SL050,34011818017,10364,94,393,2181,10575,96,447,2227,20939,840,190,4408,26377
SL050,34011818018,305,0,3,3,299,0,8,6,604,11,0,9,624
SL050,34011818020,545,1,7,60,520,1,10,34,1065,17,2,94,1178
SL050,34011818021,10424,74,518,920,10547,78,605,802,20971,1123,152,1722,23968
SL050,34011818022,8580,38,300,336,8664,25,295,316,17244,595,63,652,18554
SL050,34011818023,9175,88,233,714,9443,57,231,578,18618,464,145,1292,20519
SL050,34011818024,509,2,3,4,450,0,11,6,959,14,2,10,985
SL050,34011818025,164,0,4,3,165,0,1,3,329,5,0,6,340
SL050,34011818027,1610,1,18,7,1607,0,17,25,3217,35,1,32,3285
SL050,34011818028,519,1,3,28,488,1,6,19,1007,9,2,47,1065
SL050,34011818029,1094,0,9,52,1076,1,14,51,2170,23,1,103,2297
SL050,34011818030,345,4,5,33,294,1,7,30,639,12,5,63,719
SL050,34011818032,133,3,4,18,119,2,0,23,252,4,5,41,302
SL050,34011818033,134,0,2,10,119,1,2,11,253,4,1,21,279
SL050,34011818034,270,2,2,18,265,0,5,16,535,7,2,34,578
SL050,34011818035,699,8,11,50,644,5,6,46,1343,17,13,96,1469
SL050,34011818036,2318,2,68,57,2443,6,85,91,4761,153,8,148,5070
SL050,34011818037,292,0,6,7,295,0,3,6,587,9,0,13,609
SL050,34011818038,617,2,1,23,583,4,5,18,1200,6,6,41,1253
SL050,34011818039,1965,4,33,83,1856,4,43,72,3821,76,8,155,4060
SL050,34011818040,135,3,5,41,107,6,9,37,242,14,9,78,343
SL050,34011818042,250,5,3,20,253,1,6,20,503,9,6,40,558
SL050,34011818043,67,0,4,25,57,0,2,23,124,6,0,48,178
SL050,34011818044,104,3,0,37,67,5,4,24,171,4,8,61,244
SL050,34011818045,627,1,3,61,579,0,9,57,1206,12,1,118,1337
SL050,34011818046,1024,5,4,65,964,2,10,50,1988,14,7,115,2124
SL050,34011818047,3644,19,139,167,3605,12,158,184,7249,297,31,351,7928
SL050,34011818048,1533,6,47,71,1475,4,51,56,3008,98,10,127,3243
SL050,34011818049,351,1,2,8,283,1,4,6,634,6,2,14,656
SL050,34011818050,998,1,10,9,998,0,13,15,1996,23,1,24,2044
SL050,34011818051,689,0,1,16,634,0,1,9,1323,2,0,25,1350
SL050,34011818053,894,3,6,42,882,2,10,62,1776,16,5,104,1901
SL050,34011818054,510,1,7,8,442,1,13,11,952,20,2,19,993
SL050,34011818056,1978,6,24,76,1985,11,17,74,3963,41,17,150,4171
SL050,34011818057,3437,12,133,150,3367,6,145,128,6804,278,18,278,7378
SL050,34011818059,2603,7,72,59,2641,7,95,62,5244,167,14,121,5546
SL050,34011818061,592,5,9,67,553,7,5,53,1145,14,12,120,1291
SL050,34011818062,6743,32,288,344,6721,26,325,372,13464,613,58,716,14851
SL050,34011818063,789,0,3,13,767,1,6,4,1556,9,1,17,1583
SL050,34011818064,207,0,1,5,203,0,2,2,410,3,0,7,420
SL050,34011818065,344,0,12,11,337,0,10,9,681,22,0,20,723
SL050,34011818066,1272,1,26,12,1258,2,27,18,2530,53,3,30,2616
SL050,34011818067,380,2,5,4,356,1,0,7,736,5,3,11,755
SL050,34011818068,936,1,37,43,927,1,42,45,1863,79,2,88,2032
SL050,34011818069,302,3,7,25,260,0,9,15,562,16,3,40,621
SL050,34011818070,163,0,5,2,143,0,1,6,306,6,0,8,320
SL050,34011818071,3195,4,173,95,3213,9,174,112,6408,347,13,207,6975
SL050,34011818072,389,0,11,4,369,0,13,3,758,24,0,7,789
SL050,34011818074,153,0,1,1,145,0,0,0,298,1,0,1,300
SL050,34011818076,504,0,2,11,463,0,1,12,967,3,0,23,993
SL050,34011818078,414,0,5,41,388,2,5,45,802,10,2,86,900
SL050,34011818079,2041,1,72,83,2048,0,67,75,4089,139,1,158,4387
SL050,34011818082,473,1,11,64,457,1,11,72,930,22,2,136,1090
SL050,34011818083,102,0,7,1,113,0,8,2,215,15,0,3,233
SL050,34011818084,2698,3,109,88,2633,6,81,85,5331,190,9,173,5703
SL050,34011818085,365,0,3,9,347,0,1,11,712,4,0,20,736
SL050,34011818086,186,0,2,8,171,0,1,11,357,3,0,19,379
SL050,34011818087,95931,597,3762,7124,112581,563,4975,6675,208512,8737,1160,13799,232208
SL050,34011818088,944,1,18,30,901,1,18,11,1845,36,2,41,1924
SL050,34011818089,8722,25,136,381,8942,18,148,346,17664,284,43,727,18718
SL050,34011818093,1665,97,61,964,1640,92,64,627,3305,125,189,1591,5210
SL050,34011818094,1452,2,22,41,1261,3,15,53,2713,37,5,94,2849
SL050,34011818095,1298,2,15,21,1165,0,22,18,2463,37,2,39,2541
SL050,34011818096,200,0,0,3,175,0,4,6,375,4,0,9,388
SL050,34011818097,576,1,5,32,497,2,12,26,1073,17,3,58,1151
SL050,34011818098,3534,2,21,86,3613,7,27,77,7147,48,9,163,7367
SL050,34011818099,942,3,14,11,875,1,18,18,1817,32,4,29,1882
SL050,34011818100,4662,33,214,273,4668,19,209,208,9330,423,52,481,10286
SL050,34011818101,5640,12,198,164,5555,10,206,181,11195,404,22,345,11966
SL050,34011818102,4895,3,57,108,4904,6,67,95,9799,124,9,203,10135
SL050,34011818103,418,12,8,65,427,7,6,59,845,14,19,124,1002
SL050,34011818105,2481,4,39,81,2385,6,41,48,4866,80,10,129,5085
SL050,34011818106,251,5,17,53,228,4,12,29,479,29,9,82,599
SL050,34011818107,554,0,2,5,525,0,2,16,1079,4,0,21,1104
SL050,34011818108,499,0,4,8,454,0,4,8,953,8,0,16,977
SL050,34011818109,335,4,7,132,331,3,4,93,666,11,7,225,909
SL050,34011818111,1833,1,37,61,1787,4,30,32,3620,67,5,93,3785
SL050,34011818112,52,0,0,16,58,0,1,15,110,1,0,31,142
SL050,34011818114,316,0,8,6,312,0,8,11,628,16,0,17,661
SL050,34011818115,1624,2,33,62,1543,5,34,51,3167,67,7,113,3354
SL050,34011818116,1607,1,39,91,1618,5,35,89,3225,74,6,180,3485
SL050,34011818117,300,0,4,6,259,0,3,4,559,7,0,10,576
SL050,34011818119,964,2,32,70,938,2,29,66,1902,61,4,136,2103
SL050,34011818120,158,0,2,12,148,0,2,6,306,4,0,18,328
SL050,34011818121,71,0,0,7,63,0,2,5,134,2,0,12,148
SL050,34011818122,9621,36,128,358,9715,46,126,341,19336,254,82,699,20371
SL050,34011818123,177,0,0,0,153,0,1,1,330,1,0,1,332
SL050,34011818124,209,0,3,40,174,1,0,35,383,3,1,75,462
SL050,34011818126,879,4,10,22,876,2,16,18,1755,26,6,40,1827
SL050,34011818127,10145,39,226,439,10422,41,286,449,20567,512,80,888,22047
SL050,34011818128,192,0,1,0,210,0,3,3,402,4,0,3,409
SL050,34011818132,1782,1,17,57,1778,3,23,62,3560,40,4,119,3723
SL050,34011818133,1245,15,11,140,1218,14,4,112,2463,15,29,252,2759
SL050,34011818134,3662,16,138,217,3408,19,162,204,7070,300,35,421,7826
SL050,34011818135,2560,9,17,177,2592,9,21,94,5152,38,18,271,5479
SL050,34011818136,1093,0,15,4,1039,0,6,6,2132,21,0,10,2163
SL050,34011818137,553,3,1,53,517,0,6,24,1070,7,3,77,1157
SL050,34011818138,1508,1,19,64,1461,1,25,80,2969,44,2,144,3159
SL050,34011818140,26108,360,847,2516,27108,375,863,2415,53216,1710,735,4931,60592
SL050,34011818141,239,1,2,17,186,0,1,18,425,3,1,35,464
SL050,34011818143,554,1,20,29,524,8,21,25,1078,41,9,54,1182
SL050,34011818144,508,0,7,9,454,0,5,13,962,12,0,22,996
SL050,34011818145,6558,13,191,178,6569,27,266,223,13127,457,40,401,14025
SL050,34011818146,541,3,7,58,534,5,7,43,1075,14,8,101,1198
SL050,34011818147,2118,61,41,617,2111,66,49,586,4229,90,127,1203,5649
SL050,34011818148,478,1,5,39,463,3,7,33,941,12,4,72,1029
SL050,34011818149,3254,9,103,112,3176,13,120,130,6430,223,22,242,6917
SL050,34011818150,3929,5,155,131,3868,8,157,143,7797,312,13,274,8396
SL050,34011818151,142,1,3,14,145,0,2,14,287,5,1,28,321
SL050,34011818152,539,0,7,10,566,0,8,4,1105,15,0,14,1134
SL050,34011818153,5361,8,147,87,5426,5,150,102,10787,297,13,189,11286
SL050,34011818154,577,0,18,5,556,0,11,10,1133,29,0,15,1177
SL050,34011818157,723,2,13,24,642,3,16,26,1365,29,5,50,1449
SL050,34011818158,4945,3,77,76,4884,5,90,64,9829,167,8,140,10144
SL050,34011818159,571,4,13,20,488,1,13,10,1059,26,5,30,1120
SL050,34011818161,123,0,2,2,109,0,0,0,232,2,0,2,236
SL050,34011818162,568,37,15,309,514,26,14,220,1082,29,63,529,1703
SL050,34011818163,187,0,4,8,180,0,7,3,367,11,0,11,389
SL050,34011818164,1091,5,12,68,1045,6,17,48,2136,29,11,116,2292
SL050,34011818165,2546,2,64,44,2591,0,61,40,5137,125,2,84,5348
SL050,34011818167,1143,2,6,25,1107,3,12,14,2250,18,5,39,2312
SL050,34011818168,452,0,2,14,429,0,9,10,881,11,0,24,916
SL050,34011818170,182,0,4,26,150,0,2,18,332,6,0,44,382
SL050,34011818171,1288,1,17,24,1266,2,16,25,2554,33,3,49,2639
SL050,34011818173,5403,44,102,624,5384,39,145,655,10787,247,83,1279,12396
SL050,34011818174,259,0,1,21,234,2,5,19,493,6,2,40,541
SL050,34011818175,6902,8,222,236,7144,16,259,199,14046,481,24,435,14986
SL050,34011818176,126,0,9,9,102,0,10,10,228,19,0,19,266
SL050,34011818177,215,16,3,65,187,8,6,45,402,9,24,110,545
SL050,34011818178,383,1,16,2,338,0,14,5,721,30,1,7,759
SL050,34011818179,304,4,1,38,285,2,3,26,589,4,6,64,663
SL050,34011818180,374,1,2,9,340,0,7,9,714,9,1,18,742
SL050,34011818181,137,0,0,16,88,0,0,14,225,0,0,30,255
SL050,34011818182,1155,9,11,65,1174,7,9,91,2329,20,16,156,2521
SL050,34011818183,323,0,2,19,305,1,3,19,628,5,1,38,672
SL050,34011818184,1257,9,29,130,1279,11,24,131,2536,53,20,261,2870
SL050,34011818185,316,2,4,10,266,0,3,9,582,7,2,19,610
SL050,34011818187,307,0,2,1,271,0,2,2,578,4,0,3,585
SL050,34011818188,965,3,17,12,984,0,23,20,1949,40,3,32,2024
SL050,34011818189,478,1,15,15,441,1,10,19,919,25,2,34,980
SL050,34011818192,784,70,24,219,759,50,18,133,1543,42,120,352,2057
SL050,34011818193,8754,33,284,303,8974,25,298,324,17728,582,58,627,18995
SL050,34011818194,1217,9,12,100,1144,3,19,93,2361,31,12,193,2597
SL050,34011818901,284,2,11,46,249,2,13,46,533,24,4,92,653
SL050,34011818902,422,0,15,28,433,1,7,29,855,22,1,57,935
SL050,34011818903,517,3,5,31,480,0,8,35,997,13,3,66,1079
SL050,34011818904,440,5,16,89,347,4,12,65,787,28,9,154,978
SL050,34011818905,9772,34,320,421,9317,30,355,454,19089,675,64,875,20703
SL050,34011818906,495,5,6,32,449,0,5,36,944,11,5,68,1028
SL050,34011818907,1057,2,22,13,1006,2,26,17,2063,48,4,30,2145
SL050,34011818908,440,1,22,14,438,1,21,13,878,43,2,27,950
SL050,34011818909,325,0,8,1,279,0,3,3,604,11,0,4,619
SL050,34011818910,445,1,5,24,412,1,3,28,857,8,2,52,919
SL050,34011818911,5271,13,185,140,5041,8,169,154,10312,354,21,294,10981
SL050,34011818912,807,3,6,70,808,2,7,71,1615,13,5,141,1774
SL050,34011818913,422,0,1,9,420,0,0,3,842,1,0,12,855
SL050,34011818914,991,0,16,13,1031,1,17,17,2022,33,1,30,2086
SL050,34011818915,450,0,12,3,406,0,13,6,856,25,0,9,890
SL050,34081919001,25,1,1,2,19,1,1,3,44,2,2,5,53
SL050,34081919002,34,0,0,0,26,0,0,0,60,0,0,0,60
SL050,34081919003,17,0,0,0,14,0,0,0,31,0,0,0,31
SL050,34081919004,27,0,0,0,34,0,0,1,61,0,0,1,62
SL050,34081919005,53,2,3,43,31,0,3,21,84,6,2,64,156
SL050,34081919006,455,6,10,46,355,3,4,39,810,14,9,85,918
SL050,34081919007,248,6,0,17,254,3,4,8,502,4,9,25,540
SL050,34081919008,30,0,0,1,12,0,1,2,42,1,0,3,46
SL050,34081919009,145,2,0,21,122,3,5,28,267,5,5,49,326
SL050,34081919010,7,0,1,0,4,0,0,0,11,1,0,0,12
SL050,34081919011,125,8,11,30,100,2,19,26,225,30,10,56,321
SL050,34081919013,71,0,1,7,46,0,0,0,117,1,0,7,125
SL050,34081919015,48,0,1,0,33,0,1,1,81,2,0,1,84
SL050,34081919016,42,0,0,0,14,0,2,1,56,2,0,1,59
SL050,34081919017,39,0,0,7,23,1,1,6,62,1,1,13,77
SL050,34081919018,88,0,1,1,64,0,0,3,152,1,0,4,157
SL050,34081919019,8,0,0,0,7,0,0,1,15,0,0,1,16
SL050,34081919020,30,0,2,6,13,0,2,5,43,4,0,11,58
SL050,34081919021,611,6,17,52,563,3,15,39,1174,32,9,91,1306
SL050,34081919022,317,1,8,26,314,4,15,35,631,23,5,61,720
SL050,34081919023,80,0,1,7,73,2,3,11,153,4,2,18,177
SL050,34081919024,5661,58,261,403,5388,61,301,437,11049,562,119,840,12570
SL050,34081919027,80,0,2,7,63,2,0,3,143,2,2,10,157
SL050,34081919031,8,0,0,0,2,0,0,0,10,0,0,0,10
SL050,34081919032,78,0,0,5,70,0,4,6,148,4,0,11,163
SL050,34081919033,29,0,0,0,22,0,0,0,51,0,0,0,51
SL050,34081919034,17,0,0,0,6,0,0,0,23,0,0,0,23
SL050,34081919036,146,7,9,43,134,5,6,40,280,15,12,83,390
SL050,34081919037,83,0,1,9,60,1,0,4,143,1,1,13,158
SL050,34081919038,19,0,0,0,7,0,0,0,26,0,0,0,26
SL050,34081919039,42,0,1,1,20,0,0,1,62,1,0,2,65
SL050,34081919040,32,0,0,0,17,0,1,1,49,1,0,1,51
SL050,34081919041,110,0,7,7,82,3,8,9,192,15,3,16,226
SL050,34081919042,12,0,0,0,10,0,0,0,22,0,0,0,22
SL050,34081919043,59,0,0,0,33,0,0,0,92,0,0,0,92
SL050,34081919044,179,7,8,53,130,6,8,40,309,16,13,93,431
SL050,34081919045,80,0,0,1,58,0,2,5,138,2,0,6,146
SL050,34081919046,13265,498,1043,2744,12896,462,1137,2640,26161,2180,960,5384,34685
SL050,34081919047,29,0,0,0,25,0,1,0,54,1,0,0,55
SL050,34081919048,12,0,0,0,5,0,0,0,17,0,0,0,17
SL050,34081919049,9,0,0,3,0,0,0,2,9,0,0,5,14
SL050,34081919050,10,0,1,0,5,0,0,0,15,1,0,0,16
SL050,34081919051,34,0,0,0,16,0,0,0,50,0,0,0,50
SL050,34081919052,16,0,0,0,9,0,0,1,25,0,0,1,26
SL050,34081919053,1096,14,36,106,969,21,43,114,2065,79,35,220,2399
SL050,34081919054,114,1,1,6,76,2,0,8,190,1,3,14,208
SL050,34081919055,21,0,0,0,22,0,0,0,43,0,0,0,43
SL050,34081919057,45,0,1,0,26,0,2,2,71,3,0,2,76
SL050,34081919058,4586,60,201,291,4335,62,245,343,8921,446,122,634,10123
SL050,34081919059,43,0,0,2,33,0,0,1,76,0,0,3,79
SL050,34081919060,85,0,5,4,48,0,2,3,133,7,0,7,147
SL050,34081919061,37,0,0,1,14,0,0,0,51,0,0,1,52
SL050,34081919064,39,0,0,1,23,0,0,0,62,0,0,1,63
SL050,34081919065,79,2,0,7,47,2,3,4,126,3,4,11,144
SL050,34081919066,30,1,0,2,18,0,4,3,48,4,1,5,58
SL050,34081919067,39,0,1,0,23,0,0,1,62,1,0,1,64
SL050,34081919070,34,2,6,9,30,0,5,7,64,11,2,16,93
SL050,34081919071,5159,72,317,461,4796,77,416,514,9955,733,149,975,11812
SL050,34081919073,15,0,0,0,3,0,0,0,18,0,0,0,18
SL050,34081919074,42,2,0,5,25,0,0,9,67,0,2,14,83
SL050,34081919075,39,0,0,0,22,0,1,1,61,1,0,1,63
SL050,34081919076,11,0,0,3,11,0,0,1,22,0,0,4,26
SL050,34081919078,34,0,1,1,18,0,0,2,52,1,0,3,56
SL050,34081919079,5,0,0,0,4,0,0,0,9,0,0,0,9
SL050,34081919080,37,0,0,2,32,0,0,0,69,0,0,2,71
SL050,34081919081,15,0,0,0,8,0,1,0,23,1,0,0,24
SL050,34081919082,55,0,1,1,41,0,4,5,96,5,0,6,107
SL050,34081919086,809,11,16,60,709,8,28,56,1518,44,19,116,1697
SL050,34081919087,12,0,0,0,10,0,0,1,22,0,0,1,23
SL050,34081919088,53,0,1,5,35,0,3,7,88,4,0,12,104
SL050,34081919089,19,0,0,1,6,0,4,2,25,4,0,3,32
SL050,34081919090,51,1,1,6,48,1,2,5,99,3,2,11,115
SL050,34081919091,16,0,0,1,9,0,2,2,25,2,0,3,30
SL050,34081919092,258,15,1,49,170,10,2,44,428,3,25,93,549
SL050,34081919095,8,0,0,1,4,0,0,1,12,0,0,2,14
SL050,34081919096,51,1,1,7,34,0,2,9,85,3,1,16,105
SL050,34081919097,12,0,0,0,3,0,0,1,15,0,0,1,16
SL050,34081919098,13,0,0,4,6,0,0,1,19,0,0,5,24
SL050,34081919099,178,1,3,6,143,1,3,10,321,6,2,16,345
SL050,34081919102,46,3,4,8,45,2,4,6,91,8,5,14,118
SL050,34081919103,154,1,2,6,100,0,1,9,254,3,1,15,273
SL050,34081919104,9,0,0,0,8,0,0,0,17,0,0,0,17
SL050,34081919105,1642,21,65,91,1497,16,61,115,3139,126,37,206,3508
SL050,34081919106,49,0,1,3,35,2,0,2,84,1,2,5,92
SL050,34081919107,169,2,1,10,145,0,3,9,314,4,2,19,339
SL050,34081919108,49,0,7,2,43,0,5,3,92,12,0,5,109
SL050,34081919109,20,0,0,0,15,0,0,0,35,0,0,0,35
SL050,34081919110,30,0,0,2,26,0,0,2,56,0,0,4,60
SL050,34081919111,98,1,1,5,60,1,2,3,158,3,2,8,171
SL050,34081919112,19,0,1,0,30,0,0,0,49,1,0,0,50
SL050,34081919113,270,5,6,62,257,8,8,49,527,14,13,111,665
SL050,34081919114,24,0,0,2,12,0,0,0,36,0,0,2,38
SL050,34081919115,16,0,1,0,11,0,0,2,27,1,0,2,30
SL050,34081919116,8,0,0,0,5,0,0,0,13,0,0,0,13
SL050,34081919117,1070,17,40,105,942,18,48,124,2012,88,35,229,2364
SL050,34081919118,5,0,0,0,3,0,0,0,8,0,0,0,8
SL050,34081919119,52,0,1,3,29,0,0,3,81,1,0,6,88
SL050,34081919120,65,0,1,7,48,0,1,9,113,2,0,16,131
SL050,34081919121,138,3,3,16,117,0,0,7,255,3,3,23,284
SL050,34081919122,45,0,0,4,38,0,1,1,83,1,0,5,89
SL050,34081919123,19,0,0,5,16,0,0,3,35,0,0,8,43
SL050,34081919124,238,6,12,34,187,6,10,33,425,22,12,67,526
SL050,34081919125,28,0,0,5,13,0,0,3,41,0,0,8,49
SL050,34081919126,1150,11,61,70,1001,7,46,70,2151,107,18,140,2416
SL050,34081919127,54,0,0,4,46,0,0,3,100,0,0,7,107
SL050,34081919129,17,0,0,0,11,0,0,1,28,0,0,1,29
SL050,34081919130,33677,619,2051,4488,36539,534,2486,4516,70216,4537,1153,9004,84910
SL050,34081919132,47,1,0,4,41,2,0,5,88,0,3,9,100
SL050,34081919133,55,7,2,101,37,9,2,59,92,4,16,160,272
SL050,34081919134,12,0,0,0,7,0,0,0,19,0,0,0,19
SL050,34081919135,60,0,0,7,44,1,0,6,104,0,1,13,118
SL050,34081919136,5,0,1,4,9,0,0,0,14,1,0,4,19
SL050,34081919138,147,2,3,17,107,2,5,24,254,8,4,41,307
SL050,34081919139,18,0,0,0,11,0,0,0,29,0,0,0,29
SL050,34081919142,149,4,11,14,100,3,8,10,249,19,7,24,299
SL050,34081919143,1087,24,38,139,1054,26,46,124,2141,84,50,263,2538
SL050,34081919145,26,0,0,0,15,1,0,1,41,0,1,1,43
SL050,34081919146,26,0,0,2,16,0,0,0,42,0,0,2,44
SL050,34081919147,28,0,1,0,13,0,0,0,41,1,0,0,42
SL050,34081919148,28,0,1,5,16,1,1,1,44,2,1,6,53
SL050,34081919150,75,1,3,2,46,0,3,0,121,6,1,2,130
SL050,34081919151,589,20,26,96,603,20,29,104,1192,55,40,200,1487
SL050,34081919152,314,1,11,39,242,4,16,27,556,27,5,66,654
SL050,34081919153,13,0,0,0,8,0,0,0,21,0,0,0,21
SL050,34081919154,42,0,0,0,21,0,0,0,63,0,0,0,63
SL050,34081919155,46,0,0,3,23,0,0,1,69,0,0,4,73
SL050,34081919156,563,28,18,143,496,28,17,141,1059,35,56,284,1434
SL050,34081919157,38,0,0,1,15,0,1,0,53,1,0,1,55
SL050,34081919159,51,0,0,1,35,1,2,9,86,2,1,10,99
SL050,34081919160,581,13,21,43,437,11,45,48,1018,66,24,91,1199
SL050,34081919161,125,0,4,1,115,0,4,1,240,8,0,2,250
SL050,34081919162,35,0,2,4,29,0,1,1,64,3,0,5,72
SL050,34081919163,28,0,4,2,30,0,2,1,58,6,0,3,67
SL050,34081919165,26,2,1,2,21,0,1,2,47,2,2,4,55
SL050,34081919166,95,1,2,3,77,0,3,2,172,5,1,5,183
SL050,34081919167,82,2,0,3,66,1,0,2,148,0,3,5,156
SL050,34081919168,136,2,2,9,137,0,2,9,273,4,2,18,297
SL050,34081919169,20,0,1,1,15,0,0,0,35,1,0,1,37
SL050,34081919170,104,2,3,11,77,1,9,15,181,12,3,26,222
SL050,34081919171,3080,71,167,308,3039,61,179,324,6119,346,132,632,7229
SL050,34081919172,29,0,0,0,21,0,0,1,50,0,0,1,51
SL050,34081919173,32,0,1,5,18,1,0,4,50,1,1,9,61
SL050,34081919174,51,0,0,3,44,2,0,6,95,0,2,9,106
SL050,34081919175,13,3,0,1,17,0,0,3,30,0,3,4,37
SL050,34081919176,123,2,2,9,109,0,0,12,232,2,2,21,257
SL050,34081919177,37,0,0,0,33,0,1,1,70,1,0,1,72
SL050,34081919178,19,0,0,0,11,0,0,0,30,0,0,0,30
SL050,34081919179,42,4,0,5,31,2,0,4,73,0,6,9,88
SL050,34081919181,36,1,0,0,23,0,0,0,59,0,1,0,60
SL050,34081919182,25,1,0,0,14,0,0,0,39,0,1,0,40
SL050,34081919183,45,0,2,0,28,0,1,1,73,3,0,1,77
SL050,34081919184,40,8,1,14,26,2,2,9,66,3,10,23,102
SL050,34081919185,19,0,0,0,9,0,0,0,28,0,0,0,28
SL050,34081919186,49,0,0,0,33,0,1,0,82,1,0,0,83
SL050,34081919187,25,1,0,6,20,0,0,3,45,0,1,9,55
SL050,34081919188,24,0,1,2,19,0,1,1,43,2,0,3,48
SL050,34081919189,68,1,8,14,61,0,6,14,129,14,1,28,172
SL050,34081919190,1297,57,40,260,1291,54,63,233,2588,103,111,493,3295
SL050,34081919191,6,0,0,0,8,0,0,0,14,0,0,0,14
SL050,34081919192,1012,42,75,227,992,52,62,175,2004,137,94,402,2637
SL050,34081919193,14,0,0,1,10,0,1,0,24,1,0,1,26
SL050,34081919194,54,0,0,3,40,0,2,1,94,2,0,4,100
SL050,34081919195,23,0,0,0,15,0,0,0,38,0,0,0,38
SL050,34081919196,55,0,0,0,42,0,0,5,97,0,0,5,102
SL050,34081919197,19,0,0,0,9,0,0,0,28,0,0,0,28
SL050,34081919198,9,0,0,0,8,0,0,0,17,0,0,0,17
SL050,34081919199,13,0,0,0,5,0,0,0,18,0,0,0,18
SL050,34081919200,40,0,2,1,30,0,2,0,70,4,0,1,75
SL050,34081919201,32,0,0,3,27,0,1,1,59,1,0,4,64
SL050,34081919202,5,0,0,0,4,0,0,0,9,0,0,0,9
SL050,34081919203,16,0,0,0,11,0,0,0,27,0,0,0,27
SL050,34081919204,97,0,2,10,61,0,2,5,158,4,0,15,177
SL050,34081919208,25,0,0,0,15,0,1,0,40,1,0,0,41
SL050,34081919209,25,0,0,0,17,0,0,2,42,0,0,2,44
SL050,34081919210,10,0,0,0,7,0,1,1,17,1,0,1,19
SL050,34081919211,215,1,4,8,149,0,1,11,364,5,1,19,389
SL050,34081919212,382,7,11,39,385,6,9,34,767,20,13,73,873
SL050,34081919213,44,0,2,1,23,0,7,0,67,9,0,1,77
SL050,34081919214,44,0,0,0,32,0,0,0,76,0,0,0,76
SL050,34081919215,97,0,0,1,53,0,0,1,150,0,0,2,152
SL050,34081919216,80,1,0,2,68,1,0,4,148,0,2,6,156
SL050,34081919217,31,1,0,2,14,0,0,1,45,0,1,3,49
SL050,34081919218,27,0,0,0,24,0,0,1,51,0,0,1,52
SL050,34081919219,9,0,0,0,2,0,0,0,11,0,0,0,11
SL050,34081919220,1647,39,96,196,1441,33,90,228,3088,186,72,424,3770
SL050,34081919221,26,7,0,3,14,2,0,4,40,0,9,7,56
SL050,34081919222,56,0,0,1,51,0,1,2,107,1,0,3,111
SL050,34081919223,60,0,0,2,52,1,1,4,112,1,1,6,120
SL050,34081919224,64,0,0,1,40,0,0,1,104,0,0,2,106
SL050,34081919225,574,15,22,65,491,15,24,63,1065,46,30,128,1269
SL050,34081919226,26,0,0,3,13,0,0,0,39,0,0,3,42
SL050,34081919227,40,0,0,0,21,0,0,0,61,0,0,0,61
SL050,34081919228,18,0,1,2,8,1,2,4,26,3,1,6,36
SL050,34081919229,33,0,0,0,27,0,0,0,60,0,0,0,60
SL050,34081919230,346,6,22,32,323,3,24,22,669,46,9,54,778
SL050,34081919231,7,0,0,1,4,0,0,0,11,0,0,1,12
SL050,34081919232,38,0,0,0,22,0,0,0,60,0,0,0,60
SL050,34081919233,52,0,0,2,35,0,1,2,87,1,0,4,92
SL050,34081919234,27,0,0,1,13,0,1,0,40,1,0,1,42
SL050,34081919235,49,0,0,1,35,0,1,1,84,1,0,2,87
SL050,34081919237,25,0,0,0,18,0,1,0,43,1,0,0,44
SL050,34081919238,27,0,0,2,18,0,1,1,45,1,0,3,49
SL050,34081919239,39,0,2,12,41,1,2,9,80,4,1,21,106
SL050,34081919240,26,0,1,0,18,0,0,0,44,1,0,0,45
SL050,34081919241,24,0,0,1,16,1,0,0,40,0,1,1,42
SL050,34081919242,51,0,1,1,41,0,3,3,92,4,0,4,100
SL050,34081919243,30,0,0,0,10,0,0,0,40,0,0,0,40
SL050,34081919244,43,0,1,3,33,0,1,4,76,2,0,7,85
SL050,34081919245,667,13,19,93,609,10,23,85,1276,42,23,178,1519
SL050,34081919246,22,0,1,0,18,0,1,2,40,2,0,2,44
SL050,34081919247,83,0,1,3,66,0,1,1,149,2,0,4,155
SL050,34081919248,45,0,1,0,26,0,0,0,71,1,0,0,72
SL050,34081919249,16,1,0,2,15,0,0,1,31,0,1,3,35
SL050,34081919250,10,0,0,0,7,0,1,0,17,1,0,0,18
SL050,34081919251,27,0,1,3,16,0,2,4,43,3,0,7,53
SL050,34081919252,38,1,0,8,29,0,0,5,67,0,1,13,81
SL050,34081919254,19,0,1,2,22,0,1,2,41,2,0,4,47
SL050,34081919255,40,0,0,5,28,0,1,2,68,1,0,7,76
SL050,34081919256,25,0,0,6,19,0,1,2,44,1,0,8,53
SL050,34081919257,1758,22,75,299,1809,39,103,251,3567,178,61,550,4356
SL050,34081919258,52,0,0,4,36,0,0,4,88,0,0,8,96
SL050,34081919259,16,0,0,0,18,0,0,1,34,0,0,1,35
SL050,34081919260,21,0,0,1,16,0,2,1,37,2,0,2,41
SL050,34081919261,17,0,0,1,15,0,0,1,32,0,0,2,34
SL050,34081919262,65,0,1,1,55,0,0,1,120,1,0,2,123
SL050,34081919263,13,0,0,9,9,0,0,13,22,0,0,22,44
SL050,34081919264,20,0,0,1,12,0,0,0,32,0,0,1,33
SL050,34081919265,73,1,0,14,54,0,2,5,127,2,1,19,149
SL050,34081919266,137,3,0,26,109,3,3,23,246,3,6,49,304
SL050,34081919267,12,0,0,0,10,0,0,0,22,0,0,0,22
SL050,34081919268,17,2,0,1,10,0,0,0,27,0,2,1,30
SL050,34081919269,53,0,1,1,38,0,0,3,91,1,0,4,96
SL050,34081919270,9,0,0,1,3,0,0,0,12,0,0,1,13
SL050,34081919271,25,0,0,3,20,0,0,2,45,0,0,5,50
SL050,34081919272,39,3,0,12,29,4,1,8,68,1,7,20,96
SL050,34081919274,607,14,37,83,536,10,38,99,1143,75,24,182,1424
SL050,34081919277,13,0,0,0,6,0,0,0,19,0,0,0,19
SL050,34081919278,15,0,0,0,10,0,0,0,25,0,0,0,25
SL050,34081919279,35,3,1,229,22,6,2,204,57,3,9,433,502
SL050,34081919280,2358,53,107,236,2137,50,121,238,4495,228,103,474,5300
SL050,34081919281,14,0,0,1,8,0,0,0,22,0,0,1,23
SL050,34081919282,93,2,0,7,66,1,0,6,159,0,3,13,175
SL050,34081919283,12,1,2,4,14,1,3,3,26,5,2,7,40
SL050,34081919284,7,0,0,0,4,0,0,0,11,0,0,0,11
SL050,34081919285,12,0,0,0,10,0,0,0,22,0,0,0,22
SL050,34081919286,492,4,19,46,391,5,22,33,883,41,9,79,1012
SL050,34081919287,93,2,1,19,75,2,1,13,168,2,4,32,206
SL050,34081919288,12,0,0,0,6,0,0,0,18,0,0,0,18
SL050,34081919289,17,0,1,1,8,0,0,0,25,1,0,1,27
SL050,34081919290,494,7,34,91,408,6,45,87,902,79,13,178,1172
SL050,34081919291,621,6,16,50,563,1,17,45,1184,33,7,95,1319
SL050,34081919293,1168,18,52,96,1052,15,83,89,2220,135,33,185,2573
SL050,34081919294,15,0,0,1,12,0,0,0,27,0,0,1,28
SL050,34081919296,23,0,0,1,9,0,0,2,32,0,0,3,35
SL050,34081919297,18,0,0,0,15,0,2,0,33,2,0,0,35
SL050,34081919298,39,0,0,13,22,0,0,5,61,0,0,18,79
SL050,34081919299,54,0,1,2,50,0,1,0,104,2,0,2,108
SL050,34081919300,496,8,19,33,441,4,25,36,937,44,12,69,1062
SL050,34081919301,23,0,0,1,16,0,0,0,39,0,0,1,40
SL050,34081919302,35,0,0,0,22,0,0,0,57,0,0,0,57
SL050,34081919303,32,0,0,3,13,0,0,1,45,0,0,4,49
SL050,34081919304,129,0,5,6,104,1,4,4,233,9,1,10,253
SL050,34081919305,94,0,1,4,63,1,1,4,157,2,1,8,168
SL050,34081919306,10,0,1,1,10,0,0,0,20,1,0,1,22
SL050,34081919307,15,0,1,0,8,0,0,1,23,1,0,1,25
SL050,34081919308,40,0,1,0,18,0,0,0,58,1,0,0,59
SL050,34081919309,12,0,0,0,12,0,0,1,24,0,0,1,25
SL050,34081919310,5,0,0,0,3,0,0,0,8,0,0,0,8
SL050,34081919311,41,0,2,1,35,0,2,1,76,4,0,2,82
SL050,34081919314,31,0,1,0,16,0,0,0,47,1,0,0,48
SL050,34081919317,73,2,2,12,62,1,5,5,135,7,3,17,162
SL050,34081919318,19,0,0,0,6,0,3,1,25,3,0,1,29
SL050,34081919319,2988,28,120,162,2918,20,148,184,5906,268,48,346,6568
SL050,34081919321,25,1,0,4,11,0,0,6,36,0,1,10,47
SL050,34081919322,13,0,0,0,14,0,0,0,27,0,0,0,27
SL050,34081919323,21,0,0,0,15,0,0,0,36,0,0,0,36
SL050,34081919324,96,1,0,6,74,2,1,5,170,1,3,11,185
SL050,34081919325,70,0,0,0,66,0,1,0,136,1,0,0,137
SL050,34081919326,1448,36,130,222,1255,28,128,271,2703,258,64,493,3518
SL050,34081919327,216,5,3,12,192,2,3,11,408,6,7,23,444
SL050,34081919329,30,0,2,1,27,0,0,3,57,2,0,4,63
SL050,34081919330,39,1,0,6,28,0,0,3,67,0,1,9,77
SL050,34081919331,1612,49,91,243,1561,46,87,248,3173,178,95,491,3937
SL050,34081919332,48,0,0,2,35,0,1,0,83,1,0,2,86
SL050,34081919333,74,1,1,6,38,0,2,3,112,3,1,9,125
SL050,34081919334,21,0,0,0,13,1,1,1,34,1,1,1,37
SL050,34081919335,29,0,3,4,24,1,1,8,53,4,1,12,70
SL050,34081919901,22,0,1,0,17,0,0,0,39,1,0,0,40
SL050,34162020001,170,0,0,3,140,0,2,5,310,2,0,8,320
SL050,34162020002,253,0,2,1,210,0,2,1,463,4,0,2,469
SL050,34162020003,359,8,10,17,352,3,10,18,711,20,11,35,777
SL050,34162020004,157,0,2,1,146,0,1,2,303,3,0,3,309
SL050,34162020005,767,12,18,87,747,15,18,62,1514,36,27,149,1726
SL050,34162020006,179,0,1,3,185,0,2,4,364,3,0,7,374
SL050,34162020007,210,0,2,11,199,1,1,3,409,3,1,14,427
SL050,34162020008,489,7,5,7,393,11,3,24,882,8,18,31,939
SL050,34162020009,6707,61,125,316,6823,53,172,361,13530,297,114,677,14618
SL050,34162020010,947,13,19,73,901,8,20,53,1848,39,21,126,2034
SL050,34162020011,1020,4,14,32,1020,2,7,37,2040,21,6,69,2136
SL050,34162020012,95,0,1,4,93,1,1,10,188,2,1,14,205
SL050,34162020013,3301,16,51,146,3237,14,74,148,6538,125,30,294,6987
SL050,34162020014,753,5,19,25,683,2,16,30,1436,35,7,55,1533
SL050,34162020015,812,8,9,34,753,3,12,38,1565,21,11,72,1669
SL050,34162020016,1029,4,13,52,920,5,20,38,1949,33,9,90,2081
SL050,34162020017,5125,74,135,434,5243,79,104,415,10368,239,153,849,11609
SL050,34162020018,6696,66,140,485,6784,57,144,414,13480,284,123,899,14786
SL050,34162020019,5877,156,160,745,5993,132,187,631,11870,347,288,1376,13881
SL050,34162020020,88,1,0,1,55,0,0,6,143,0,1,7,151
SL050,34162020021,122,0,2,5,104,0,3,3,226,5,0,8,239
SL050,34162020022,548,0,1,10,494,0,11,17,1042,12,0,27,1081
SL050,34162020023,296,3,3,13,259,0,9,19,555,12,3,32,602
SL050,34162020024,261,1,8,9,211,0,9,9,472,17,1,18,508
SL050,34162020025,696,7,28,42,679,8,16,43,1375,44,15,85,1519
SL050,34162020026,115,0,1,4,126,0,4,2,241,5,0,6,252
SL050,34162020027,1769,25,45,116,1609,14,39,108,3378,84,39,224,3725
SL050,34162020028,1335,21,32,101,1362,16,26,83,2697,58,37,184,2976
SL050,34162020029,2495,10,60,152,2522,6,79,133,5017,139,16,285,5457
SL050,34162020030,11715,169,441,969,12537,146,532,897,24252,973,315,1866,27406
SL050,34162020031,122,0,0,1,109,0,1,6,231,1,0,7,239
SL050,34162020032,5081,69,145,435,5209,57,191,395,10290,336,126,830,11582
SL050,34162020033,531,0,14,27,522,1,18,22,1053,32,1,49,1135
SL050,34162020034,1908,15,29,100,1905,10,31,89,3813,60,25,189,4087
SL050,34162020035,284,0,3,9,263,2,5,9,547,8,2,18,575
SL050,34162020036,7695,43,285,439,7746,28,347,435,15441,632,71,874,17018
SL050,34162020037,71,0,1,2,53,0,0,2,124,1,0,4,129
SL050,34162020038,248,0,4,4,219,0,4,9,467,8,0,13,488
SL050,34162020039,1264,12,39,113,1237,6,41,106,2501,80,18,219,2818
SL050,34162020040,8948,79,277,586,9308,74,338,612,18256,615,153,1198,20222
SL050,34162020041,156,0,2,7,138,0,4,6,294,6,0,13,313
SL050,34162020042,1866,25,49,142,1896,21,50,123,3762,99,46,265,4172
SL050,34162020043,1071,16,22,61,1060,10,23,42,2131,45,26,103,2305
SL050,34162020044,212,3,14,19,207,3,8,22,419,22,6,41,488
SL050,34162020045,26011,314,1212,2769,27302,262,1513,2600,53313,2725,576,5369,61983
SL050,34162020046,843,11,32,75,796,9,34,62,1639,66,20,137,1862
SL050,34162020047,297,1,10,19,280,1,13,20,577,23,2,39,641
SL050,34162020048,133,0,6,0,109,0,3,2,242,9,0,2,253
SL050,34162020049,2524,37,44,233,2498,53,51,206,5022,95,90,439,5646
SL050,34162020050,172,3,6,14,154,2,9,17,326,15,5,31,377
SL050,34162020051,4042,15,62,132,3912,18,64,139,7954,126,33,271,8384
SL050,34162020052,652,5,18,53,642,4,18,38,1294,36,9,91,1430
SL050,34162020053,2835,13,56,102,2865,7,64,103,5700,120,20,205,6045
SL050,34162020054,289,3,3,17,264,0,8,18,553,11,3,35,602
SL050,34162020055,9785,69,305,663,10055,53,386,703,19840,691,122,1366,22019
SL050,34162020056,2417,16,66,213,2438,17,56,131,4855,122,33,344,5354
SL050,34162020057,137,0,2,0,112,0,1,0,249,3,0,0,252
SL050,34162020058,435,5,14,24,431,2,9,25,866,23,7,49,945
SL050,34162020059,5229,24,136,212,5279,17,208,230,10508,344,41,442,11335
SL050,34162020060,66,0,0,1,55,0,0,1,121,0,0,2,123
SL050,34162020061,2691,19,71,217,2634,25,89,202,5325,160,44,419,5948
SL050,34162020062,570,16,30,45,571,7,14,49,1141,44,23,94,1302
SL050,34162020063,4791,31,104,177,4869,18,112,174,9660,216,49,351,10276
SL050,34162020064,6792,93,285,569,7393,65,361,570,14185,646,158,1139,16128
SL050,34162020065,1694,28,51,172,1722,24,50,153,3416,101,52,325,3894
SL050,34162020066,293,0,4,14,261,1,2,14,554,6,1,28,589
SL050,34162020067,17260,148,519,1110,18352,167,628,1171,35612,1147,315,2281,39355
SL050,34162020068,118,0,2,9,94,2,2,5,212,4,2,14,232
SL050,34162020069,78677,460,3025,5602,87304,450,4444,6703,165981,7469,910,12305,186665
SL050,34162020070,652,7,17,44,646,9,16,41,1298,33,16,85,1432
SL050,34162020071,8589,76,195,571,9136,54,266,638,17725,461,130,1209,19525
SL050,34162020072,2870,13,66,131,2836,11,92,151,5706,158,24,282,6170
SL050,34162020073,2903,14,49,126,2857,13,65,138,5760,114,27,264,6165
SL050,34162020074,6650,51,127,429,6743,50,173,373,13393,300,101,802,14596
SL050,34162020075,2585,45,68,240,2591,52,58,242,5176,126,97,482,5881
SL050,34162020076,4024,143,134,695,4217,164,163,610,8241,297,307,1305,10150
SL050,34162020077,3053,27,65,174,3150,15,79,167,6203,144,42,341,6730
SL050,34162020078,705,18,16,88,667,24,17,78,1372,33,42,166,1613
SL050,34162020079,10412,46,305,545,10864,52,390,609,21276,695,98,1154,23223
SL050,34162020080,4452,50,107,248,4573,23,112,269,9025,219,73,517,9834
SL050,34162020081,4645,35,109,215,4615,32,137,256,9260,246,67,471,10044
SL050,34162020901,921,7,24,62,884,14,29,69,1805,53,21,131,2010
SL050,34162020902,7971,59,243,600,8364,53,333,630,16335,576,112,1230,18253
SL050,34162020903,2989,9,87,119,2815,10,118,125,5804,205,19,244,6272
SL050,34162020904,72,0,0,3,56,0,2,4,128,2,0,7,137
SL050,34162020905,104,0,2,6,99,1,1,5,203,3,1,11,218
SL050,34162020906,85,0,2,0,88,0,2,2,173,4,0,2,179
SL050,34162020907,82,0,0,1,65,0,1,4,147,1,0,5,153
SL050,34012121001,356,1,8,20,349,1,10,18,705,18,2,38,763
SL050,34012121002,9993,14,251,208,9995,16,294,283,19988,545,30,491,21054
SL050,34012121003,415,2,5,17,370,2,8,18,785,13,4,35,837
SL050,34012121004,954,2,11,17,827,2,9,15,1781,20,4,32,1837
SL050,34012121005,9509,214,231,1688,9381,204,219,2567,18890,450,418,4255,24013
SL050,34012121006,1867,5,23,31,1939,5,29,43,3806,52,10,74,3942
SL050,34012121007,3797,9,52,101,3917,4,41,119,7714,93,13,220,8040
SL050,34012121008,1530,2,6,15,1532,3,3,18,3062,9,5,33,3109
SL050,34012121009,500,0,2,0,459,0,3,1,959,5,0,1,965
SL050,34012121010,8790,69,260,1364,8890,59,267,1184,17680,527,128,2548,20883
SL050,34012121011,2041,8,14,72,1998,7,19,77,4039,33,15,149,4236
SL050,34012121012,155,0,1,4,149,0,2,8,304,3,0,12,319
SL050,34012121013,6420,79,80,437,6432,66,88,512,12852,168,145,949,14114
SL050,34012121014,2521,39,23,434,2491,36,16,500,5012,39,75,934,6060
SL050,34012121015,379,0,4,4,343,0,5,6,722,9,0,10,741
SL050,34012121016,589,1,2,8,569,0,2,13,1158,4,1,21,1184
SL050,34012121017,2040,0,16,12,1967,2,15,25,4007,31,2,37,4077
SL050,34012121018,966,1,11,8,1020,2,9,19,1986,20,3,27,2036
SL050,34012121019,350,0,1,5,340,0,0,6,690,1,0,11,702
SL050,34012121020,207,0,1,1,199,0,0,3,406,1,0,4,411
SL050,34012121021,7649,223,278,1824,7410,167,220,1662,15059,498,390,3486,19433
SL050,34012121022,109,1,1,7,81,0,4,6,190,5,1,13,209
SL050,34012121023,1173,0,5,9,1189,0,4,9,2362,9,0,18,2389
SL050,34012121024,263,1,7,3,260,0,2,7,523,9,1,10,543
SL050,34012121025,2337,1,21,47,2260,5,14,50,4597,35,6,97,4735
SL050,34012121026,140,0,2,5,154,0,0,4,294,2,0,9,305
SL050,34012121027,31,0,0,3,21,0,0,2,52,0,0,5,57
SL050,34012121028,186,0,0,0,187,0,0,0,373,0,0,0,373
SL050,34012121029,870,2,3,7,875,0,17,11,1745,20,2,18,1785
SL050,34012121030,1120,3,2,11,1073,2,3,18,2193,5,5,29,2232
SL050,34012121031,654,1,3,11,648,0,6,9,1302,9,1,20,1332
SL050,34012121032,1085,0,6,18,1137,2,5,25,2222,11,2,43,2278
SL050,34012121033,303,1,1,9,300,0,2,7,603,3,1,16,623
SL050,34012121034,663,0,1,21,693,1,4,18,1356,5,1,39,1401
SL050,34012121035,5959,13,78,209,5807,16,113,353,11766,191,29,562,12548
SL050,34012121036,119,0,2,2,107,0,1,4,226,3,0,6,235
SL050,34012121037,253,1,10,13,224,0,14,4,477,24,1,17,519
SL050,34012121038,650,1,4,11,610,2,4,11,1260,8,3,22,1293
SL050,34012121039,151,0,0,0,155,0,1,0,306,1,0,0,307
SL050,34012121040,1866,11,18,67,1827,7,28,85,3693,46,18,152,3909
SL050,34012121041,65053,265,1563,2455,70119,229,1992,2582,135172,3555,494,5037,144258
SL050,34012121042,9529,98,226,687,9416,70,219,832,18945,445,168,1519,21077
SL050,34012121043,1106,2,3,25,1091,1,6,24,2197,9,3,49,2258
SL050,34012121044,11118,209,322,2302,10923,209,332,1632,22041,654,418,3934,27047
SL050,34012121045,126,0,2,1,127,0,4,2,253,6,0,3,262
SL050,34012121046,1068,46,22,642,1036,48,8,525,2104,30,94,1167,3395
SL050,34012121047,1037,1,4,14,1001,0,3,19,2038,7,1,33,2079
SL050,34012121048,198,0,3,14,173,0,1,13,371,4,0,27,402
SL050,34012121049,1833,1,13,23,1941,1,17,37,3774,30,2,60,3866
SL050,34012121050,7838,232,227,2565,7695,203,152,2787,15533,379,435,5352,21699
SL050,34012121051,123,0,2,7,109,0,2,10,232,4,0,17,253
SL050,34012121052,2487,5,22,41,2659,2,33,54,5146,55,7,95,5303
SL050,34012121053,1985,5,8,73,1947,2,11,72,3932,19,7,145,4103
SL050,34012121054,5108,37,40,172,5101,37,49,218,10209,89,74,390,10762
SL050,34012121055,4578,102,121,812,4369,103,93,934,8947,214,205,1746,11112
SL050,34012121056,1735,1,7,17,1687,4,8,25,3422,15,5,42,3484
SL050,34012121057,572,1,7,10,557,1,4,15,1129,11,2,25,1167
SL050,34012121058,1536,1,42,33,1448,3,37,42,2984,79,4,75,3142
SL050,34012121059,135,0,2,1,138,0,2,3,273,4,0,4,281
SL050,34012121060,7323,25,139,228,7016,21,131,251,14339,270,46,479,15134
SL050,34012121061,3153,119,50,605,2971,98,40,715,6124,90,217,1320,7751
SL050,34012121062,783,3,22,41,781,6,29,42,1564,51,9,83,1707
SL050,34012121063,1586,20,47,175,1505,18,77,251,3091,124,38,426,3679
SL050,34012121064,4230,41,86,278,4116,38,74,335,8346,160,79,613,9198
SL050,34012121065,143,0,3,50,151,4,2,43,294,5,4,93,396
SL050,34012121066,278,0,12,26,259,0,12,20,537,24,0,46,607
SL050,34012121067,218,0,4,7,241,0,5,5,459,9,0,12,480
SL050,34012121068,503,0,5,11,522,0,5,8,1025,10,0,19,1054
SL050,34012121069,1029,0,4,6,946,1,9,9,1975,13,1,15,2004
SL050,34012121070,3758,5,41,64,3782,11,29,92,7540,70,16,156,7782
SL050,34012121071,109,1,0,2,128,0,1,2,237,1,1,4,243
SL050,34012121072,6104,5,40,136,6262,3,57,173,12366,97,8,309,12780
SL050,34012121073,1155,5,36,202,1078,11,35,317,2233,71,16,519,2839
SL050,34012121074,1609,1,5,8,1635,0,7,18,3244,12,1,26,3283
SL050,34012121075,174,1,2,3,199,0,2,1,373,4,1,4,382
SL050,34012121076,1234,10,50,89,1214,6,47,111,2448,97,16,200,2761
SL050,34012121077,1058,2,4,19,1028,3,4,34,2086,8,5,53,2152
SL050,34012121078,1529,1,14,19,1489,2,21,15,3018,35,3,34,3090
SL050,34012121079,418,0,2,12,390,0,5,4,808,7,0,16,831
SL050,34022222001,119,1,2,2,109,1,0,3,228,2,2,5,237
SL050,34022222002,60,0,0,16,57,1,1,16,117,1,1,32,151
SL050,34022222003,83,2,0,6,74,0,0,7,157,0,2,13,172
SL050,34022222004,76,0,2,0,48,0,3,1,124,5,0,1,130
SL050,34022222006,162,0,3,9,138,1,2,6,300,5,1,15,321
SL050,34022222007,450,14,7,115,426,18,5,67,876,12,32,182,1102
SL050,34022222008,94,1,0,7,74,0,2,3,168,2,1,10,181
SL050,34022222009,349,1,2,24,329,0,1,15,678,3,1,39,721
SL050,34022222011,59,0,0,4,39,0,0,3,98,0,0,7,105
SL050,34022222012,75,0,0,1,61,0,0,4,136,0,0,5,141
SL050,34022222013,151,0,3,4,140,0,5,6,291,8,0,10,309
SL050,34022222014,129,0,0,1,114,0,1,1,243,1,0,2,246
SL050,34022222015,173,0,3,3,137,0,3,6,310,6,0,9,325
SL050,34022222016,307,0,5,8,324,0,3,5,631,8,0,13,652
SL050,34022222017,488,5,12,109,466,7,7,66,954,19,12,175,1160
SL050,34022222018,178,3,2,11,157,0,3,9,335,5,3,20,363
SL050,34022222019,97,0,2,2,94,0,2,4,191,4,0,6,201
SL050,34022222020,61,0,1,4,57,0,2,2,118,3,0,6,127
SL050,34022222021,1147,7,22,52,1085,3,20,58,2232,42,10,110,2394
SL050,34022222022,321,2,5,10,296,1,5,14,617,10,3,24,654
SL050,34022222023,222,0,1,13,216,3,4,12,438,5,3,25,471
SL050,34022222024,129,1,3,25,105,1,5,27,234,8,2,52,296
SL050,34022222025,596,15,19,113,576,11,21,58,1172,40,26,171,1409
SL050,34022222027,181,0,1,14,157,1,2,11,338,3,1,25,367
SL050,34022222028,210,0,4,3,202,0,8,4,412,12,0,7,431
SL050,34022222029,73,0,1,1,69,0,0,5,142,1,0,6,149
SL050,34022222032,64,0,0,0,51,0,0,1,115,0,0,1,116
SL050,34022222035,127,0,0,46,114,0,3,28,241,3,0,74,318
SL050,34022222036,56,0,0,0,37,0,1,2,93,1,0,2,96
SL050,34022222037,68,0,1,1,55,0,3,1,123,4,0,2,129
SL050,34022222039,477,1,9,29,477,4,12,32,954,21,5,61,1041
SL050,34022222040,81,0,0,2,86,1,3,3,167,3,1,5,176
SL050,34022222041,83,0,0,2,85,0,2,2,168,2,0,4,174
SL050,34022222042,64,0,2,4,77,0,0,6,141,2,0,10,153
SL050,34022222043,58,0,0,1,44,0,0,1,102,0,0,2,104
SL050,34022222044,159,1,2,4,101,0,7,5,260,9,1,9,279
SL050,34022222045,44,0,0,0,32,0,1,0,76,1,0,0,77
SL050,34022222046,401,0,1,22,386,0,2,11,787,3,0,33,823
SL050,34022222047,149,0,4,0,130,0,6,3,279,10,0,3,292
SL050,34022222048,7102,87,331,716,7551,76,344,737,14653,675,163,1453,16944
SL050,34022222049,43,0,0,1,32,0,1,0,75,1,0,1,77
SL050,34022222050,48,0,0,1,44,0,0,2,92,0,0,3,95
SL050,34022222051,53,0,0,6,41,0,0,5,94,0,0,11,105
SL050,34022222052,554,9,10,160,493,6,9,51,1047,19,15,211,1292
SL050,34022222053,469,5,9,86,440,11,8,79,909,17,16,165,1107
SL050,34022222054,979,8,68,95,825,6,62,114,1804,130,14,209,2157
SL050,34022222055,167,1,2,7,155,0,2,11,322,4,1,18,345
SL050,34022222057,229,1,7,17,187,1,8,26,416,15,2,43,476
SL050,34022222058,119,0,1,10,84,0,3,14,203,4,0,24,231
SL050,34022222059,700,2,19,55,612,4,30,57,1312,49,6,112,1479
SL050,34022222060,659,4,35,130,672,3,15,37,1331,50,7,167,1555
SL050,34022222061,3834,70,263,768,3771,73,191,465,7605,454,143,1233,9435
SL050,34022222062,98,0,0,0,79,0,1,3,177,1,0,3,181
SL050,34022222063,94,0,0,8,80,0,2,5,174,2,0,13,189
SL050,34022222064,99,0,0,5,77,0,1,1,176,1,0,6,183
SL050,34022222066,463,9,16,46,380,5,16,51,843,32,14,97,986
SL050,34022222067,44,0,3,3,35,0,0,1,79,3,0,4,86
SL050,34022222068,46,0,0,2,28,0,0,4,74,0,0,6,80
SL050,34022222069,269,1,6,25,205,0,8,17,474,14,1,42,531
SL050,34022222072,120,0,6,3,81,1,4,3,201,10,1,6,218
SL050,34022222074,155,0,3,13,141,0,3,8,296,6,0,21,323
SL050,34022222075,67,0,2,3,62,0,0,3,129,2,0,6,137
SL050,34022222076,173,0,0,5,131,1,4,7,304,4,1,12,321
SL050,34022222077,168,0,0,0,149,0,0,0,317,0,0,0,317
SL050,34022222078,276,0,7,11,223,0,7,8,499,14,0,19,532
SL050,34022222079,68,0,0,9,53,0,0,44,121,0,0,53,174
SL050,34022222080,156,1,1,28,140,1,1,26,296,2,2,54,354
SL050,34022222081,136,0,5,4,113,0,2,9,249,7,0,13,269
SL050,34022222082,159,0,3,2,146,0,2,3,305,5,0,5,315
SL050,34022222083,260,2,4,18,227,2,4,14,487,8,4,32,531
SL050,34022222084,324,5,24,34,303,3,27,33,627,51,8,67,753
SL050,34022222085,56,0,0,2,47,0,0,3,103,0,0,5,108
SL050,34022222086,135,0,2,3,118,0,2,7,253,4,0,10,267
SL050,34022222087,45,0,1,5,29,0,0,6,74,1,0,11,86
SL050,34022222088,83,0,0,2,82,0,1,1,165,1,0,3,169
SL050,34022222089,158,0,1,8,138,0,2,5,296,3,0,13,312
SL050,34022222090,55,0,1,8,39,1,0,10,94,1,1,18,114
SL050,34022222094,54,0,0,1,50,0,0,3,104,0,0,4,108
SL050,34022222095,50,0,2,2,31,1,0,0,81,2,1,2,86
SL050,34022222096,197,0,0,3,184,0,4,3,381,4,0,6,391
SL050,34022222099,247,2,2,15,259,0,4,12,506,6,2,27,541
SL050,34022222102,109,2,2,4,80,1,0,6,189,2,3,10,204
SL050,34022222103,361,0,10,12,383,1,7,20,744,17,1,32,794
SL050,34022222105,65,1,1,2,50,1,3,3,115,4,2,5,126
SL050,34022222106,12,0,0,0,11,0,0,0,23,0,0,0,23
SL050,34022222107,61,0,0,0,32,0,1,3,93,1,0,3,97
SL050,34022222109,168,1,1,12,125,0,6,14,293,7,1,26,327
SL050,34022222110,398,2,3,29,405,2,3,28,803,6,4,57,870
SL050,34022222111,84,2,3,3,71,0,2,8,155,5,2,11,173
SL050,34022222112,5605,246,193,1550,5715,220,163,1287,11320,356,466,2837,14979
SL050,34022222113,292,0,3,19,263,1,6,13,555,9,1,32,597
SL050,34022222114,79,0,1,1,68,0,0,0,147,1,0,1,149
SL050,34022222115,207,0,9,12,173,0,6,19,380,15,0,31,426
SL050,34022222116,778,13,27,89,726,6,21,93,1504,48,19,182,1753
SL050,34022222117,1351,25,37,204,1403,30,43,212,2754,80,55,416,3305
SL050,34022222119,710,1,12,32,659,4,20,38,1369,32,5,70,1476
SL050,34022222122,37,0,0,0,39,0,0,0,76,0,0,0,76
SL050,34022222124,106,2,4,6,96,0,1,3,202,5,2,9,218
SL050,34022222125,21609,226,1146,2042,23765,209,1336,2130,45374,2482,435,4172,52463
SL050,34022222126,52,1,1,1,40,0,0,2,92,1,1,3,97
SL050,34022222127,348,0,7,11,315,0,12,12,663,19,0,23,705
SL050,34022222128,99,0,1,10,95,0,1,6,194,2,0,16,212
SL050,34022222129,90,1,4,31,82,0,4,26,172,8,1,57,238
SL050,34022222130,5671,24,314,293,5659,27,439,386,11330,753,51,679,12813
SL050,34022222131,53,0,0,0,38,0,0,1,91,0,0,1,92
SL050,34022222133,77,1,1,12,56,0,0,15,133,1,1,27,162
SL050,34022222135,100,0,3,0,83,0,5,3,183,8,0,3,194
SL050,34022222136,438,1,5,31,392,3,7,36,830,12,4,67,913
SL050,34022222137,594,4,3,36,533,3,5,24,1127,8,7,60,1202
SL050,34022222139,42,0,1,5,40,0,1,2,82,2,0,7,91
SL050,34022222141,80,0,0,0,44,0,1,1,124,1,0,1,126
SL050,34022222142,60,1,0,9,56,2,2,6,116,2,3,15,136
SL050,34022222143,124,0,3,7,85,0,0,11,209,3,0,18,230
SL050,34022222144,150,0,6,4,122,0,6,3,272,12,0,7,291
SL050,34022222149,177,0,2,5,142,0,3,2,319,5,0,7,331
SL050,34022222150,283,0,5,8,217,0,3,6,500,8,0,14,522
SL050,34022222151,51,0,1,0,52,0,2,0,103,3,0,0,106
SL050,34022222155,36,0,0,3,31,0,1,2,67,1,0,5,73
SL050,34022222156,191,0,7,22,155,0,7,21,346,14,0,43,403
SL050,34022222157,116,0,2,3,82,0,2,10,198,4,0,13,215
SL050,34022222158,7011,162,376,1065,7048,164,267,968,14059,643,326,2033,17061
SL050,34022222160,123,0,2,16,119,0,0,9,242,2,0,25,269
SL050,34022222162,64,1,1,9,66,0,2,12,130,3,1,21,155
SL050,34022222163,274,0,4,14,224,1,7,8,498,11,1,22,532
SL050,34022222164,24,0,0,0,25,0,0,1,49,0,0,1,50
SL050,34022222165,260,1,0,8,248,1,3,12,508,3,2,20,533
SL050,34022222167,271,3,3,100,256,3,2,49,527,5,6,149,687
SL050,34022222168,13,0,1,0,12,0,0,1,25,1,0,1,27
SL050,34022222170,378,1,8,17,365,1,8,8,743,16,2,25,786
SL050,34022222172,288,5,2,20,279,2,4,22,567,6,7,42,622
SL050,34022222173,151,1,1,5,83,1,3,6,234,4,2,11,251
SL050,34022222174,261,0,9,25,233,1,10,23,494,19,1,48,562
SL050,34022222175,116,1,1,7,84,1,1,8,200,2,2,15,219
SL050,34022222176,97,0,1,1,93,2,2,3,190,3,2,4,199
SL050,34022222177,55,0,0,3,46,0,1,4,101,1,0,7,109
SL050,34022222178,58,0,2,3,43,0,0,4,101,2,0,7,110
SL050,34022222181,53,0,0,1,41,0,0,3,94,0,0,4,98
SL050,34022222182,140,0,1,4,133,0,2,7,273,3,0,11,287
SL050,34022222184,105,0,2,1,84,1,2,5,189,4,1,6,200
SL050,34022222186,100,0,3,1,114,0,0,0,214,3,0,1,218
SL050,34022222187,169,2,1,13,165,3,8,11,334,9,5,24,372
SL050,34022222188,36,0,0,4,44,0,1,8,80,1,0,12,93
SL050,34022222189,116,0,2,3,88,0,2,4,204,4,0,7,215
SL050,34022222190,82,0,0,7,62,0,1,2,144,1,0,9,154
SL050,34022222193,150,1,3,4,149,0,0,7,299,3,1,11,314
SL050,34022222195,130,0,7,1,135,0,8,2,265,15,0,3,283
SL050,34022222197,248,1,3,22,246,3,6,12,494,9,4,34,541
SL050,34022222199,3960,47,148,466,3969,50,168,437,7929,316,97,903,9245
SL050,34022222200,143,0,5,5,129,0,5,7,272,10,0,12,294
SL050,34022222201,152,1,1,5,141,1,2,5,293,3,2,10,308
SL050,34022222202,70,1,2,8,83,0,2,1,153,4,1,9,167
SL050,34022222203,47,0,0,7,37,0,0,5,84,0,0,12,96
SL050,34022222204,627,6,33,62,642,4,31,58,1269,64,10,120,1463
SL050,34022222205,244,1,3,9,230,0,6,13,474,9,1,22,506
SL050,34022222206,102,0,0,16,90,0,0,11,192,0,0,27,219
SL050,34022222207,83,0,2,1,63,0,0,3,146,2,0,4,152
SL050,34022222208,116,0,5,3,105,0,2,0,221,7,0,3,231
SL050,34022222209,99,0,5,5,70,0,0,1,169,5,0,6,180
SL050,34022222212,41,0,1,1,35,0,0,3,76,1,0,4,81
SL050,34022222213,1697,49,80,341,1636,32,62,271,3333,142,81,612,4168
SL050,34022222214,61,0,1,5,74,0,0,5,135,1,0,10,146
SL050,34022222215,79,2,0,2,61,0,2,4,140,2,2,6,150
SL050,34022222217,217,1,8,35,194,4,7,23,411,15,5,58,489
SL050,34022222218,19,0,1,0,21,0,0,0,40,1,0,0,41
SL050,34022222220,90,0,3,1,71,0,1,1,161,4,0,2,167
SL050,34022222221,67,0,1,0,55,0,1,3,122,2,0,3,127
SL050,34022222222,341,0,8,17,272,0,6,20,613,14,0,37,664
SL050,34022222223,47,0,0,3,38,0,0,6,85,0,0,9,94
SL050,34022222225,1477,24,75,243,1519,24,36,130,2996,111,48,373,3528
SL050,34022222226,431,5,7,31,442,5,8,23,873,15,10,54,952
SL050,34022222227,115,0,4,7,80,0,3,17,195,7,0,24,226
SL050,34022222228,359,0,5,14,359,0,8,13,718,13,0,27,758
SL050,34022222229,61,0,1,5,49,0,4,3,110,5,0,8,123
SL050,34022222230,149,0,3,3,139,0,2,2,288,5,0,5,298
SL050,34022222232,50,0,2,5,41,0,1,4,91,3,0,9,103
SL050,34022222233,52,0,0,2,41,0,0,7,93,0,0,9,102
SL050,34022222234,381,3,21,172,429,3,6,133,810,27,6,305,1148
SL050,34022222235,56,0,0,0,36,0,0,0,92,0,0,0,92
SL050,34022222236,130,0,0,4,121,1,4,6,251,4,1,10,266
SL050,34022222239,57,0,1,4,34,0,1,2,91,2,0,6,99
SL050,34022222242,43,0,0,0,25,0,0,1,68,0,0,1,69
SL050,34022222243,20,0,0,0,14,0,0,0,34,0,0,0,34
SL050,34022222244,23,0,0,0,23,0,0,0,46,0,0,0,46
SL050,34022222245,175,10,3,56,168,7,6,38,343,9,17,94,463
SL050,34022222246,42,0,1,3,29,0,0,3,71,1,0,6,78
SL050,34022222247,19,0,1,4,10,0,1,1,29,2,0,5,36
SL050,34022222248,68,0,0,0,48,0,0,0,116,0,0,0,116
SL050,34022222249,73,0,5,1,71,0,4,5,144,9,0,6,159
SL050,34022222250,209,6,2,20,188,4,2,16,397,4,10,36,447
SL050,34022222251,191,0,2,6,177,0,5,13,368,7,0,19,394
SL050,34022222252,82,1,1,1,58,0,1,3,140,2,1,4,147
SL050,34022222253,36,0,0,0,22,0,0,2,58,0,0,2,60
SL050,34022222254,626,18,15,280,625,14,5,191,1251,20,32,471,1774
SL050,34022222901,427,1,4,10,367,2,11,17,794,15,3,27,839
SL050,34022222902,119,1,1,9,116,0,1,13,235,2,1,22,260
SL050,34022222903,376,8,2,33,349,8,4,33,725,6,16,66,813
SL050,34022222904,443,3,5,21,394,3,9,16,837,14,6,37,894
SL050,34022222905,158,0,4,9,151,2,5,12,309,9,2,21,341
SL050,34022222906,103,0,4,5,85,0,5,6,188,9,0,11,208
SL050,34022222907,819,26,38,201,802,17,55,193,1621,93,43,394,2151
SL050,34022222908,120,1,1,9,88,0,1,6,208,2,1,15,226
SL050,34022222909,190,1,5,14,177,0,2,10,367,7,1,24,399
SL050,34012323001,529,0,1,6,483,0,2,6,1012,3,0,12,1027
SL050,34012323002,10130,25,132,391,10465,36,168,361,20595,300,61,752,21708
SL050,34012323003,5021,4,18,150,5195,4,34,132,10216,52,8,282,10558
SL050,34012323004,262,0,1,7,223,0,1,7,485,2,0,14,501
SL050,34012323005,17719,23,193,244,18377,31,243,283,36096,436,54,527,37113
SL050,34012323006,2728,3,10,15,2796,4,14,25,5524,24,7,40,5595
SL050,34012323007,1783,0,20,17,1760,0,19,11,3543,39,0,28,3610
SL050,34012323008,861,0,4,19,875,1,3,4,1736,7,1,23,1767
SL050,34012323009,7546,34,91,227,7662,27,98,217,15208,189,61,444,15902
SL050,34012323010,8626,21,48,147,8787,18,51,122,17413,99,39,269,17820
SL050,34012323011,1328,0,4,11,1251,0,9,8,2579,13,0,19,2611
SL050,34012323012,2430,12,39,219,2356,7,44,84,4786,83,19,303,5191
SL050,34012323014,1531,0,8,11,1495,1,10,19,3026,18,1,30,3075
SL050,34012323015,771,2,2,14,762,0,4,12,1533,6,2,26,1567
SL050,34012323016,226,0,2,10,203,0,5,11,429,7,0,21,457
SL050,34012323017,947,0,1,17,858,1,7,9,1805,8,1,26,1840
SL050,34012323018,1380,1,7,39,1284,4,6,18,2664,13,5,57,2739
SL050,34012323019,870,0,14,35,839,0,10,16,1709,24,0,51,1784
SL050,34012323020,878,2,9,74,894,2,6,17,1772,15,4,91,1882
SL050,34012323021,307,0,3,3,289,0,2,2,596,5,0,5,606
SL050,34012323024,7388,9,84,88,7539,5,92,101,14927,176,14,189,15306
SL050,34012323025,1662,1,8,26,1634,6,7,20,3296,15,7,46,3364
SL050,34012323026,1896,2,39,101,1955,2,29,96,3851,68,4,197,4120
SL050,34012323027,406,0,0,4,411,1,3,4,817,3,1,8,829
SL050,34012323028,3530,8,40,112,3756,5,52,71,7286,92,13,183,7574
SL050,34012323029,440,2,4,45,456,0,5,10,896,9,2,55,962
SL050,34012323030,687,1,2,14,739,0,1,15,1426,3,1,29,1459
SL050,34012323031,457,0,3,12,461,0,7,9,918,10,0,21,949
SL050,34012323032,311,0,2,4,322,0,1,3,633,3,0,7,643
SL050,34012323033,763,3,6,27,754,1,10,28,1517,16,4,55,1592
SL050,34012323034,1449,3,11,68,1490,3,11,51,2939,22,6,119,3086
SL050,34012323035,666,0,10,39,648,0,6,18,1314,16,0,57,1387
SL050,34012323037,312,0,0,20,268,0,5,9,580,5,0,29,614
SL050,34012323038,2478,2,30,17,2387,5,25,21,4865,55,7,38,4965
SL050,34012323039,1347,8,3,37,1344,6,3,31,2691,6,14,68,2779
SL050,34012323040,843,0,2,7,881,0,2,7,1724,4,0,14,1742
SL050,34012323041,309,2,4,14,277,2,2,6,586,6,4,20,616
SL050,34012323042,161,0,6,8,147,0,4,9,308,10,0,17,335
SL050,34012323043,307,0,3,2,305,0,1,2,612,4,0,4,620
SL050,34012323044,2833,8,15,49,2872,6,18,44,5705,33,14,93,5845
SL050,34012323045,1244,0,11,15,1212,1,14,30,2456,25,1,45,2527
SL050,34012323046,1369,7,15,57,1378,4,6,48,2747,21,11,105,2884
SL050,34012323047,925,0,10,29,944,0,9,18,1869,19,0,47,1935
SL050,34012323048,488,0,7,19,474,0,4,3,962,11,0,22,995
SL050,34012323049,1030,0,5,7,1016,1,6,5,2046,11,1,12,2070
SL050,34012323050,52349,112,835,1237,56523,85,1238,1078,108872,2073,197,2315,113457
SL050,34012323051,1661,2,13,8,1617,1,10,15,3278,23,3,23,3327
SL050,34012323052,613,0,3,6,652,0,5,7,1265,8,0,13,1286
SL050,34012323053,5812,1,22,42,5869,3,22,34,11681,44,4,76,11805
SL050,34012323054,243,0,0,1,232,0,2,4,475,2,0,5,482
SL050,34012323055,27274,66,340,599,28495,64,372,601,55769,712,130,1200,57811
SL050,34012323056,1817,0,10,22,1787,0,11,26,3604,21,0,48,3673
SL050,34012323057,407,0,2,6,428,0,6,3,835,8,0,9,852
SL050,34012323058,5390,24,76,137,5481,20,68,126,10871,144,44,263,11322
SL050,34012323059,3366,5,8,50,3384,10,9,45,6750,17,15,95,6877
SL050,34012323060,11338,82,183,403,11507,83,189,422,22845,372,165,825,24207
SL050,34012323061,4807,6,48,80,4865,2,42,77,9672,90,8,157,9927
SL050,34012323062,821,2,14,45,815,1,3,15,1636,17,3,60,1716
SL050,34012323063,2258,0,5,17,2246,0,11,18,4504,16,0,35,4555
SL050,34012323064,951,0,2,30,939,0,9,17,1890,11,0,47,1948
SL050,34012323065,904,1,4,19,892,2,3,10,1796,7,3,29,1835
SL050,34012323066,2504,5,19,79,2585,7,21,57,5089,40,12,136,5277
SL050,34012323067,1437,2,5,20,1426,1,6,19,2863,11,3,39,2916
SL050,34012323069,3025,16,27,103,3006,9,26,71,6031,53,25,174,6283
SL050,34012323070,2277,2,35,77,2222,6,36,53,4499,71,8,130,4708
SL050,34012323071,1036,3,10,42,1036,1,19,32,2072,29,4,74,2179
SL050,34012323072,1105,3,12,43,1142,2,6,26,2247,18,5,69,2339
SL050,34012323073,2604,5,18,62,2540,2,25,47,5144,43,7,109,5303
SL050,34012323074,1792,0,10,26,1719,2,8,23,3511,18,2,49,3580
SL050,34012323075,1928,1,9,15,1984,1,4,16,3912,13,2,31,3958
SL050,34012323076,476,0,4,3,412,0,14,4,888,18,0,7,913
SL050,34012323077,349,1,1,16,323,1,0,6,672,1,2,22,697
SL050,34012323079,2231,8,19,66,2147,6,11,32,4378,30,14,98,4520
SL050,34012323080,1022,2,3,52,1019,2,10,44,2041,13,4,96,2154
SL050,34012323081,843,1,7,25,883,1,5,17,1726,12,2,42,1782
SL050,34012323082,1113,0,1,20,1094,1,11,22,2207,12,1,42,2262
SL050,34012323084,528,1,14,40,508,4,5,24,1036,19,5,64,1124
SL050,34012323085,1276,1,13,7,1249,0,10,8,2525,23,1,15,2564
SL050,34012323086,6957,18,51,142,6983,12,41,131,13940,92,30,273,14335
SL050,34012323087,6587,4,36,120,6831,10,43,100,13418,79,14,220,13731
SL050,34012323088,3490,5,24,35,3653,7,23,49,7143,47,12,84,7286
SL050,34012323090,693,0,9,18,704,0,5,5,1397,14,0,23,1434
SL050,34012323091,408,0,4,5,377,0,5,5,785,9,0,10,804
SL050,34012323092,16367,40,165,388,17015,40,202,385,33382,367,80,773,34602
SL050,34012323093,1826,3,7,39,1866,7,9,42,3692,16,10,81,3799
SL050,34012323094,2197,7,10,60,2186,9,10,40,4383,20,16,100,4519
SL050,34012323095,5125,23,30,239,5199,20,32,127,10324,62,43,366,10795
SL050,34012323096,1519,2,19,42,1511,7,9,37,3030,28,9,79,3146
SL050,34012323097,3824,29,87,324,3806,30,49,152,7630,136,59,476,8301
SL050,34012323098,468,1,1,20,461,0,9,6,929,10,1,26,966
SL050,34012323099,2941,1,20,29,2938,4,23,24,5879,43,5,53,5980
SL050,34012323101,209,0,4,8,187,1,1,6,396,5,1,14,416
SL050,34012323901,683,0,8,26,639,0,7,10,1322,15,0,36,1373
SL050,34012323902,1335,0,3,4,1326,0,8,6,2661,11,0,10,2682
SL050,34012323903,2137,5,17,56,2066,8,20,48,4203,37,13,104,4357
SL050,34012323904,1555,1,2,15,1471,0,6,10,3026,8,1,25,3060
SL050,34012323905,1072,6,16,88,1077,0,12,52,2149,28,6,140,2323
SL050,34072424001,117,0,0,0,82,0,3,0,199,3,0,0,202
SL050,34072424002,128,1,0,16,127,4,0,10,255,0,5,26,286
SL050,34072424003,327,0,4,7,317,0,7,9,644,11,0,16,671
SL050,34072424004,290,3,5,23,219,0,4,14,509,9,3,37,558
SL050,34072424005,217,0,0,3,154,0,2,1,371,2,0,4,377
SL050,34072424006,270,1,10,11,221,0,7,13,491,17,1,24,533
SL050,34072424007,373,2,17,11,367,2,20,10,740,37,4,21,802
SL050,34072424008,4910,32,111,151,5497,28,108,192,10407,219,60,343,11029
SL050,34072424009,161,0,5,0,137,0,5,0,298,10,0,0,308
SL050,34072424010,4609,20,129,218,4892,17,194,228,9501,323,37,446,10307
SL050,34072424011,107,0,1,0,86,0,0,0,193,1,0,0,194
SL050,34072424012,175,0,2,1,133,0,2,0,308,4,0,1,313
SL050,34072424014,3696,44,319,313,4050,32,259,266,7746,578,76,579,8979
SL050,34072424015,1194,1,20,13,1218,3,29,19,2412,49,4,32,2497
SL050,34072424016,265,1,8,5,201,0,4,5,466,12,1,10,489
SL050,34072424017,296,0,1,0,282,0,1,0,578,2,0,0,580
SL050,34072424018,95,0,1,1,91,0,0,5,186,1,0,6,193
SL050,34072424019,166,0,1,2,189,0,1,1,355,2,0,3,360
SL050,34072424020,274,0,2,5,188,0,1,5,462,3,0,10,475
SL050,34072424021,899,4,16,23,867,4,10,27,1766,26,8,50,1850
SL050,34072424022,165,1,2,1,146,0,3,1,311,5,1,2,319
SL050,34072424023,147,0,1,6,119,2,1,11,266,2,2,17,287
SL050,34072424024,379,0,0,9,325,1,5,14,704,5,1,23,733
SL050,34072424025,173,0,3,1,125,0,2,0,298,5,0,1,304
SL050,34072424026,601,0,1,8,562,1,5,6,1163,6,1,14,1184
SL050,34072424027,657,2,24,5,607,2,24,9,1264,48,4,14,1330
SL050,34072424028,218,0,0,8,184,0,1,1,402,1,0,9,412
SL050,34072424029,390,2,1,11,353,1,4,13,743,5,3,24,775
SL050,34072424030,2327,6,128,90,2347,5,130,99,4674,258,11,189,5132
SL050,34072424031,132,0,1,1,95,0,0,2,227,1,0,3,231
SL050,34072424032,54,0,0,1,63,0,1,4,117,1,0,5,123
SL050,34072424033,111,0,0,1,90,0,0,1,201,0,0,2,203
SL050,34072424034,1880,1,108,29,1876,1,118,49,3756,226,2,78,4062
SL050,34072424036,145,0,3,1,121,0,1,2,266,4,0,3,273
SL050,34072424037,191,0,3,3,157,0,2,1,348,5,0,4,357
SL050,34072424038,1598,4,73,53,1608,3,85,48,3206,158,7,101,3472
SL050,34072424039,1086,4,15,41,1055,1,22,45,2141,37,5,86,2269
SL050,34072424040,245,0,2,3,209,0,1,5,454,3,0,8,465
SL050,34072424041,272,1,8,2,264,0,6,4,536,14,1,6,557
SL050,34072424042,36,0,1,1,25,0,0,2,61,1,0,3,65
SL050,34072424043,71,0,0,0,49,0,2,0,120,2,0,0,122
SL050,34072424044,72,0,0,0,89,0,1,2,161,1,0,2,164
SL050,34072424046,498,0,5,1,466,0,6,3,964,11,0,4,979
SL050,34072424047,402,0,14,7,361,0,5,5,763,19,0,12,794
SL050,34072424049,769,2,52,28,745,1,38,23,1514,90,3,51,1658
SL050,34072424050,59,0,0,0,54,0,0,0,113,0,0,0,113
SL050,34072424051,218,0,1,2,202,0,0,3,420,1,0,5,426
SL050,34072424052,93,0,1,0,55,0,0,4,148,1,0,4,153
SL050,34072424053,241,0,4,6,201,0,3,6,442,7,0,12,461
SL050,34072424054,236,0,2,6,219,0,4,5,455,6,0,11,472
SL050,34072424055,391,0,1,4,337,0,2,5,728,3,0,9,740
SL050,34072424056,1495,4,18,38,1530,7,23,35,3025,41,11,73,3150
SL050,34072424057,712,3,30,22,705,3,29,29,1417,59,6,51,1533
SL050,34072424058,112,0,2,5,82,0,4,4,194,6,0,9,209
SL050,34072424059,430,3,15,20,413,1,10,22,843,25,4,42,914
SL050,34072424060,284,0,4,2,245,0,6,3,529,10,0,5,544
SL050,34072424061,1003,1,15,8,955,0,18,18,1958,33,1,26,2018
SL050,34072424062,82,0,1,1,61,0,1,1,143,2,0,2,147
SL050,34072424063,205,0,1,8,178,0,2,10,383,3,0,18,404
SL050,34072424064,917,2,31,23,815,0,30,21,1732,61,2,44,1839
SL050,34072424065,1290,3,27,24,1156,1,27,36,2446,54,4,60,2564
SL050,34072424066,227,0,6,2,249,0,3,8,476,9,0,10,495
SL050,34072424067,337,1,6,14,295,2,14,17,632,20,3,31,686
SL050,34072424068,238,0,2,1,217,0,3,1,455,5,0,2,462
SL050,34072424069,23,0,0,1,17,0,0,1,40,0,0,2,42
SL050,34072424070,2104,9,64,53,2187,8,69,57,4291,133,17,110,4551
SL050,34072424071,521,1,11,6,547,0,11,11,1068,22,1,17,1108
SL050,34072424073,242,2,2,12,234,0,2,6,476,4,2,18,500
SL050,34072424074,45,0,0,4,40,0,0,6,85,0,0,10,95
SL050,34072424076,771,1,20,15,629,1,19,19,1400,39,2,34,1475
SL050,34072424077,115,2,0,2,116,0,3,6,231,3,2,8,244
SL050,34072424078,175,2,2,27,183,1,1,15,358,3,3,42,406
SL050,34072424079,494,1,6,13,412,1,4,13,906,10,2,26,944
SL050,34072424080,104,0,2,2,105,0,5,5,209,7,0,7,223
SL050,34072424081,65,0,1,0,60,0,1,1,125,2,0,1,128
SL050,34072424082,474,1,12,10,456,0,15,19,930,27,1,29,987
SL050,34072424083,523,5,28,37,493,4,27,25,1016,55,9,62,1142
SL050,34072424084,81,0,1,4,81,0,2,5,162,3,0,9,174
SL050,34072424086,152,1,0,6,130,0,1,8,282,1,1,14,298
SL050,34072424087,346,2,2,6,297,3,6,4,643,8,5,10,666
SL050,34072424088,545,1,0,3,508,0,0,9,1053,0,1,12,1066
SL050,34072424089,51549,363,1661,2963,62353,292,2464,3127,113902,4125,655,6090,124772
SL050,34072424090,192,0,1,8,177,0,0,5,369,1,0,13,383
SL050,34072424091,334,0,2,5,294,1,4,5,628,6,1,10,645
SL050,34072424092,419,1,6,6,383,1,5,10,802,11,2,16,831
SL050,34072424093,182,0,2,3,169,0,2,4,351,4,0,7,362
SL050,34072424094,751,19,22,83,731,10,30,97,1482,52,29,180,1743
SL050,34072424095,178,0,1,0,151,0,2,1,329,3,0,1,333
SL050,34072424096,64,0,4,2,43,1,4,0,107,8,1,2,118
SL050,34072424097,118,2,0,3,95,1,8,5,213,8,3,8,232
SL050,34072424098,655,0,15,17,597,0,15,7,1252,30,0,24,1306
SL050,34072424099,89,0,2,1,79,0,2,2,168,4,0,3,175
SL050,34072424100,454,0,17,9,355,0,20,17,809,37,0,26,872
SL050,34072424101,192,0,3,1,196,0,3,0,388,6,0,1,395
SL050,34072424102,337,1,5,1,323,1,6,6,660,11,2,7,680
SL050,34072424103,156,0,7,1,113,0,1,0,269,8,0,1,278
SL050,34072424104,139,1,2,5,118,1,0,5,257,2,2,10,271
SL050,34072424105,889,0,23,33,839,1,23,27,1728,46,1,60,1835
SL050,34072424106,132,0,5,1,95,0,5,2,227,10,0,3,240
SL050,34072424107,147,1,0,21,90,1,0,19,237,0,2,40,279
SL050,34072424108,177,0,3,5,187,0,5,5,364,8,0,10,382
SL050,34072424109,516,0,5,5,454,0,3,6,970,8,0,11,989
SL050,34072424110,633,4,17,8,603,2,17,9,1236,34,6,17,1293
SL050,34072424112,182,0,2,1,129,0,3,0,311,5,0,1,317
SL050,34072424113,194,0,2,1,178,0,4,3,372,6,0,4,382
SL050,34072424114,1583,1,18,87,1576,3,15,42,3159,33,4,129,3325
SL050,34072424115,28200,113,1672,1036,30727,106,2213,1172,58927,3885,219,2208,65239
SL050,34072424116,243,0,8,2,170,0,8,2,413,16,0,4,433
SL050,34072424117,221,0,0,0,217,0,1,0,438,1,0,0,439
SL050,34072424118,67,0,0,1,50,1,1,2,117,1,1,3,122
SL050,34072424119,379,2,11,12,369,1,8,11,748,19,3,23,793
SL050,34072424120,204,0,0,1,144,1,3,2,348,3,1,3,355
SL050,34072424121,370,1,8,0,281,0,3,8,651,11,1,8,671
SL050,34072424122,727,3,37,22,650,4,42,26,1377,79,7,48,1511
SL050,34072424123,410,0,4,1,322,1,3,7,732,7,1,8,748
SL050,34072424124,207,0,0,1,173,0,0,0,380,0,0,1,381
SL050,34072424125,177,0,1,0,176,0,0,0,353,1,0,0,354
SL050,34072424127,158,0,1,0,133,0,0,1,291,1,0,1,293
SL050,34072424129,67,0,0,0,56,0,0,0,123,0,0,0,123
SL050,34072424130,269,0,3,5,188,1,5,3,457,8,1,8,474
SL050,34072424131,394,1,7,8,351,0,5,6,745,12,1,14,772
SL050,34072424132,347,0,2,3,259,0,5,6,606,7,0,9,622
SL050,34072424133,207,0,1,1,165,0,4,1,372,5,0,2,379
SL050,34072424134,1843,5,21,66,1877,2,24,46,3720,45,7,112,3884
SL050,34072424136,274,0,0,4,269,0,1,2,543,1,0,6,550
SL050,34072424137,568,1,8,12,552,0,8,12,1120,16,1,24,1161
SL050,34072424139,1131,5,26,75,1148,1,45,86,2279,71,6,161,2517
SL050,34072424141,57,0,0,2,39,0,4,4,96,4,0,6,106
SL050,34072424142,13776,56,452,464,14935,41,617,479,28711,1069,97,943,30820
SL050,34072424143,258,0,15,5,266,0,12,5,524,27,0,10,561
SL050,34072424144,356,1,3,5,339,2,7,3,695,10,3,8,716
SL050,34072424145,359,0,2,1,303,0,0,0,662,2,0,1,665
SL050,34072424146,132,0,2,0,122,0,3,2,254,5,0,2,261
SL050,34072424148,939,0,15,10,872,0,25,14,1811,40,0,24,1875
SL050,34072424149,79,1,4,4,72,1,4,3,151,8,2,7,168
SL050,34072424150,124,0,1,3,105,0,3,1,229,4,0,4,237
SL050,34072424151,251,1,3,6,220,0,3,6,471,6,1,12,490
SL050,34072424152,255,1,9,8,218,0,5,8,473,14,1,16,504
SL050,34072424153,126,2,1,13,116,0,3,12,242,4,2,25,273
SL050,34072424154,537,1,15,15,492,2,17,13,1029,32,3,28,1092
SL050,34072424155,248,1,4,4,230,1,2,2,478,6,2,6,492
SL050,34072424156,128,0,1,0,101,0,1,2,229,2,0,2,233
SL050,34072424157,1432,6,17,66,1459,13,22,81,2891,39,19,147,3096
SL050,34072424158,166,1,1,2,152,0,1,3,318,2,1,5,326
SL050,34072424159,947,0,11,9,946,3,9,14,1893,20,3,23,1939
SL050,34072424160,379,2,3,17,325,2,6,23,704,9,4,40,757
SL050,34072424161,178,0,3,5,134,0,6,8,312,9,0,13,334
SL050,34072424162,1026,0,24,18,977,1,40,22,2003,64,1,40,2108
SL050,34072424163,2379,5,68,59,2379,2,92,56,4758,160,7,115,5040
SL050,34072424164,188,0,2,1,193,0,1,0,381,3,0,1,385
SL050,34072424165,157,1,4,0,158,0,2,2,315,6,1,2,324
SL050,34072424166,790,0,15,8,717,1,16,10,1507,31,1,18,1557
SL050,34072424167,400,0,10,4,377,0,4,6,777,14,0,10,801
SL050,34072424168,257,4,0,15,214,2,1,15,471,1,6,30,508
SL050,34072424169,1508,0,41,20,1539,1,32,16,3047,73,1,36,3157
SL050,34072424170,967,16,53,66,921,13,54,72,1888,107,29,138,2162
SL050,34072424171,193,0,4,2,147,0,3,4,340,7,0,6,353
SL050,34072424172,210,0,3,0,193,0,3,4,403,6,0,4,413
SL050,34072424173,499,0,6,5,485,0,4,6,984,10,0,11,1005
SL050,34072424174,256,0,3,8,227,1,1,7,483,4,1,15,503
SL050,34072424175,1070,3,21,23,1004,2,19,35,2074,40,5,58,2177
SL050,34072424176,176,0,0,0,156,0,0,3,332,0,0,3,335
SL050,34072424177,283,1,3,2,215,0,4,1,498,7,1,3,509
SL050,34072424178,32,0,0,1,38,0,0,2,70,0,0,3,73
SL050,34072424179,185,1,1,9,129,1,2,9,314,3,2,18,337
SL050,34072424180,632,1,4,15,534,2,15,21,1166,19,3,36,1224
SL050,34072424181,820,1,9,24,779,1,9,18,1599,18,2,42,1661
SL050,34072424182,212,0,1,1,209,0,5,8,421,6,0,9,436
SL050,34072424183,430,0,5,10,383,1,12,12,813,17,1,22,853
SL050,34072424184,107,0,0,2,80,1,0,6,187,0,1,8,196
SL050,34072424185,244,2,1,9,245,1,6,7,489,7,3,16,515
SL050,34072424187,461,2,6,59,437,3,8,27,898,14,5,86,1003
SL050,34072424188,2187,25,35,346,2273,29,60,347,4460,95,54,693,5302
SL050,34072424189,3584,6,120,58,3287,3,136,100,6871,256,9,158,7294
SL050,34072424190,80,0,0,1,78,0,0,0,158,0,0,1,159
SL050,34072424191,73,0,0,3,46,0,1,1,119,1,0,4,124
SL050,34072424193,204,0,4,1,179,0,2,3,383,6,0,4,393
SL050,34072424194,141,0,4,2,134,0,1,2,275,5,0,4,284
SL050,34072424196,1049,1,26,4,1019,0,27,11,2068,53,1,15,2137
SL050,34072424197,422,1,3,8,398,1,10,11,820,13,2,19,854
SL050,34072424198,301,2,2,9,269,0,12,9,570,14,2,18,604
SL050,34072424199,232,2,4,3,190,0,4,2,422,8,2,5,437
SL050,34072424201,634,1,6,9,457,0,2,8,1091,8,1,17,1117
SL050,34072424202,4098,14,139,132,4265,9,137,125,8363,276,23,257,8919
SL050,34072424203,55,0,0,0,38,0,0,0,93,0,0,0,93
SL050,34072424205,541,0,13,8,499,0,15,18,1040,28,0,26,1094
SL050,34072424206,835,4,41,48,894,3,28,34,1729,69,7,82,1887
SL050,34072424207,158,0,2,23,133,1,2,17,291,4,1,40,336
SL050,34072424209,1327,0,54,49,1396,4,81,63,2723,135,4,112,2974
SL050,34072424210,274,4,14,27,238,1,6,24,512,20,5,51,588
SL050,34072424211,162,1,2,5,131,1,1,5,293,3,2,10,308
SL050,34072424212,527,3,3,33,559,3,5,22,1086,8,6,55,1155
SL050,34072424213,84,0,2,1,64,0,0,1,148,2,0,2,152
SL050,34072424214,356,0,9,5,318,0,5,3,674,14,0,8,696
SL050,34072424215,80,0,0,2,78,0,1,1,158,1,0,3,162
SL050,34072424216,373,0,12,1,340,0,3,7,713,15,0,8,736
SL050,34072424217,81,2,0,7,63,1,0,4,144,0,3,11,158
SL050,34072424218,249,1,2,4,221,0,3,5,470,5,1,9,485
SL050,34072424219,296,0,5,6,246,0,8,2,542,13,0,8,563
SL050,34072424221,432,0,4,19,427,0,7,7,859,11,0,26,896
SL050,34072424222,8767,20,255,181,8878,14,303,258,17645,558,34,439,18676
SL050,34072424223,1379,8,29,54,1448,12,24,47,2827,53,20,101,3001
SL050,34072424224,314,0,2,7,282,0,0,10,596,2,0,17,615
SL050,34072424225,574,0,8,19,511,1,10,12,1085,18,1,31,1135
SL050,34072424226,109,0,0,2,83,0,0,2,192,0,0,4,196
SL050,34072424227,931,4,14,32,844,5,16,31,1775,30,9,63,1877
SL050,34072424228,349,1,1,7,308,1,3,3,657,4,2,10,673
SL050,34072424229,245,1,1,3,177,1,0,1,422,1,2,4,429
SL050,34072424230,238,1,1,2,190,0,0,7,428,1,1,9,439
SL050,34072424901,465,1,8,6,441,0,5,10,906,13,1,16,936
SL050,34072424902,177,2,1,5,177,0,1,8,354,2,2,13,371
SL050,34092525001,88,1,1,9,72,0,1,9,160,2,1,18,181
SL050,34092525002,290,4,2,28,232,4,3,48,522,5,8,76,611
SL050,34092525003,2158,65,87,390,2171,86,89,347,4329,176,151,737,5393
SL050,34092525004,346,5,11,59,317,4,12,42,663,23,9,101,796
SL050,34092525005,156,1,13,4,152,1,12,3,308,25,2,7,342
SL050,34092525006,195,0,0,4,172,0,1,3,367,1,0,7,375
SL050,34092525007,879,20,26,280,861,16,15,238,1740,41,36,518,2335
SL050,34092525008,684,10,10,158,621,8,6,79,1305,16,18,237,1576
SL050,34092525009,359,3,5,26,340,7,5,17,699,10,10,43,762
SL050,34092525010,116,0,0,2,113,0,1,0,229,1,0,2,232
SL050,34092525011,3213,227,153,1283,3130,212,144,1060,6343,297,439,2343,9422
SL050,34092525012,1484,15,42,231,1412,22,41,172,2896,83,37,403,3419
SL050,34092525013,1219,26,44,191,1227,19,18,78,2446,62,45,269,2822
SL050,34092525014,151,3,1,8,129,1,2,18,280,3,4,26,313
SL050,34092525015,206,1,1,8,172,1,3,7,378,4,2,15,399
SL050,34092525016,1232,20,37,263,1216,29,18,122,2448,55,49,385,2937
SL050,34092525017,144,0,2,7,121,0,6,10,265,8,0,17,290
SL050,34092525019,2662,92,102,698,2652,71,89,423,5314,191,163,1121,6789
SL050,34092525020,159,1,3,11,125,0,2,13,284,5,1,24,314
SL050,34092525021,1512,16,41,255,1467,15,30,117,2979,71,31,372,3453
SL050,34092525022,69,1,1,6,49,1,1,3,118,2,2,9,131
SL050,34092525023,2825,24,69,211,2868,16,55,162,5693,124,40,373,6230
SL050,34092525024,215,2,5,6,167,1,4,6,382,9,3,12,406
SL050,34092525025,834,4,39,51,731,5,56,70,1565,95,9,121,1790
SL050,34092525027,568,13,11,78,582,10,9,57,1150,20,23,135,1328
SL050,34092525029,938,11,9,143,920,12,4,125,1858,13,23,268,2162
SL050,34092525030,88,0,4,5,62,3,1,8,150,5,3,13,171
SL050,34092525031,36,0,3,1,20,0,2,1,56,5,0,2,63
SL050,34092525032,47,0,1,0,36,0,0,1,83,1,0,1,85
SL050,34092525033,689,5,9,101,645,8,17,64,1334,26,13,165,1538
SL050,34092525034,1349,35,52,334,1285,33,67,292,2634,119,68,626,3447
SL050,34092525035,217,0,4,2,198,0,5,1,415,9,0,3,427
SL050,34092525036,104,0,0,5,104,0,0,4,208,0,0,9,217
SL050,34092525037,247,0,2,12,167,3,8,16,414,10,3,28,455
SL050,34092525038,865,56,42,365,849,58,30,280,1714,72,114,645,2545
SL050,34092525039,156,2,5,12,139,0,2,14,295,7,2,26,330
SL050,34092525040,6112,241,324,1842,6512,215,266,1329,12624,590,456,3171,16841
SL050,34092525041,324,12,4,165,313,12,5,104,637,9,24,269,939
SL050,34092525042,115,0,3,3,104,0,2,4,219,5,0,7,231
SL050,34092525043,500,2,11,33,412,1,18,45,912,29,3,78,1022
SL050,34092525044,101,1,3,8,101,0,5,12,202,8,1,20,231
SL050,34092525045,30,0,1,3,26,0,3,1,56,4,0,4,64
SL050,34092525046,231,6,1,27,237,1,1,21,468,2,7,48,525
SL050,34092525047,572,1,10,51,580,1,8,29,1152,18,2,80,1252
SL050,34092525048,961,15,16,137,994,22,26,118,1955,42,37,255,2289
SL050,34092525049,91,0,0,3,95,0,1,3,186,1,0,6,193
SL050,34092525050,1856,74,89,616,1927,88,63,347,3783,152,162,963,5060
SL050,34092525051,922,3,26,70,853,4,41,60,1775,67,7,130,1979
SL050,34092525052,905,33,10,201,927,20,9,161,1832,19,53,362,2266
SL050,34092525053,671,2,12,83,647,4,12,37,1318,24,6,120,1468
SL050,34092525055,93,1,3,0,80,0,1,3,173,4,1,3,181
SL050,34092525056,125,0,1,13,116,0,1,1,241,2,0,14,257
SL050,34092525057,134,0,7,4,109,0,7,5,243,14,0,9,266
SL050,34092525058,2561,74,81,338,2533,55,56,304,5094,137,129,642,6002
SL050,34092525059,445,2,43,54,455,3,53,55,900,96,5,109,1110
SL050,34092525060,31,0,1,1,42,0,0,1,73,1,0,2,76
SL050,34092525061,47,0,3,2,38,0,4,3,85,7,0,5,97
SL050,34092525062,411,3,2,16,386,0,10,14,797,12,3,30,842
SL050,34092525063,41,0,5,2,34,0,1,1,75,6,0,3,84
SL050,34092525064,69,1,0,0,64,1,1,1,133,1,2,1,137
SL050,34092525067,414,3,16,69,376,3,10,40,790,26,6,109,931
SL050,34092525068,322,4,4,31,299,2,5,20,621,9,6,51,687
SL050,34092525069,260,6,5,19,230,0,2,16,490,7,6,35,538
SL050,34092525070,455,5,4,32,475,4,2,23,930,6,9,55,1000
SL050,34092525071,27,1,0,0,17,0,0,1,44,0,1,1,46
SL050,34092525072,3373,154,223,844,3501,165,159,647,6874,382,319,1491,9066
SL050,34092525073,328,0,7,10,288,0,9,6,616,16,0,16,648
SL050,34092525074,107,0,1,1,92,0,2,3,199,3,0,4,206
SL050,34092525075,74,0,0,0,71,0,1,1,145,1,0,1,147
SL050,34092525076,83,0,0,5,68,0,1,4,151,1,0,9,161
SL050,34092525077,250,3,15,16,223,2,19,21,473,34,5,37,549
SL050,34092525078,626,5,8,138,609,3,6,36,1235,14,8,174,1431
SL050,34092525079,163,0,4,17,149,1,4,20,312,8,1,37,358
SL050,34092525081,164,1,2,14,166,0,2,8,330,4,1,22,357
SL050,34092525082,173,2,3,12,148,3,1,10,321,4,5,22,352
SL050,34092525085,84,0,1,0,75,0,0,0,159,1,0,0,160
SL050,34092525086,269,6,23,65,292,6,16,79,561,39,12,144,756
SL050,34092525087,34,0,0,2,31,1,0,1,65,0,1,3,69
SL050,34092525088,63,0,5,1,45,0,4,1,108,9,0,2,119
SL050,34092525089,62,3,2,2,44,3,3,3,106,5,6,5,122
SL050,34092525092,79,0,1,3,65,0,1,5,144,2,0,8,154
SL050,34092525093,354,0,18,16,370,0,15,19,724,33,0,35,792
SL050,34092525094,94,1,1,7,57,1,2,10,151,3,2,17,173
SL050,34092525096,517,17,7,65,537,14,4,56,1054,11,31,121,1217
SL050,34092525097,43,0,0,0,41,0,0,0,84,0,0,0,84
SL050,34092525098,128,0,1,4,131,0,3,7,259,4,0,11,274
SL050,34092525099,794,9,23,111,794,15,27,91,1588,50,24,202,1864
SL050,34092525100,117,0,1,2,88,0,0,1,205,1,0,3,209
SL050,34092525101,324,10,6,48,289,9,5,37,613,11,19,85,728
SL050,34092525102,374,17,8,120,360,20,4,53,734,12,37,173,956
SL050,34092525103,78,1,0,0,58,0,3,0,136,3,1,0,140
SL050,34092525104,74,0,1,1,71,0,0,0,145,1,0,1,147
SL050,34092525105,71,2,0,14,50,3,1,3,121,1,5,17,144
SL050,34092525109,126,2,0,18,106,4,1,13,232,1,6,31,270
SL050,34092525110,1633,287,126,1700,1603,234,96,1355,3236,222,521,3055,7034
SL050,34092525111,83,0,1,4,47,0,0,3,130,1,0,7,138
SL050,34092525112,149,1,5,19,154,0,6,3,303,11,1,22,337
SL050,34092525113,633,11,15,158,669,8,12,51,1302,27,19,209,1557
SL050,34092525114,56,0,0,1,44,0,1,2,100,1,0,3,104
SL050,34092525115,486,1,11,48,426,4,11,41,912,22,5,89,1028
SL050,34092525118,190,1,2,18,170,0,3,9,360,5,1,27,393
SL050,34092525119,1340,37,29,379,1303,50,24,247,2643,53,87,626,3409
SL050,34092525120,51243,1569,2948,12310,55442,1488,3222,9634,106685,6170,3057,21944,137856
SL050,34092525121,335,14,56,75,319,17,62,76,654,118,31,151,954
SL050,34092525122,1131,20,33,156,1131,23,28,138,2262,61,43,294,2660
SL050,34092525123,107,0,0,4,111,0,3,2,218,3,0,6,227
SL050,34092525124,94,0,0,1,82,0,1,1,176,1,0,2,179
SL050,34092525125,227,1,3,8,211,1,2,7,438,5,2,15,460
SL050,34092525126,158,0,6,7,161,0,6,14,319,12,0,21,352
SL050,34092525127,139,0,4,3,104,0,4,1,243,8,0,4,255
SL050,34092525128,82,0,1,3,51,0,0,5,133,1,0,8,142
SL050,34092525129,107,0,0,0,88,0,0,0,195,0,0,0,195
SL050,34092525130,107,2,1,5,106,1,1,2,213,2,3,7,225
SL050,34092525131,212,5,4,113,218,6,5,22,430,9,11,135,585
SL050,34092525132,92,2,2,26,90,1,0,19,182,2,3,45,232
SL050,34092525133,398,10,4,99,372,5,5,38,770,9,15,137,931
SL050,34092525134,353,6,2,89,314,4,4,29,667,6,10,118,801
SL050,34092525135,615,6,10,45,603,13,13,42,1218,23,19,87,1347
SL050,34092525136,50,0,1,3,54,0,1,0,104,2,0,3,109
SL050,34092525137,4928,383,420,1812,5099,391,340,1367,10027,760,774,3179,14740
SL050,34092525138,315,0,3,9,299,0,4,5,614,7,0,14,635
SL050,34092525139,278,0,11,18,228,1,8,10,506,19,1,28,554
SL050,34092525140,484,3,38,53,404,1,45,46,888,83,4,99,1074
SL050,34092525141,96,0,3,6,80,0,2,3,176,5,0,9,190
SL050,34092525142,201,1,6,28,203,5,7,18,404,13,6,46,469
SL050,34092525143,45,0,0,1,52,0,0,0,97,0,0,1,98
SL050,34092525145,46,0,2,4,40,0,0,1,86,2,0,5,93
SL050,34092525146,136,0,2,9,142,0,1,1,278,3,0,10,291
SL050,34092525148,140,0,0,13,100,0,1,6,240,1,0,19,260
SL050,34092525149,758,6,31,105,738,16,36,97,1496,67,22,202,1787
SL050,34092525150,99,2,1,6,91,0,0,3,190,1,2,9,202
SL050,34092525151,485,2,6,15,431,1,9,12,916,15,3,27,961
SL050,34092525152,84,0,5,1,79,0,0,3,163,5,0,4,172
SL050,34092525153,112,0,0,2,98,0,0,0,210,0,0,2,212
SL050,34092525154,73,0,0,0,58,0,0,3,131,0,0,3,134
SL050,34092525155,349,5,11,31,340,4,19,33,689,30,9,64,792
SL050,34092525156,485,4,6,17,474,1,6,16,959,12,5,33,1009
SL050,34092525157,98,0,1,5,98,0,1,2,196,2,0,7,205
SL050,34092525158,981,12,16,61,984,7,22,80,1965,38,19,141,2163
SL050,34092525161,208,0,2,10,189,0,9,10,397,11,0,20,428
SL050,34092525163,155,0,1,4,99,0,4,2,254,5,0,6,265
SL050,34092525164,240,4,4,18,180,1,0,15,420,4,5,33,462
SL050,34092525165,156,1,3,15,151,2,3,22,307,6,3,37,353
SL050,34092525166,112,0,1,6,79,0,2,3,191,3,0,9,203
SL050,34092525167,149,0,1,5,131,1,1,10,280,2,1,15,298
SL050,34092525168,291,2,2,30,274,4,2,21,565,4,6,51,626
SL050,34092525169,102,0,2,3,82,0,2,0,184,4,0,3,191
SL050,34092525170,155,1,1,3,134,0,1,6,289,2,1,9,301
SL050,34092525171,1165,29,61,193,1223,27,56,185,2388,117,56,378,2939
SL050,34092525172,1003,36,47,213,1021,34,68,182,2024,115,70,395,2604
SL050,34092525173,931,26,40,110,924,21,47,117,1855,87,47,227,2216
SL050,34092525174,243,8,9,139,197,12,4,91,440,13,20,230,703
SL050,34092525175,114,0,2,5,96,0,5,9,210,7,0,14,231
SL050,34092525176,187,1,2,8,173,1,1,12,360,3,2,20,385
SL050,34092525177,209,1,2,5,197,0,2,12,406,4,1,17,428
SL050,34092525179,99,0,1,9,98,0,6,11,197,7,0,20,224
SL050,34092525180,130,0,1,5,132,0,0,4,262,1,0,9,272
SL050,34092525181,101,4,0,26,85,1,1,13,186,1,5,39,231
SL050,34092525182,641,2,14,43,610,2,11,40,1251,25,4,83,1363
SL050,34092525183,307,0,6,25,292,2,8,23,599,14,2,48,663
SL050,34092525185,383,7,35,53,359,4,32,50,742,67,11,103,923
SL050,34092525186,121,1,3,5,120,0,4,7,241,7,1,12,261
SL050,34092525189,1309,26,32,204,1335,28,38,158,2644,70,54,362,3130
SL050,34092525190,155,1,5,13,126,1,6,17,281,11,2,30,324
SL050,34092525191,190,3,2,11,176,0,1,10,366,3,3,21,393
SL050,34092525192,440,8,21,77,402,11,16,65,842,37,19,142,1040
SL050,34092525193,407,7,15,28,426,7,16,28,833,31,14,56,934
SL050,34092525194,245,0,2,15,222,0,2,9,467,4,0,24,495
SL050,34092525196,69,0,1,8,45,1,1,4,114,2,1,12,129
SL050,34092525197,85,0,2,14,69,0,5,2,154,7,0,16,177
SL050,34092525200,194,0,0,4,160,0,2,1,354,2,0,5,361
SL050,34092525201,63,0,2,4,50,0,0,1,113,2,0,5,120
SL050,34092525202,64,1,4,11,51,1,2,5,115,6,2,16,139
SL050,34092525203,4514,80,606,634,4801,54,681,671,9315,1287,134,1305,12041
SL050,34092525204,706,25,24,257,667,33,10,167,1373,34,58,424,1889
SL050,34092525205,368,0,1,16,320,1,4,23,688,5,1,39,733
SL050,34092525206,149,1,2,23,142,3,2,6,291,4,4,29,328
SL050,34092525207,3576,102,215,572,3769,70,216,494,7345,431,172,1066,9014
SL050,34092525208,207,2,1,5,178,0,3,3,385,4,2,8,399
SL050,34092525209,894,19,47,116,881,15,59,133,1775,106,34,249,2164
SL050,34092525210,651,35,29,211,653,20,26,139,1304,55,55,350,1764
SL050,34092525211,422,1,10,37,360,0,7,14,782,17,1,51,851
SL050,34092525212,127,1,2,78,126,2,0,19,253,2,3,97,355
SL050,34092525215,416,2,28,10,177,0,8,10,593,36,2,20,651
SL050,34092525216,137,1,1,3,103,0,1,1,240,2,1,4,247
SL050,34092525217,6165,273,423,1462,6492,239,350,1391,12657,773,512,2853,16795
SL050,34092525218,51,0,1,1,46,0,0,0,97,1,0,1,99
SL050,34092525219,88,0,7,5,78,0,0,5,166,7,0,10,183
SL050,34092525220,579,5,16,105,588,6,13,71,1167,29,11,176,1383
SL050,34092525221,65,0,1,0,64,1,1,2,129,2,1,2,134
SL050,34092525222,36,0,2,0,35,0,1,0,71,3,0,0,74
SL050,34092525223,526,11,7,80,523,8,11,78,1049,18,19,158,1244
SL050,34092525224,79,0,1,3,63,0,3,2,142,4,0,5,151
SL050,34092525225,329,22,8,114,300,12,4,90,629,12,34,204,879
SL050,34092525226,150,0,2,1,129,0,3,4,279,5,0,5,289
SL050,34092525227,356,2,4,17,342,2,5,19,698,9,4,36,747
SL050,34092525228,2051,33,55,214,1968,30,39,240,4019,94,63,454,4630
SL050,34092525230,902,22,28,172,897,26,27,116,1799,55,48,288,2190
SL050,34092525231,297,2,3,124,285,0,2,29,582,5,2,153,742
SL050,34092525232,784,27,13,371,776,16,7,313,1560,20,43,684,2307
SL050,34092525233,155,2,4,41,160,8,2,14,315,6,10,55,386
SL050,34092525234,2267,52,162,366,2420,48,168,341,4687,330,100,707,5824
SL050,34092525238,116,0,3,4,103,0,5,3,219,8,0,7,234
SL050,34092525239,331,5,29,53,306,0,36,43,637,65,5,96,803
SL050,34092525240,831,18,13,80,837,14,22,69,1668,35,32,149,1884
SL050,34092525242,385,2,4,43,403,2,27,39,788,31,4,82,905
SL050,34092525243,2093,54,180,460,1954,41,216,495,4047,396,95,955,5493
SL050,34092525244,223,2,5,31,211,2,6,30,434,11,4,61,510
SL050,34092525245,257,2,3,19,214,3,7,31,471,10,5,50,536
SL050,34092525247,84,0,3,3,60,0,2,7,144,5,0,10,159
SL050,34092525248,506,5,4,67,551,5,4,28,1057,8,10,95,1170
SL050,34092525249,99,0,0,2,99,0,0,2,198,0,0,4,202
SL050,34092525250,210,2,3,10,155,2,4,9,365,7,4,19,395
SL050,34092525251,424,3,11,56,400,5,8,38,824,19,8,94,945
SL050,34092525252,334,3,7,14,327,1,8,23,661,15,4,37,717
SL050,34092525253,83,0,0,2,75,0,0,8,158,0,0,10,168
SL050,34092525254,422,4,9,96,411,4,15,78,833,24,8,174,1039
SL050,34092525255,237,0,2,13,215,3,1,11,452,3,3,24,482
SL050,34092525901,161,1,17,16,149,4,15,9,310,32,5,25,372
SL050,34092525902,319,3,5,10,294,0,3,14,613,8,3,24,648
SL050,34092525903,141,2,2,15,117,0,5,16,258,7,2,31,298
SL050,34092525904,87,0,1,3,73,0,1,0,160,2,0,3,165
SL050,34092525905,209,0,1,5,200,0,4,3,409,5,0,8,422
SL050,34092525906,129,0,4,18,94,1,6,20,223,10,1,38,272
SL050,34092525907,297,1,5,13,254,2,4,14,551,9,3,27,590
SL050,34092525908,133,0,4,4,105,1,3,3,238,7,1,7,253
SL050,34092525909,78,1,0,8,73,0,2,6,151,2,1,14,168
SL050,34092525910,55,2,3,6,46,1,2,3,101,5,3,9,118
SL050,34092525911,254,0,5,10,215,0,6,17,469,11,0,27,507
SL050,34092525912,508,13,5,61,475,1,10,35,983,15,14,96,1108
SL050,34092525913,54,0,0,1,39,0,0,0,93,0,0,1,94
SL050,34172626001,132,5,1,12,89,1,1,14,221,2,6,26,255
SL050,34172626002,490,11,23,75,413,7,15,71,903,38,18,146,1105
SL050,34172626003,208,0,8,17,208,0,12,17,416,20,0,34,470
SL050,34172626004,44,0,0,0,17,0,1,0,61,1,0,0,62
SL050,34172626005,1440,16,100,206,1391,26,91,192,2831,191,42,398,3462
SL050,34172626006,1090,22,34,83,1043,21,38,102,2133,72,43,185,2433
SL050,34172626007,280,5,4,49,271,1,5,29,551,9,6,78,644
SL050,34172626008,1081,49,42,255,1051,41,30,183,2132,72,90,438,2732
SL050,34172626009,236,10,2,21,205,3,3,22,441,5,13,43,502
SL050,34172626010,58,0,1,2,38,0,0,3,96,1,0,5,102
SL050,34172626011,4137,58,183,385,4119,41,178,359,8256,361,99,744,9460
SL050,34172626012,15,0,0,1,12,0,0,0,27,0,0,1,28
SL050,34172626013,211,5,10,11,167,2,10,18,378,20,7,29,434
SL050,34172626014,277,2,1,7,215,2,1,4,492,2,4,11,509
SL050,34172626015,104,0,0,13,98,0,0,11,202,0,0,24,226
SL050,34172626016,20,0,0,0,10,0,0,0,30,0,0,0,30
SL050,34172626017,198,1,4,7,199,0,6,11,397,10,1,18,426
SL050,34172626018,5970,173,259,971,6059,173,284,926,12029,543,346,1897,14815
SL050,34172626019,209,3,3,46,172,10,9,36,381,12,13,82,488
SL050,34172626020,275,7,7,110,237,15,6,97,512,13,22,207,754
SL050,34172626021,1532,93,158,435,1537,117,125,472,3069,283,210,907,4469
SL050,34172626022,103,0,0,3,88,0,2,4,191,2,0,7,200
SL050,34172626023,233,1,2,20,227,2,3,14,460,5,3,34,502
SL050,34172626024,115,1,1,7,106,0,1,3,221,2,1,10,234
SL050,34172626025,53,0,0,0,31,0,2,0,84,2,0,0,86
SL050,34172626026,735,7,10,40,740,9,9,40,1475,19,16,80,1590
SL050,34172626027,96,1,0,4,55,0,0,3,151,0,1,7,159
SL050,34172626028,74,0,0,4,63,0,0,1,137,0,0,5,142
SL050,34172626029,20,0,0,1,17,1,0,0,37,0,1,1,39
SL050,34172626030,8,0,0,1,10,0,0,0,18,0,0,1,19
SL050,34172626031,52,0,0,1,50,0,0,1,102,0,0,2,104
SL050,34172626032,30,0,0,0,19,0,0,2,49,0,0,2,51
SL050,34172626033,88,0,1,0,111,0,0,1,199,1,0,1,201
SL050,34172626034,379,2,4,24,331,2,5,19,710,9,4,43,766
SL050,34172626035,14,0,0,0,6,0,0,0,20,0,0,0,20
SL050,34172626036,9401,250,743,1347,9777,204,785,1416,19178,1528,454,2763,23923
SL050,34172626037,75,0,4,3,61,0,4,4,136,8,0,7,151
SL050,34172626038,56,0,0,1,27,0,0,1,83,0,0,2,85
SL050,34172626039,19,0,1,0,20,0,0,0,39,1,0,0,40
SL050,34172626040,35,1,6,9,33,2,2,9,68,8,3,18,97
SL050,34172626041,65,0,0,15,62,0,1,4,127,1,0,19,147
SL050,34172626042,443,19,27,94,436,7,29,90,879,56,26,184,1145
SL050,34172626043,189,1,3,11,200,1,7,12,389,10,2,23,424
SL050,34172626044,26,0,0,4,18,0,0,2,44,0,0,6,50
SL050,34172626045,5,0,0,0,7,0,0,0,12,0,0,0,12
SL050,34172626046,891,15,17,120,878,12,27,76,1769,44,27,196,2036
SL050,34172626047,1096,5,20,72,984,8,44,69,2080,64,13,141,2298
SL050,34172626048,12,0,0,0,12,0,0,0,24,0,0,0,24
SL050,34172626049,96,0,4,6,82,1,4,4,178,8,1,10,197
SL050,34172626050,83,2,2,5,43,0,2,5,126,4,2,10,142
SL050,34172626051,150,1,5,6,99,1,1,10,249,6,2,16,273
SL050,34172626052,76,0,0,2,76,0,0,3,152,0,0,5,157
SL050,34172626053,119,1,1,11,100,8,1,11,219,2,9,22,252
SL050,34172626054,183,0,1,1,130,0,2,2,313,3,0,3,319
SL050,34172626055,23,0,0,0,15,0,1,0,38,1,0,0,39
SL050,34172626056,237,4,3,22,199,0,6,17,436,9,4,39,488
SL050,34172626057,32,0,0,0,15,0,0,0,47,0,0,0,47
SL050,34172626058,96,0,1,6,56,0,3,5,152,4,0,11,167
SL050,34172626059,679,6,29,86,625,7,23,64,1304,52,13,150,1519
SL050,34172626060,49,0,3,10,26,0,0,5,75,3,0,15,93
SL050,34172626061,891,17,30,107,815,14,28,125,1706,58,31,232,2027
SL050,34172626062,55,0,0,0,41,0,0,0,96,0,0,0,96
SL050,34172626063,78,0,1,6,42,1,2,4,120,3,1,10,134
SL050,34172626064,1390,12,50,117,1383,7,52,97,2773,102,19,214,3108
SL050,34172626065,30,1,0,1,14,0,1,3,44,1,1,4,50
SL050,34172626066,141,2,5,20,142,1,2,19,283,7,3,39,332
SL050,34172626067,12,0,0,0,6,0,0,0,18,0,0,0,18
SL050,34172626068,51,2,1,9,44,0,2,7,95,3,2,16,116
SL050,34172626069,140,1,0,5,101,1,1,6,241,1,2,11,255
SL050,34172626070,87,1,0,4,83,0,0,4,170,0,1,8,179
SL050,34172626071,4902,57,188,396,5091,36,247,392,9993,435,93,788,11309
SL050,34172626072,162,0,3,7,148,0,3,7,310,6,0,14,330
SL050,34172626073,56,0,0,4,43,0,0,7,99,0,0,11,110
SL050,34172626074,61,0,0,1,58,0,0,0,119,0,0,1,120
SL050,34172626075,208,5,6,17,167,11,5,21,375,11,16,38,440
SL050,34172626076,62,0,0,4,62,1,0,1,124,0,1,5,130
SL050,34172626077,8,0,0,0,10,0,0,0,18,0,0,0,18
SL050,34172626078,47,1,1,4,36,0,2,1,83,3,1,5,92
SL050,34172626079,387,9,2,45,321,8,1,45,708,3,17,90,818
SL050,34172626080,265,6,12,61,224,4,4,32,489,16,10,93,608
SL050,34172626081,8,0,0,2,7,0,0,1,15,0,0,3,18
SL050,34172626082,71,0,0,0,44,0,0,1,115,0,0,1,116
SL050,34172626083,153,0,0,8,125,1,0,6,278,0,1,14,293
SL050,34172626084,4375,84,183,482,4123,99,258,589,8498,441,183,1071,10193
SL050,34172626086,12,0,0,0,3,0,0,0,15,0,0,0,15
SL050,34172626087,104,2,1,16,96,0,1,18,200,2,2,34,238
SL050,34172626088,18,0,0,0,15,0,0,0,33,0,0,0,33
SL050,34172626089,61032,1041,3053,6734,67138,1005,3826,7284,128170,6879,2046,14018,151113
SL050,34172626091,108,0,1,2,56,0,0,1,164,1,0,3,168
SL050,34172626092,67,1,0,4,44,0,0,1,111,0,1,5,117
SL050,34172626093,40,0,0,1,12,0,0,2,52,0,0,3,55
SL050,34172626094,42,0,0,0,29,0,0,1,71,0,0,1,72
SL050,34172626095,48,0,0,1,41,0,2,1,89,2,0,2,93
SL050,34172626096,163,1,2,8,135,1,3,8,298,5,2,16,321
SL050,34172626098,53,0,3,5,41,0,4,2,94,7,0,7,108
SL050,34172626099,731,17,25,74,688,11,25,83,1419,50,28,157,1654
SL050,34172626100,32,0,1,1,20,0,3,2,52,4,0,3,59
SL050,34172626101,22,0,0,1,14,0,1,1,36,1,0,2,39
SL050,34172626102,3492,59,52,345,3624,63,56,356,7116,108,122,701,8047
SL050,34172626103,480,3,17,28,404,2,21,33,884,38,5,61,988
SL050,34172626104,9,0,1,0,3,0,0,2,12,1,0,2,15
SL050,34172626105,1371,9,48,72,1317,13,49,73,2688,97,22,145,2952
SL050,34172626106,47,0,1,0,38,0,0,0,85,1,0,0,86
SL050,34172626107,61,0,0,0,31,0,0,0,92,0,0,0,92
SL050,34172626108,167,0,2,4,101,0,2,6,268,4,0,10,282
SL050,34172626109,47,0,1,1,28,0,2,3,75,3,0,4,82
SL050,34172626110,90,0,4,11,59,0,2,9,149,6,0,20,175
SL050,34172626111,147,0,0,4,125,1,3,6,272,3,1,10,286
SL050,34172626112,140,0,4,1,98,0,2,1,238,6,0,2,246
SL050,34172626113,24,0,0,0,7,0,0,0,31,0,0,0,31
SL050,34172626114,53,0,0,0,23,0,0,0,76,0,0,0,76
SL050,34172626115,9,0,0,0,6,0,0,0,15,0,0,0,15
SL050,34172626117,1237,98,43,576,1205,96,42,525,2442,85,194,1101,3822
SL050,34172626118,34,0,1,1,32,0,1,2,66,2,0,3,71
SL050,34172626119,110,1,1,9,90,0,2,4,200,3,1,13,217
SL050,34172626120,855,15,32,163,758,27,33,149,1613,65,42,312,2032
SL050,34172626121,22,0,0,1,9,0,0,0,31,0,0,1,32
SL050,34172626122,60,1,1,5,56,2,1,4,116,2,3,9,130
SL050,34172626123,73,0,0,4,58,1,0,2,131,0,1,6,138
SL050,34172626124,475,0,10,18,417,1,5,35,892,15,1,53,961
SL050,34172626125,1537,40,81,234,1510,47,71,202,3047,152,87,436,3722
SL050,34172626126,19,0,0,0,10,0,0,0,29,0,0,0,29
SL050,34172626127,110,2,1,9,88,1,1,17,198,2,3,26,229
SL050,34172626128,56,0,3,6,58,0,4,3,114,7,0,9,130
SL050,34172626129,565,4,8,21,490,4,10,22,1055,18,8,43,1124
SL050,34172626130,137,0,2,10,70,0,0,3,207,2,0,13,222
SL050,34172626131,24,0,0,0,11,0,0,0,35,0,0,0,35
SL050,34172626132,69,2,1,13,49,0,1,7,118,2,2,20,142
SL050,34172626134,52,0,1,2,30,0,1,2,82,2,0,4,88
SL050,34172626135,93,0,3,3,52,0,2,1,145,5,0,4,154
SL050,34172626136,55,0,0,3,45,0,0,4,100,0,0,7,107
SL050,34172626138,2563,76,138,346,2590,61,136,321,5153,274,137,667,6231
SL050,34172626139,32,0,0,0,29,0,1,2,61,1,0,2,64
SL050,34172626140,144,3,2,4,128,1,1,5,272,3,4,9,288
SL050,34172626141,66,0,1,1,38,0,0,3,104,1,0,4,109
SL050,34172626142,456,2,11,60,425,6,11,44,881,22,8,104,1015
SL050,34172626143,145,0,12,10,96,0,10,23,241,22,0,33,296
SL050,34172626144,116,0,3,16,86,0,2,9,202,5,0,25,232
SL050,34172626145,147,1,3,16,112,0,6,12,259,9,1,28,297
SL050,34172626146,50,0,0,0,37,0,0,0,87,0,0,0,87
SL050,34172626147,15,0,1,0,14,0,0,0,29,1,0,0,30
SL050,34172626148,87,0,0,6,85,1,0,7,172,0,1,13,186
SL050,34172626149,28,0,0,0,19,0,0,0,47,0,0,0,47
SL050,34172626150,69,2,1,9,44,4,1,9,113,2,6,18,139
SL050,34172626151,244,2,1,6,194,3,1,13,438,2,5,19,464
SL050,34172626152,19,0,0,0,11,0,0,0,30,0,0,0,30
SL050,34172626153,8,0,0,0,2,0,0,0,10,0,0,0,10
SL050,34172626154,6,0,0,0,4,0,0,0,10,0,0,0,10
SL050,34172626155,86,0,1,4,73,0,1,3,159,2,0,7,168
SL050,34172626157,161,1,4,11,163,0,8,10,324,12,1,21,358
SL050,34172626158,142,9,4,40,127,5,3,29,269,7,14,69,359
SL050,34172626160,452,7,9,36,436,11,6,31,888,15,18,67,988
SL050,34172626161,5,0,0,0,3,0,0,0,8,0,0,0,8
SL050,34172626162,77,0,0,4,47,0,3,2,124,3,0,6,133
SL050,34172626163,86,0,1,0,77,0,2,3,163,3,0,3,169
SL050,34172626164,32,0,0,1,20,0,3,3,52,3,0,4,59
SL050,34172626165,208,1,3,8,159,0,4,7,367,7,1,15,390
SL050,34172626166,95,0,0,0,55,0,3,1,150,3,0,1,154
SL050,34172626167,39,0,0,5,20,0,1,2,59,1,0,7,67
SL050,34172626168,3517,29,179,294,3355,46,201,352,6872,380,75,646,7973
SL050,34172626169,40,0,0,0,32,0,0,0,72,0,0,0,72
SL050,34172626170,255,6,11,37,236,9,7,36,491,18,15,73,597
SL050,34172626171,97,0,0,1,62,0,1,2,159,1,0,3,163
SL050,34172626172,21,0,0,0,5,0,0,1,26,0,0,1,27
SL050,34172626173,3,0,0,0,2,0,0,0,5,0,0,0,5
SL050,34172626174,82,0,0,1,57,0,0,0,139,0,0,1,140
SL050,34172626175,29,0,1,1,17,0,0,0,46,1,0,1,48
SL050,34172626176,32,0,0,0,20,0,1,4,52,1,0,4,57
SL050,34172626177,193,0,5,1,119,0,2,5,312,7,0,6,325
SL050,34172626178,44,0,0,1,31,0,1,1,75,1,0,2,78
SL050,34172626179,29,0,0,0,13,0,0,0,42,0,0,0,42
SL050,34172626180,132,0,2,7,106,0,5,6,238,7,0,13,258
SL050,34172626181,10,0,0,0,4,0,0,0,14,0,0,0,14
SL050,34172626183,43,0,2,0,38,1,4,3,81,6,1,3,91
SL050,34122727001,1175,0,11,9,1220,0,5,8,2395,16,0,17,2428
SL050,34122727002,826,1,8,12,888,1,8,13,1714,16,2,25,1757
SL050,34122727003,933,0,29,23,974,1,26,22,1907,55,1,45,2008
SL050,34122727004,656,0,2,14,590,0,1,5,1246,3,0,19,1268
SL050,34122727005,1309,4,39,56,1444,6,26,57,2753,65,10,113,2941
SL050,34122727006,1322,7,18,75,1327,11,32,35,2649,50,18,110,2827
SL050,34122727007,1486,0,20,21,1458,2,25,25,2944,45,2,46,3037
SL050,34122727008,725,0,27,25,694,1,23,8,1419,50,1,33,1503
SL050,34122727009,1079,3,19,25,1050,1,41,17,2129,60,4,42,2235
SL050,34122727010,2363,9,24,72,2444,9,40,50,4807,64,18,122,5011
SL050,34122727011,1336,2,7,37,1249,6,23,15,2585,30,8,52,2675
SL050,34122727012,780,0,6,2,582,0,3,4,1362,9,0,6,1377
SL050,34122727013,1988,4,32,52,2057,1,44,49,4045,76,5,101,4227
SL050,34122727014,1730,2,23,13,1684,0,22,13,3414,45,2,26,3487
SL050,34122727015,2161,3,24,38,2313,4,18,35,4474,42,7,73,4596
SL050,34122727016,3676,12,171,165,3908,7,221,164,7584,392,19,329,8324
SL050,34122727017,518,0,5,6,473,1,8,7,991,13,1,13,1018
SL050,34122727018,1832,0,16,19,1660,1,26,35,3492,42,1,54,3589
SL050,34122727019,4477,32,142,214,4680,23,197,237,9157,339,55,451,10002
SL050,34122727020,1835,5,31,32,1814,6,22,27,3649,53,11,59,3772
SL050,34122727021,871,0,8,13,926,0,10,13,1797,18,0,26,1841
SL050,34122727022,2608,3,30,98,2626,3,34,103,5234,64,6,201,5505
SL050,34122727023,1365,0,7,21,1308,1,5,11,2673,12,1,32,2718
SL050,34122727024,774,1,13,18,763,1,25,14,1537,38,2,32,1609
SL050,34122727025,1499,0,34,114,1582,5,40,40,3081,74,5,154,3314
SL050,34122727026,1290,2,12,34,1234,3,24,38,2524,36,5,72,2637
SL050,34122727027,973,9,24,53,1052,12,15,43,2025,39,21,96,2181
SL050,34122727028,41478,160,1800,2018,47473,198,2637,2261,88951,4437,358,4279,98025
SL050,34122727029,786,4,15,47,789,10,17,43,1575,32,14,90,1711
SL050,34122727030,1652,6,28,26,1870,3,28,26,3522,56,9,52,3639
SL050,34122727031,7782,38,491,516,8616,39,629,488,16398,1120,77,1004,18599
SL050,34122727032,1748,4,31,44,1734,2,56,48,3482,87,6,92,3667
SL050,34122727033,309,0,4,1,317,0,3,2,626,7,0,3,636
SL050,34122727034,605,1,7,9,468,0,5,8,1073,12,1,17,1103
SL050,34122727035,99,4,2,7,97,1,1,7,196,3,5,14,218
SL050,34122727037,580,0,4,7,508,0,12,3,1088,16,0,10,1114
SL050,34122727038,489,0,11,17,483,0,11,7,972,22,0,24,1018
SL050,34122727039,2544,2,40,38,2379,1,60,29,4923,100,3,67,5093
SL050,34122727040,1677,3,14,37,1621,2,29,31,3298,43,5,68,3414
SL050,34122727041,1131,2,42,57,1198,4,41,64,2329,83,6,121,2539
SL050,34122727042,884,1,19,12,867,1,20,16,1751,39,2,28,1820
SL050,34122727043,670,0,8,15,675,0,8,12,1345,16,0,27,1388
SL050,34122727044,1504,2,12,25,1480,1,19,13,2984,31,3,38,3056
SL050,34122727045,555,1,3,4,459,1,0,9,1014,3,2,13,1032
SL050,34122727046,777,1,7,15,786,0,15,15,1563,22,1,30,1616
SL050,34122727047,788,1,37,16,801,1,28,13,1589,65,2,29,1685
SL050,34122727048,1049,1,13,41,1138,3,10,28,2187,23,4,69,2283
SL050,34122727049,726,1,11,29,687,2,11,20,1413,22,3,49,1487
SL050,34122727050,1457,5,66,31,1568,5,85,40,3025,151,10,71,3257
SL050,34122727051,4340,20,161,212,4704,14,200,249,9044,361,34,461,9900
SL050,34122727052,456,1,14,12,455,0,19,13,911,33,1,25,970
SL050,34122727053,272,0,1,5,259,0,2,4,531,3,0,9,543
SL050,34122727054,592,0,8,16,623,0,8,8,1215,16,0,24,1255
SL050,34122727055,675,0,4,12,581,0,13,8,1256,17,0,20,1293
SL050,34122727056,678,7,12,58,689,4,13,40,1367,25,11,98,1501
SL050,34122727057,5926,16,309,273,6147,10,398,266,12073,707,26,539,13345
SL050,34122727058,1735,7,66,81,1714,5,80,55,3449,146,12,136,3743
SL050,34122727059,1053,1,33,46,1079,1,45,43,2132,78,2,89,2301
SL050,34122727060,1240,0,42,59,1390,4,57,38,2630,99,4,97,2830
SL050,34122727061,531,1,7,7,561,1,2,11,1092,9,2,18,1121
SL050,34122727062,309,0,5,3,313,0,7,6,622,12,0,9,643
SL050,34122727063,913,3,22,25,981,2,26,32,1894,48,5,57,2004
SL050,34122727064,805,2,14,23,842,0,23,14,1647,37,2,37,1723
SL050,34122727065,6566,13,122,193,6989,19,156,168,13555,278,32,361,14226
SL050,34122727066,6715,18,379,494,7125,19,415,345,13840,794,37,839,15510
SL050,34122727901,1286,2,18,42,1169,1,20,28,2455,38,3,70,2566
SL050,34122727902,3902,26,243,582,4100,12,243,458,8002,486,38,1040,9566
SL050,34132828001,33,0,1,1,30,0,0,0,63,1,0,1,65
SL050,34132828002,1971,25,110,268,1763,33,109,280,3734,219,58,548,4559
SL050,34132828003,113,0,2,2,75,0,2,1,188,4,0,3,195
SL050,34132828004,3773,110,254,480,3840,114,276,506,7613,530,224,986,9353
SL050,34132828005,75803,2044,4004,12508,79406,1938,4720,13328,155209,8724,3982,25836,193751
SL050,34132828006,44269,599,4374,6371,46116,627,5872,7809,90385,10246,1226,14180,116037
SL050,34132828007,70004,945,4091,6710,74551,908,5067,7226,144555,9158,1853,13936,169502
SL050,34132828008,1106,43,64,195,1009,46,65,170,2115,129,89,365,2698
SL050,34132828009,8498,68,585,940,8548,86,793,955,17046,1378,154,1895,20473
SL050,34132828010,6229,80,331,397,6385,65,404,473,12614,735,145,870,14364
SL050,34132828011,245,2,9,45,233,3,9,55,478,18,5,100,601
SL050,34132828012,592,12,13,44,522,8,13,68,1114,26,20,112,1272
SL050,34132828013,23968,476,1360,2971,25047,456,1595,3164,49015,2955,932,6135,59037
SL050,34132828014,20275,1024,1124,4954,20208,935,1259,4775,40483,2383,1959,9729,54554
SL050,34132828015,13579,119,662,737,13079,143,807,926,26658,1469,262,1663,30052
SL050,34132828016,49,1,0,3,38,0,1,1,87,1,1,4,93
SL050,34132828017,754,4,39,43,720,4,31,43,1474,70,8,86,1638
SL050,34132828018,2353,76,112,246,2298,57,144,278,4651,256,133,524,5564
SL050,34132828019,778,7,12,64,693,8,18,47,1471,30,15,111,1627
SL050,34132828020,103,1,3,8,72,1,3,7,175,6,2,15,198
SL050,34132828021,339,2,15,23,310,8,18,26,649,33,10,49,741
SL050,34132828022,22955,144,1255,1349,23207,148,1688,1880,46162,2943,292,3229,52626
SL050,34132828023,3216,49,144,315,3100,65,175,335,6316,319,114,650,7399
SL050,34132828024,105,1,2,14,76,1,0,6,181,2,2,20,205
SL050,34132828025,263,2,6,31,199,1,4,19,462,10,3,50,525
SL050,34132828026,3978,141,242,848,3974,137,313,963,7952,555,278,1811,10596
SL050,34132828027,684,26,35,165,699,34,49,183,1383,84,60,348,1875
SL050,34132828028,1054,19,68,99,1054,11,52,129,2108,120,30,228,2486
SL050,34132828029,333,2,13,17,302,3,14,28,635,27,5,45,712
SL050,34132828030,993,28,58,202,1035,30,71,196,2028,129,58,398,2613
SL050,34132828031,1289,46,23,237,1178,49,22,205,2467,45,95,442,3049
SL050,34132828032,3174,44,120,320,3048,49,158,313,6222,278,93,633,7226
SL050,34132828033,2448,83,100,427,2368,95,134,420,4816,234,178,847,6075
SL050,34132828034,213,0,5,9,173,0,9,14,386,14,0,23,423
SL050,34132828035,789,24,22,112,779,19,38,122,1568,60,43,234,1905
SL050,34132828036,1704,12,55,106,1643,15,63,109,3347,118,27,215,3707
SL050,34132828037,852,19,16,90,887,16,14,86,1739,30,35,176,1980
SL050,34132828038,2869,73,126,335,2997,66,146,336,5866,272,139,671,6948
SL050,34132828039,80,1,3,5,55,1,1,3,135,4,2,8,149
SL050,34132828040,9617,270,730,1508,9312,263,836,1551,18929,1566,533,3059,24087
SL050,34132828041,3038,48,162,346,3007,51,205,423,6045,367,99,769,7280
SL050,34132828042,709,5,73,94,644,10,63,87,1353,136,15,181,1685
SL050,34132828043,3582,49,120,251,3489,38,124,249,7071,244,87,500,7902
SL050,34132828044,3687,58,268,451,3779,65,313,503,7466,581,123,954,9124
SL050,34132828045,20014,329,1542,2571,20118,365,1903,2656,40132,3445,694,5227,49498
SL050,34132828046,2725,93,181,359,2727,85,221,390,5452,402,178,749,6781
SL050,34132828047,23037,741,2454,4491,23796,678,3101,4776,46833,5555,1419,9267,63074
SL050,34132828048,331,4,11,18,293,3,17,20,624,28,7,38,697
SL050,34132828049,32388,936,994,5788,33546,865,1325,6018,65934,2319,1801,11806,81860
SL050,34132828050,2834,20,106,168,2826,34,138,184,5660,244,54,352,6310
SL050,34132828051,971,17,42,107,948,8,55,92,1919,97,25,199,2240
SL050,34132828052,2251,34,104,252,2212,25,119,242,4463,223,59,494,5239
SL050,34132828053,4464,46,210,289,4404,38,257,353,8868,467,84,642,10061
SL050,34132828054,6643,101,402,675,6643,89,507,782,13286,909,190,1457,15842
SL050,34132828055,505,27,15,89,482,19,18,81,987,33,46,170,1236
SL050,34132828056,517,26,74,168,509,26,67,167,1026,141,52,335,1554
SL050,34132828057,1007,13,48,69,905,13,47,79,1912,95,26,148,2181
SL050,34132828058,81096,1575,4331,8431,83058,1485,5336,8274,164154,9667,3060,16705,193586
SL050,34132828059,2642,85,167,425,2529,56,201,436,5171,368,141,861,6541
SL050,34132828060,890,9,37,67,843,10,42,87,1733,79,19,154,1985
SL050,34132828061,12593,421,1307,2052,12454,379,1728,2445,25047,3035,800,4497,33379
SL050,34132828062,175,0,4,12,144,0,5,8,319,9,0,20,348
SL050,34132828063,152,0,10,12,125,0,9,10,277,19,0,22,318
SL050,34132828064,99,2,1,7,66,0,3,10,165,4,2,17,188
SL050,34132828065,73862,1520,3777,9305,76313,1482,4477,10011,150175,8254,3002,19316,180747
SL050,34132828066,4502,53,174,319,4542,53,206,329,9044,380,106,648,10178
SL050,34132828067,2584,56,153,296,2468,61,187,314,5052,340,117,610,6119
SL050,34132828068,6612,120,378,669,6701,118,457,730,13313,835,238,1399,15785
SL050,34132828069,32,0,0,0,16,0,0,0,48,0,0,0,48
SL050,34132828070,73,0,4,5,56,2,3,5,129,7,2,10,148
SL050,34132828071,35,3,1,7,38,0,0,5,73,1,3,12,89
SL050,34132828072,3456,60,277,332,3325,51,353,368,6781,630,111,700,8222
SL050,34132828073,8013,242,475,1108,8019,226,489,1015,16032,964,468,2123,19587
SL050,34132828074,77974,1129,4388,7972,82010,1123,5391,8438,159984,9779,2252,16410,188425
SL050,34132828075,3777,57,156,369,3650,65,189,410,7427,345,122,779,8673
SL050,34132828076,245,5,3,41,204,4,10,47,449,13,9,88,559
SL050,34132828078,26,0,2,3,15,0,1,0,41,3,0,3,47
SL050,34132828079,1180985,17742,122236,179227,1328433,16822,166442,211447,2509418,288678,34564,390674,3223334
SL050,34132828080,28361,296,2446,2917,29783,274,3475,4233,58144,5921,570,7150,71785
SL050,34132828082,3669,63,196,430,3504,56,256,423,7173,452,119,853,8597
SL050,34132828083,5919,156,272,705,5663,143,345,756,11582,617,299,1461,13959
SL050,34132828084,9639,244,391,1277,9681,238,454,1317,19320,845,482,2594,23241
SL050,34132828085,2422,70,175,374,2257,52,166,381,4679,341,122,755,5897
SL050,34132828086,3197,103,265,819,2986,120,318,858,6183,583,223,1677,8666
SL050,34132828087,1829,38,95,183,1835,29,110,209,3664,205,67,392,4328
SL050,34132828088,167,0,6,13,159,0,10,8,326,16,0,21,363
SL050,34132828089,2259,23,86,133,2294,21,85,120,4553,171,44,253,5021
SL050,34132828090,5539,77,258,468,5479,64,300,512,11018,558,141,980,12697
SL050,34132828091,3216,71,117,364,3137,66,159,423,6353,276,137,787,7553
SL050,34132828092,84304,1493,5221,9912,87935,1432,6407,10391,172239,11628,2925,20303,207095
SL050,34132828093,1233,26,53,133,1212,24,62,168,2445,115,50,301,2911
SL050,34132828094,574,14,35,94,505,15,47,113,1079,82,29,207,1397
SL050,34132828095,975,48,101,218,906,34,105,214,1881,206,82,432,2601
SL050,34132828096,11966,228,759,1195,11860,212,807,1278,23826,1566,440,2473,28305
SL050,34132828097,76,0,1,0,43,0,1,1,119,2,0,1,122
SL050,34132828099,1156,50,66,228,989,43,67,220,2145,133,93,448,2819
SL050,34132828100,2551,67,157,349,2407,71,192,360,4958,349,138,709,6154
SL050,34132828101,145,5,7,26,136,2,7,18,281,14,7,44,346
SL050,34132828102,513,24,17,58,498,11,15,66,1011,32,35,124,1202
SL050,34132828104,10202,153,801,1240,9556,167,981,1421,19758,1782,320,2661,24521
SL050,34132828106,45688,2090,4701,11359,46366,1961,5331,10760,92054,10032,4051,22119,128256
SL050,34132828107,236,3,4,8,248,0,11,13,484,15,3,21,523
SL050,34132828108,2273,74,151,382,2079,78,196,513,4352,347,152,895,5746
SL050,34132828109,888,44,68,260,861,43,66,245,1749,134,87,505,2475
SL050,34132828110,1165,44,36,186,1156,30,27,187,2321,63,74,373,2831
SL050,34132828111,381,6,7,32,343,7,10,35,724,17,13,67,821
SL050,34132828112,105,0,1,5,70,0,2,4,175,3,0,9,187
SL050,34132828113,21853,340,1194,2137,21899,330,1426,2362,43752,2620,670,4499,51541
SL050,34132828114,83,0,4,4,74,0,1,5,157,5,0,9,171
SL050,34132828115,36148,306,2187,2649,37742,283,3170,3687,73890,5357,589,6336,86172
SL050,34132828116,505,9,18,60,432,2,29,65,937,47,11,125,1120
SL050,34132828117,66,0,1,1,48,0,0,1,114,1,0,2,117
SL050,34132828118,35,0,1,0,23,0,0,1,58,1,0,1,60
SL050,34132828119,1402,23,119,151,1359,22,118,163,2761,237,45,314,3357
SL050,34132828120,713,13,17,170,561,14,33,142,1274,50,27,312,1663
SL050,34132828121,121,1,4,5,101,3,3,9,222,7,4,14,247
SL050,34132828122,318,6,11,23,297,2,14,35,615,25,8,58,706
SL050,34132828123,37225,550,1912,2929,36989,489,2381,3418,74214,4293,1039,6347,85893
SL050,34132828124,37,2,1,6,33,2,3,3,70,4,4,9,87
SL050,34132828125,1887,20,105,152,1677,18,126,174,3564,231,38,326,4159
SL050,34132828126,27,0,0,2,15,1,0,3,42,0,1,5,48
SL050,34132828127,40043,292,2749,3162,40920,333,3937,4114,80963,6686,625,7276,95550
SL050,34132828128,277,2,3,18,207,3,5,12,484,8,5,30,527
SL050,34132828129,5157,129,455,765,5239,89,578,861,10396,1033,218,1626,13273
SL050,34132828130,16168,400,560,2079,16813,368,706,2372,32981,1266,768,4451,39466
SL050,34132828131,7259,119,574,708,7817,90,708,813,15076,1282,209,1521,18088
SL050,34132828132,7337,256,539,1437,7046,231,555,1383,14383,1094,487,2820,18784
SL050,34132828133,3460,115,156,402,3468,95,181,441,6928,337,210,843,8318
SL050,34132828134,36157,421,2626,3650,36741,364,3455,4310,72898,6081,785,7960,87724
SL050,34132828135,563,5,21,30,485,13,22,43,1048,43,18,73,1182
SL050,34132828136,397,2,7,21,377,5,7,34,774,14,7,55,850
SL050,34132828137,1121,17,51,99,1051,26,66,111,2172,117,43,210,2542
SL050,34132828138,35,0,2,3,27,0,2,5,62,4,0,8,74
SL050,34132828140,1885,13,72,55,1901,6,71,63,3786,143,19,118,4066
SL050,34132828141,3747,68,242,394,3871,65,267,441,7618,509,133,835,9095
SL050,34132828143,44,0,0,2,32,0,1,1,76,1,0,3,80
SL050,34132828144,3692,44,179,353,3753,41,241,391,7445,420,85,744,8694
SL050,34132828145,1536,31,103,180,1541,32,108,194,3077,211,63,374,3725
SL050,34132828146,1069,40,33,191,984,38,53,196,2053,86,78,387,2604
SL050,34132828147,606,5,16,44,562,2,23,46,1168,39,7,90,1304
SL050,34132828148,50019,1403,3810,8678,51013,1354,4792,8660,101032,8602,2757,17338,129729
SL050,34132828149,3755,61,141,289,3764,71,204,297,7519,345,132,586,8582
SL050,34132828150,2001,16,52,62,1971,20,85,91,3972,137,36,153,4298
SL050,34132828151,1933,47,115,294,1824,66,137,308,3757,252,113,602,4724
SL050,34132828152,9986,50,576,627,10435,51,769,867,20421,1345,101,1494,23361
SL050,34132828153,432,1,20,44,424,5,17,32,856,37,6,76,975
SL050,34132828154,3457,74,104,321,3296,59,130,319,6753,234,133,640,7760
SL050,34132828155,288,5,4,24,277,3,8,17,565,12,8,41,626
SL050,34132828156,670,16,22,75,613,11,29,74,1283,51,27,149,1510
SL050,34132828157,387,6,21,35,376,7,22,49,763,43,13,84,903
SL050,34132828158,418,10,16,52,373,1,22,35,791,38,11,87,927
SL050,34132828159,343,6,15,32,331,3,9,22,674,24,9,54,761
SL050,34132828160,5124,85,372,602,4886,102,441,668,10010,813,187,1270,12280
SL050,34132828161,31560,380,2118,2926,31606,373,2613,3169,63166,4731,753,6095,74745
SL050,34132828162,1768,18,117,174,1640,11,132,179,3408,249,29,353,4039
SL050,34132828163,270,6,13,21,228,4,13,19,498,26,10,40,574
SL050,34132828164,1918,47,75,193,1771,39,95,246,3689,170,86,439,4384
SL050,34132828165,1116,42,67,244,1028,47,48,248,2144,115,89,492,2840
SL050,34132828166,195,3,5,21,173,0,11,24,368,16,3,45,432
SL050,34132828167,5358,81,196,511,5208,83,212,544,10566,408,164,1055,12193
SL050,34132828168,798,17,63,135,697,29,66,137,1495,129,46,272,1942
SL050,34132828169,955,15,65,67,807,8,69,95,1762,134,23,162,2081
SL050,34132828170,1516,17,42,137,1413,20,57,161,2929,99,37,298,3363
SL050,34132828171,2526,123,150,434,2443,97,195,441,4969,345,220,875,6409
SL050,34132828172,6087,78,269,351,5874,48,308,406,11961,577,126,757,13421
SL050,34132828173,293,8,10,42,296,8,13,29,589,23,16,71,699
SL050,34132828174,1051,35,47,141,1026,29,51,121,2077,98,64,262,2501
SL050,34132828175,581,20,28,71,584,13,36,87,1165,64,33,158,1420
SL050,34132828176,7940,152,789,1357,7986,130,956,1690,15926,1745,282,3047,21000
SL050,34132828177,6927,116,534,754,7006,102,678,1010,13933,1212,218,1764,17127
SL050,34132828178,709,9,20,51,666,7,29,56,1375,49,16,107,1547
SL050,34132828179,840,16,45,82,821,20,45,98,1661,90,36,180,1967
SL050,34132828180,3246,65,54,309,3135,69,76,337,6381,130,134,646,7291
SL050,34132828181,11783,103,558,908,12282,74,744,1144,24065,1302,177,2052,27596
SL050,34132828182,123,4,2,12,99,3,5,10,222,7,7,22,258
SL050,34132828183,662,20,57,108,615,15,56,87,1277,113,35,195,1620
SL050,34132828901,495,15,20,126,468,19,19,104,963,39,34,230,1266
SL050,34132828902,324,2,5,17,258,2,11,23,582,16,4,40,642
SL050,34132828903,20085,128,1206,1275,20718,124,1597,1617,40803,2803,252,2892,46750
SL050,34012929001,2562,5,29,120,2526,7,31,86,5088,60,12,206,5366
SL050,34012929002,690,15,21,422,638,19,26,408,1328,47,34,830,2239
SL050,34012929003,541,3,2,29,522,1,2,5,1063,4,4,34,1105
SL050,34012929004,181,0,4,19,162,0,3,25,343,7,0,44,394
SL050,34012929005,2684,21,79,407,2640,21,90,425,5324,169,42,832,6367
SL050,34012929006,392,0,6,13,347,0,11,9,739,17,0,22,778
SL050,34012929007,17585,136,798,1311,17556,130,927,1468,35141,1725,266,2779,39911
SL050,34012929008,9405,193,264,2204,9338,184,291,2244,18743,555,377,4448,24123
SL050,34012929009,889,1,4,36,812,0,15,45,1701,19,1,81,1802
SL050,34012929010,952,2,25,34,916,5,18,32,1868,43,7,66,1984
SL050,34012929011,1784,5,14,147,1646,3,20,151,3430,34,8,298,3770
SL050,34012929012,5838,43,71,581,5760,43,89,526,11598,160,86,1107,12951
SL050,34012929013,928,3,23,75,880,7,25,74,1808,48,10,149,2015
SL050,34012929014,117,0,4,8,115,1,2,5,232,6,1,13,252
SL050,34012929015,19052,77,304,728,19658,83,426,826,38710,730,160,1554,41154
SL050,34012929016,149,1,1,49,141,0,1,49,290,2,1,98,391
SL050,34012929017,3875,16,60,282,3751,20,58,226,7626,118,36,508,8288
SL050,34012929018,1210,2,16,44,1154,3,18,46,2364,34,5,90,2493
SL050,34012929019,525,1,4,89,481,0,8,69,1006,12,1,158,1177
SL050,34012929020,1922,4,73,52,1960,8,67,61,3882,140,12,113,4147
SL050,34012929021,80,1,3,7,71,0,2,5,151,5,1,12,169
SL050,34012929022,96,1,4,9,99,3,4,9,195,8,4,18,225
SL050,34012929023,1338,171,184,2331,1173,187,199,2406,2511,383,358,4737,7989
SL050,34012929024,219,0,1,7,206,0,3,7,425,4,0,14,443
SL050,34012929025,23181,497,2427,7280,22952,455,2998,7956,46133,5425,952,15236,67746
SL050,34012929026,602,8,7,155,556,6,4,158,1158,11,14,313,1496
SL050,34012929027,1446,0,13,52,1396,4,14,74,2842,27,4,126,2999
SL050,34012929028,727,1,25,22,668,2,23,20,1395,48,3,42,1488
SL050,34012929029,218,0,4,7,216,1,4,8,434,8,1,15,458
SL050,34012929030,468,0,6,16,427,0,3,13,895,9,0,29,933
SL050,34012929031,899,0,23,12,845,0,29,15,1744,52,0,27,1823
SL050,34012929032,4027,8,72,212,3961,18,91,128,7988,163,26,340,8517
SL050,34012929033,671,4,10,176,573,4,10,172,1244,20,8,348,1620
SL050,34012929034,267,4,4,88,260,3,9,97,527,13,7,185,732
SL050,34012929035,822,2,11,14,819,1,5,17,1641,16,3,31,1691
SL050,34012929036,370,1,4,16,338,2,4,13,708,8,3,29,748
SL050,34012929037,113,1,12,7,98,3,7,6,211,19,4,13,247
SL050,34012929038,11981,57,268,705,11626,72,334,715,23607,602,129,1420,25758
SL050,34012929039,1686,7,36,93,1540,10,29,106,3226,65,17,199,3507
SL050,34012929040,1214,2,24,96,1046,1,18,109,2260,42,3,205,2510
SL050,34012929041,2161,88,101,801,2000,60,105,805,4161,206,148,1606,6121
SL050,34012929042,8801,171,317,1622,8697,157,304,1647,17498,621,328,3269,21716
SL050,34012929043,1486,17,36,204,1464,19,28,138,2950,64,36,342,3392
SL050,34012929044,475,8,4,232,379,7,10,208,854,14,15,440,1323
SL050,34012929045,1006,19,14,833,1015,21,18,819,2021,32,40,1652,3745
SL050,34012929046,1549,5,27,55,1444,3,35,63,2993,62,8,118,3181
SL050,34012929047,652,3,4,35,675,3,2,18,1327,6,6,53,1392
SL050,34012929048,723,0,60,8,732,1,60,11,1455,120,1,19,1595
SL050,34012929049,1704,18,8,119,1707,10,20,85,3411,28,28,204,3671
SL050,34012929050,242,1,3,71,210,5,5,77,452,8,6,148,614
SL050,34012929051,24173,666,1776,6303,24548,586,2032,6928,48721,3808,1252,13231,67012
SL050,34012929052,116,0,4,7,113,0,4,4,229,8,0,11,248
SL050,34012929053,1010,34,34,480,985,22,44,477,1995,78,56,957,3086
SL050,34012929054,22585,719,2432,10954,23461,704,2916,11625,46046,5348,1423,22579,75396
SL050,34012929055,1103,3,26,174,1073,2,28,145,2176,54,5,319,2554
SL050,34012929056,682,10,8,127,588,9,19,130,1270,27,19,257,1573
SL050,34012929057,180,1,3,15,170,2,8,14,350,11,3,29,393
SL050,34012929058,879,15,24,172,881,10,33,168,1760,57,25,340,2182
SL050,34012929059,1600,2,18,27,1602,0,23,38,3202,41,2,65,3310
SL050,34012929060,371,1,6,3,368,0,12,1,739,18,1,4,762
SL050,34012929061,601,13,20,95,582,14,14,119,1183,34,27,214,1458
SL050,34012929062,420,1,2,23,388,0,1,28,808,3,1,51,863
SL050,34012929063,172,0,3,15,162,1,6,17,334,9,1,32,376
SL050,34012929064,261,0,6,16,248,1,8,19,509,14,1,35,559
SL050,34012929065,116,0,4,10,81,0,4,10,197,8,0,20,225
SL050,34012929066,211,0,1,23,179,1,3,24,390,4,1,47,442
SL050,34012929067,240990,1824,11840,19719,260389,1728,14244,20292,501379,26084,3552,40011,571026
SL050,34012929068,4661,238,340,2412,4321,222,354,2429,8982,694,460,4841,14977
SL050,34012929069,46675,1520,5549,14329,48783,1486,7005,16116,95458,12554,3006,30445,141463
SL050,34012929070,25587,922,2403,11355,24757,931,2773,11902,50344,5176,1853,23257,80630
SL050,34012929071,599,1,6,36,547,4,6,31,1146,12,5,67,1230
SL050,34012929072,1989,15,33,489,1968,18,46,462,3957,79,33,951,5020
SL050,34012929073,1014,27,65,190,940,23,49,215,1954,114,50,405,2523
SL050,34012929074,429,0,24,23,433,0,30,31,862,54,0,54,970
SL050,34012929075,7338,85,540,2434,7348,103,588,2625,14686,1128,188,5059,21061
SL050,34012929076,1374,31,82,333,1288,27,81,352,2662,163,58,685,3568
SL050,34012929077,116,0,6,3,113,0,10,5,229,16,0,8,253
SL050,34012929079,1460,11,12,131,1306,13,12,123,2766,24,24,254,3068
SL050,34012929080,4255,19,74,252,4183,25,97,213,8438,171,44,465,9118
SL050,34012929081,143,0,4,6,122,0,6,13,265,10,0,19,294
SL050,34012929082,20393,136,873,1244,20704,121,1079,1543,41097,1952,257,2787,46093
SL050,34012929083,1274,8,14,127,1133,5,16,124,2407,30,13,251,2701
SL050,34012929084,15620,39,470,401,16345,42,513,548,31965,983,81,949,33978
SL050,34012929085,77,0,5,7,75,0,3,7,152,8,0,14,174
SL050,34012929086,469,11,3,366,460,7,4,338,929,7,18,704,1658
SL050,34012929087,228,2,8,106,159,3,2,98,387,10,5,204,606
SL050,34012929088,1640,5,18,35,1605,1,16,36,3245,34,6,71,3356
SL050,34012929089,1870,2,27,28,1821,4,33,33,3691,60,6,61,3818
SL050,34012929090,968,2,30,57,927,3,28,68,1895,58,5,125,2083
SL050,34012929091,5473,107,305,2489,5285,131,314,2361,10758,619,238,4850,16465
SL050,34012929092,358,1,4,13,317,5,6,11,675,10,6,24,715
SL050,34012929093,1261,0,14,28,1228,1,14,22,2489,28,1,50,2568
SL050,34012929094,34829,322,1427,3322,35483,332,1623,3479,70312,3050,654,6801,80817
SL050,34012929095,1995,8,18,149,1918,6,18,106,3913,36,14,255,4218
SL050,34012929096,1586,3,21,37,1644,4,24,54,3230,45,7,91,3373
SL050,34012929097,2517,9,17,120,2482,6,28,121,4999,45,15,241,5300
SL050,34012929098,726,2,0,28,703,2,4,25,1429,4,4,53,1490
SL050,34012929099,586,16,7,442,525,8,10,426,1111,17,24,868,2020
SL050,34012929100,1399,2,37,29,1351,3,26,33,2750,63,5,62,2880
SL050,34012929901,24655,499,2615,6310,24119,436,3185,6443,48774,5800,935,12753,68262
SL050,34012929902,1533,4,12,60,1585,5,23,66,3118,35,9,126,3288
SL050,34012929903,299,0,6,8,257,0,7,8,556,13,0,16,585
SL050,34012929904,233,0,3,5,218,0,8,10,451,11,0,15,477
SL050,34143030001,2622,20,96,322,2579,38,84,302,5201,180,58,624,6063
SL050,34143030002,5605,70,255,597,5766,71,241,425,11371,496,141,1022,13030
SL050,34143030003,14721,238,588,1943,14937,221,671,1712,29658,1259,459,3655,35031
SL050,34143030004,674,0,9,6,649,0,16,7,1323,25,0,13,1361
SL050,34143030005,18080,254,658,1547,18572,253,738,1520,36652,1396,507,3067,41622
SL050,34143030006,450,5,25,28,457,1,24,32,907,49,6,60,1022
SL050,34143030007,3925,74,239,658,3908,89,213,419,7833,452,163,1077,9525
SL050,34143030008,8344,404,423,1763,8308,397,432,1586,16652,855,801,3349,21657
SL050,34143030009,7517,120,379,1962,7567,108,373,1027,15084,752,228,2989,19053
SL050,34143030010,4236,281,158,1144,4170,248,158,879,8406,316,529,2023,11274
SL050,34143030011,2763,63,87,441,2810,56,78,266,5573,165,119,707,6564
SL050,34143030012,5387,22,156,239,5331,28,163,221,10718,319,50,460,11547
SL050,34143030013,4397,57,140,564,4319,40,153,495,8716,293,97,1059,10165
SL050,34143030014,881,4,29,59,991,10,22,49,1872,51,14,108,2045
SL050,34143030015,11394,94,465,906,11509,72,497,793,22903,962,166,1699,25730
SL050,34143030016,90355,1739,3803,10804,93286,1626,3625,8705,183641,7428,3365,19509,213943
SL050,34143030017,6749,64,124,613,6705,65,141,561,13454,265,129,1174,15022
SL050,34143030018,5055,58,221,490,5071,40,209,421,10126,430,98,911,11565
SL050,34143030019,15406,231,450,1399,15726,214,497,966,31132,947,445,2365,34889
SL050,34143030020,4070,117,103,1073,3801,100,109,687,7871,212,217,1760,10060
SL050,34143030021,5396,313,689,2061,5262,334,589,1540,10658,1278,647,3601,16184
SL050,34143030022,10072,247,671,2344,10055,226,633,1299,20127,1304,473,3643,25547
SL050,34143030023,2354,43,94,163,2228,45,91,178,4582,185,88,341,5196
SL050,34143030024,34341,1579,2222,9518,35210,1428,2454,6327,69551,4676,3007,15845,93079
SL050,34143030025,2957,56,113,417,2975,50,117,317,5932,230,106,734,7002
SL050,34143030026,9574,592,539,5603,9402,634,539,4679,18976,1078,1226,10282,31562
SL050,34143030027,29878,366,1685,3463,30047,332,1916,3277,59925,3601,698,6740,70964
SL050,34143030028,3811,27,58,155,3680,21,60,142,7491,118,48,297,7954
SL050,34143030029,6900,150,528,1041,6977,110,515,569,13877,1043,260,1610,16790
SL050,34143030030,187139,3537,5966,21869,196985,3422,7258,21006,384124,13224,6959,42875,447182
SL050,34143030031,258,0,3,1,234,0,3,1,492,6,0,2,500
SL050,34143030032,1752,18,50,169,1635,22,39,157,3387,89,40,326,3842
SL050,34143030033,5904,230,311,1074,6082,209,332,839,11986,643,439,1913,14981
SL050,34143030034,657,1,4,26,586,3,5,19,1243,9,4,45,1301
SL050,34143030035,11426,728,603,3276,11629,679,592,2972,23055,1195,1407,6248,31905
SL050,34143030036,9141,595,387,2610,9224,591,405,2214,18365,792,1186,4824,25167
SL050,34143030037,11983,1158,591,4810,11941,1079,473,3579,23924,1064,2237,8389,35614
SL050,34143030038,9652,98,363,755,9534,63,397,513,19186,760,161,1268,21375
SL050,34143030039,11749,522,858,3170,11513,477,947,2403,23262,1805,999,5573,31639
SL050,34143030040,419,4,8,20,394,5,9,20,813,17,9,40,879
SL050,34143030041,8736,219,343,787,8636,176,279,731,17372,622,395,1518,19907
SL050,34143030042,1251,4,28,104,1248,5,36,82,2499,64,9,186,2758
SL050,34143030043,15088,148,841,1080,15057,112,912,996,30145,1753,260,2076,34234
SL050,34143030901,6392,278,256,1167,6447,277,266,1022,12839,522,555,2189,16105
SL050,34143030902,4692,384,372,2546,4750,353,429,2148,9442,801,737,4694,15674
SL050,34153131001,50,0,1,0,34,0,2,0,84,3,0,0,87
SL050,34153131002,253,0,10,6,251,4,7,19,504,17,4,25,550
SL050,34153131003,76,0,0,0,45,0,0,0,121,0,0,0,121
SL050,34153131004,19,0,1,0,13,0,0,0,32,1,0,0,33
SL050,34153131005,167,3,5,18,140,2,6,15,307,11,5,33,356
SL050,34153131006,1101,8,49,102,1051,10,50,112,2152,99,18,214,2483
SL050,34153131007,80,0,5,2,60,0,5,4,140,10,0,6,156
SL050,34153131008,40,0,0,0,31,0,1,0,71,1,0,0,72
SL050,34153131009,396,0,7,18,351,1,4,14,747,11,1,32,791
SL050,34153131010,3306,32,156,246,3264,23,150,230,6570,306,55,476,7407
SL050,34153131011,438,1,6,10,370,0,11,14,808,17,1,24,850
SL050,34153131012,427,4,24,35,416,4,29,44,843,53,8,79,983
SL050,34153131013,385,0,5,1,329,0,6,4,714,11,0,5,730
SL050,34153131014,167,1,10,14,127,1,6,14,294,16,2,28,340
SL050,34153131015,1106,23,73,154,1108,30,76,145,2214,149,53,299,2715
SL050,34153131016,4641,61,239,344,4782,42,312,318,9423,551,103,662,10739
SL050,34153131017,248,0,4,6,208,0,9,10,456,13,0,16,485
SL050,34153131018,282,5,8,17,216,2,19,19,498,27,7,36,568
SL050,34153131019,1106,42,49,133,1083,42,40,129,2189,89,84,262,2624
SL050,34153131020,286,1,0,5,225,1,1,6,511,1,2,11,525
SL050,34153131021,38,0,0,2,29,0,0,1,67,0,0,3,70
SL050,34153131022,323,0,0,1,276,1,8,5,599,8,1,6,614
SL050,34153131023,4823,18,218,237,4687,23,243,263,9510,461,41,500,10512
SL050,34153131024,63,0,0,0,53,0,0,0,116,0,0,0,116
SL050,34153131025,465,0,16,12,426,0,15,15,891,31,0,27,949
SL050,34153131026,84,0,0,0,71,0,1,1,155,1,0,1,157
SL050,34153131027,527,0,19,27,496,3,32,20,1023,51,3,47,1124
SL050,34153131028,131,1,4,7,110,0,4,7,241,8,1,14,264
SL050,34153131029,492,3,18,38,504,2,25,35,996,43,5,73,1117
SL050,34153131030,79,1,2,3,65,1,1,5,144,3,2,8,157
SL050,34153131031,143,0,0,0,129,0,2,1,272,2,0,1,275
SL050,34153131032,986,23,45,133,962,16,30,120,1948,75,39,253,2315
SL050,34153131033,30,0,0,0,21,0,2,0,51,2,0,0,53
SL050,34153131034,18,0,0,1,16,0,0,1,34,0,0,2,36
SL050,34153131035,31,0,0,0,24,0,0,0,55,0,0,0,55
SL050,34153131036,537,0,12,6,464,2,12,14,1001,24,2,20,1047
SL050,34153131037,56,0,0,1,46,0,1,2,102,1,0,3,106
SL050,34153131038,800,5,17,25,766,5,19,32,1566,36,10,57,1669
SL050,34153131039,53,0,5,2,47,0,2,9,100,7,0,11,118
SL050,34153131040,116,0,1,2,89,0,3,1,205,4,0,3,212
SL050,34153131041,1081,6,68,59,958,2,84,73,2039,152,8,132,2331
SL050,34153131042,1537,48,102,280,1533,45,106,202,3070,208,93,482,3853
SL050,34153131043,13,0,0,0,18,0,1,0,31,1,0,0,32
SL050,34153131044,177,0,2,1,160,0,0,5,337,2,0,6,345
SL050,34153131045,320,1,19,6,275,0,12,6,595,31,1,12,639
SL050,34153131046,26,0,2,0,29,0,0,1,55,2,0,1,58
SL050,34153131047,123,0,1,2,128,3,4,1,251,5,3,3,262
SL050,34153131048,108,0,2,7,90,2,1,9,198,3,2,16,219
SL050,34153131049,468,0,4,6,346,1,4,10,814,8,1,16,839
SL050,34153131050,3608,16,126,170,3440,18,172,199,7048,298,34,369,7749
SL050,34153131051,133,3,8,2,116,1,9,3,249,17,4,5,275
SL050,34153131052,59,0,1,2,62,0,0,1,121,1,0,3,125
SL050,34153131053,272,3,17,21,251,8,22,16,523,39,11,37,610
SL050,34153131054,256,2,9,28,275,6,13,18,531,22,8,46,607
SL050,34153131055,178,1,5,3,148,0,4,13,326,9,1,16,352
SL050,34153131056,107,0,4,2,84,0,4,3,191,8,0,5,204
SL050,34153131057,955,20,23,89,1010,20,27,79,1965,50,40,168,2223
SL050,34153131058,114,0,6,0,112,1,5,4,226,11,1,4,242
SL050,34153131059,117,0,2,0,86,0,2,1,203,4,0,1,208
SL050,34153131060,7507,80,731,834,8073,75,869,765,15580,1600,155,1599,18934
SL050,34153131061,24,0,0,2,31,0,0,0,55,0,0,2,57
SL050,34153131062,620,9,27,64,571,7,27,39,1191,54,16,103,1364
SL050,34153131063,53,1,0,1,40,0,0,2,93,0,1,3,97
SL050,34153131064,755,22,44,200,790,30,43,109,1545,87,52,309,1993
SL050,34153131065,1074,30,84,235,1008,23,80,168,2082,164,53,403,2702
SL050,34153131066,452,11,22,38,434,11,18,53,886,40,22,91,1039
SL050,34153131067,1074,28,44,99,1049,25,42,94,2123,86,53,193,2455
SL050,34153131068,1581,40,96,172,1632,33,76,188,3213,172,73,360,3818
SL050,34153131069,462,1,11,16,454,1,17,18,916,28,2,34,980
SL050,34153131070,1493,82,126,340,1574,91,88,315,3067,214,173,655,4109
SL050,34153131071,13,0,0,0,4,0,0,0,17,0,0,0,17
SL050,34153131072,3031,95,386,501,2953,98,328,431,5984,714,193,932,7823
SL050,34153131073,177,2,1,6,157,2,5,11,334,6,4,17,361
SL050,34153131074,254,0,4,2,223,1,3,3,477,7,1,5,490
SL050,34153131075,59,0,3,4,58,0,12,5,117,15,0,9,141
SL050,34153131076,1747,3,71,155,1708,3,79,84,3455,150,6,239,3850
SL050,34153131077,3024,84,265,511,2981,79,264,499,6005,529,163,1010,7707
SL050,34153131078,1398,43,31,116,1356,48,27,129,2754,58,91,245,3148
SL050,34153131079,41,0,0,2,27,0,0,5,68,0,0,7,75
SL050,34153131080,289,1,11,7,263,3,12,13,552,23,4,20,599
SL050,34153131081,210,0,4,1,208,1,5,2,418,9,1,3,431
SL050,34153131082,400,3,8,17,345,1,11,20,745,19,4,37,805
SL050,34153131083,35,0,0,2,37,0,1,2,72,1,0,4,77
SL050,34153131084,1220,5,38,40,1120,5,41,34,2340,79,10,74,2503
SL050,34153131085,310,1,6,14,279,1,8,14,589,14,2,28,633
SL050,34153131086,9256,69,660,472,8853,46,824,594,18109,1484,115,1066,20774
SL050,34153131087,104,0,2,5,99,0,6,3,203,8,0,8,219
SL050,34153131088,3616,28,216,283,3481,41,263,296,7097,479,69,579,8224
SL050,34153131089,142,1,5,9,136,0,2,3,278,7,1,12,298
SL050,34153131090,91,0,0,2,59,0,0,0,150,0,0,2,152
SL050,34153131091,196,0,0,9,168,0,3,8,364,3,0,17,384
SL050,34153131092,427,1,5,8,328,0,9,11,755,14,1,19,789
SL050,34153131093,162,0,2,1,130,0,4,7,292,6,0,8,306
SL050,34153131094,58,0,0,0,61,0,0,0,119,0,0,0,119
SL050,34153131095,39,0,0,1,34,0,1,1,73,1,0,2,76
SL050,34153131096,57,0,0,0,45,0,1,0,102,1,0,0,103
SL050,34153131097,5536,55,439,525,6005,55,511,547,11541,950,110,1072,13673
SL050,34153131098,1258,4,35,51,1151,2,52,47,2409,87,6,98,2600
SL050,34153131099,29,0,1,6,26,0,1,2,55,2,0,8,65
SL050,34153131100,157,0,2,1,120,0,3,1,277,5,0,2,284
SL050,34153131101,875,2,22,36,808,2,31,28,1683,53,4,64,1804
SL050,34153131102,98,0,0,0,49,0,1,2,147,1,0,2,150
SL050,34153131103,21,0,0,0,21,0,0,0,42,0,0,0,42
SL050,34153131104,988,19,35,125,977,28,28,106,1965,63,47,231,2306
SL050,34153131105,838,23,82,77,823,23,61,90,1661,143,46,167,2017
SL050,34153131106,442,3,12,38,423,3,20,42,865,32,6,80,983
SL050,34153131107,958,18,85,267,892,30,74,161,1850,159,48,428,2485
SL050,34153131108,1054,9,41,124,1067,23,35,134,2121,76,32,258,2487
SL050,34153131109,1102,1,27,34,965,1,41,42,2067,68,2,76,2213
SL050,34153131110,55,0,0,1,43,0,0,1,98,0,0,2,100
SL050,34153131111,63,0,0,0,30,0,1,1,93,1,0,1,95
SL050,34153131112,52,0,0,0,36,0,1,0,88,1,0,0,89
SL050,34153131113,86,0,3,0,55,0,1,1,141,4,0,1,146
SL050,34153131114,237,1,6,8,211,0,6,10,448,12,1,18,479
SL050,34153131115,94,0,2,3,85,0,5,0,179,7,0,3,189
SL050,34153131116,41,1,1,3,24,0,0,4,65,1,1,7,74
SL050,34153131117,370,0,4,3,308,0,6,14,678,10,0,17,705
SL050,34153131118,107,0,0,0,56,0,0,0,163,0,0,0,163
SL050,34153131119,23,0,0,0,17,0,0,0,40,0,0,0,40
SL050,34153131120,256,0,3,4,171,0,4,6,427,7,0,10,444
SL050,34153131121,39,0,0,2,36,0,0,1,75,0,0,3,78
SL050,34153131122,3151,22,190,179,3063,25,212,172,6214,402,47,351,7014
SL050,34153131123,376,6,23,21,345,6,14,14,721,37,12,35,805
SL050,34153131124,141,0,3,4,102,0,1,2,243,4,0,6,253
SL050,34153131125,166,0,0,5,148,0,3,3,314,3,0,8,325
SL050,34153131126,221,0,5,1,187,0,5,6,408,10,0,7,425
SL050,34153131127,94,0,1,0,80,0,1,0,174,2,0,0,176
SL050,34153131128,192,2,8,7,191,1,11,8,383,19,3,15,420
SL050,34153131129,238,2,5,13,235,1,4,6,473,9,3,19,504
SL050,34153131130,187,0,4,2,177,2,4,6,364,8,2,8,382
SL050,34153131131,608,0,25,16,492,1,24,33,1100,49,1,49,1199
SL050,34153131132,108,1,1,5,54,0,1,6,162,2,1,11,176
SL050,34153131133,27,0,0,0,17,0,0,0,44,0,0,0,44
SL050,34153131134,105,0,1,1,83,0,0,1,188,1,0,2,191
SL050,34153131135,27,0,2,1,71,0,4,1,98,6,0,2,106
SL050,34153131136,281,1,4,12,243,0,3,6,524,7,1,18,550
SL050,34153131137,129,0,3,0,92,0,1,2,221,4,0,2,227
SL050,34153131138,609,2,22,35,554,4,24,22,1163,46,6,57,1272
SL050,34153131139,97,0,0,1,73,0,0,1,170,0,0,2,172
SL050,34153131140,88,0,0,0,58,0,1,0,146,1,0,0,147
SL050,34153131141,66,0,1,0,45,0,1,6,111,2,0,6,119
SL050,34153131142,835,32,46,174,760,41,45,127,1595,91,73,301,2060
SL050,34153131143,51,0,0,0,48,2,1,1,99,1,2,1,103
SL050,34153131144,502,0,4,19,418,1,10,13,920,14,1,32,967
SL050,34153131145,95,0,0,0,87,0,4,1,182,4,0,1,187
SL050,34153131146,18,0,0,0,13,0,0,0,31,0,0,0,31
SL050,34153131147,57,0,4,2,48,0,2,0,105,6,0,2,113
SL050,34153131148,40,2,0,7,55,0,0,6,95,0,2,13,110
SL050,34153131149,1406,3,33,63,1301,5,38,49,2707,71,8,112,2898
SL050,34153131150,143,0,2,1,84,0,1,1,227,3,0,2,232
SL050,34153131151,37,0,1,0,21,0,0,1,58,1,0,1,60
SL050,34153131152,712,11,41,127,690,14,39,91,1402,80,25,218,1725
SL050,34153131153,1326,3,27,58,1230,3,30,58,2556,57,6,116,2735
SL050,34153131154,143,0,1,1,96,0,0,1,239,1,0,2,242
SL050,34153131155,143,0,1,1,127,0,9,10,270,10,0,11,291
SL050,34153131156,167,0,3,3,116,0,6,2,283,9,0,5,297
SL050,34153131157,2012,38,94,270,1998,46,61,245,4010,155,84,515,4764
SL050,34153131158,150,0,5,3,129,0,4,3,279,9,0,6,294
SL050,34153131159,661,5,18,32,561,1,11,28,1222,29,6,60,1317
SL050,34153131160,62,0,4,4,55,0,2,3,117,6,0,7,130
SL050,34153131161,217,1,9,6,183,1,10,10,400,19,2,16,437
SL050,34153131162,25,0,0,1,26,0,0,0,51,0,0,1,52
SL050,34153131163,1106,35,107,192,1136,37,92,157,2242,199,72,349,2862
SL050,34153131164,303,14,13,54,295,12,15,41,598,28,26,95,747
SL050,34153131165,1611,25,32,147,1549,9,44,117,3160,76,34,264,3534
SL050,34153131166,136,0,6,10,131,0,4,5,267,10,0,15,292
SL050,34153131167,510,2,18,24,466,3,14,20,976,32,5,44,1057
SL050,34153131168,152,0,0,3,118,0,1,3,270,1,0,6,277
SL050,34153131169,1185,52,174,355,1171,51,173,236,2356,347,103,591,3397
SL050,34153131170,26,0,0,1,28,0,1,0,54,1,0,1,56
SL050,34153131171,379,6,40,17,336,5,45,22,715,85,11,39,850
SL050,34153131172,235,0,9,9,201,1,5,6,436,14,1,15,466
SL050,34153131173,470,4,9,58,504,2,8,33,974,17,6,91,1088
SL050,34153131174,60,0,0,0,59,0,0,1,119,0,0,1,120
SL050,34153131175,36,0,1,4,32,0,2,2,68,3,0,6,77
SL050,34153131176,1703,63,94,195,1694,52,97,190,3397,191,115,385,4088
SL050,34153131177,145,0,15,13,120,3,18,13,265,33,3,26,327
SL050,34153131178,280,11,13,35,258,7,7,35,538,20,18,70,646
SL050,34153131179,287,3,10,40,259,2,19,19,546,29,5,59,639
SL050,34153131180,98,0,1,2,126,0,7,5,224,8,0,7,239
SL050,34153131181,85,0,0,0,57,0,0,0,142,0,0,0,142
SL050,34153131182,20,0,0,0,14,0,0,0,34,0,0,0,34
SL050,34153131183,415,6,14,24,399,4,19,31,814,33,10,55,912
SL050,34153131184,37,0,2,0,33,0,5,0,70,7,0,0,77
SL050,34153131185,271,1,5,7,228,2,11,5,499,16,3,12,530
SL050,34153131186,199,0,0,3,160,0,5,2,359,5,0,5,369
SL050,34153131187,68,0,0,4,44,0,1,4,112,1,0,8,121
SL050,34153131188,186,1,14,6,141,0,8,7,327,22,1,13,363
SL050,34153131189,658,7,36,61,628,9,32,66,1286,68,16,127,1497
SL050,34153131190,28,0,0,0,23,0,0,0,51,0,0,0,51
SL050,34153131191,1760,15,93,123,1672,18,105,145,3432,198,33,268,3931
SL050,34153131192,104,0,5,3,81,0,7,4,185,12,0,7,204
SL050,34153131193,866,1,25,23,863,3,34,27,1729,59,4,50,1842
SL050,34153131194,221,0,0,3,185,0,0,6,406,0,0,9,415
SL050,34153131195,98,0,0,0,96,0,2,1,194,2,0,1,197
SL050,34153131196,19,0,0,0,17,0,0,0,36,0,0,0,36
SL050,34153131197,44,0,0,0,35,0,0,0,79,0,0,0,79
SL050,34153131198,25,0,0,0,23,0,0,0,48,0,0,0,48
SL050,34153131199,82,0,1,2,61,0,1,0,143,2,0,2,147
SL050,34153131200,461,2,13,14,408,1,8,12,869,21,3,26,919
SL050,34153131201,77629,836,6974,8685,85848,885,9072,9137,163477,16046,1721,17822,199066
SL050,34153131202,2396,32,277,225,2391,33,300,169,4787,577,65,394,5823
SL050,34153131203,17,0,1,0,12,0,1,0,29,2,0,0,31
SL050,34153131204,24,0,0,0,13,0,0,0,37,0,0,0,37
SL050,34153131205,239,0,6,3,231,0,11,3,470,17,0,6,493
SL050,34153131206,1222,20,75,120,1174,14,92,126,2396,167,34,246,2843
SL050,34153131207,185,1,1,5,150,0,2,5,335,3,1,10,349
SL050,34153131208,1483,46,93,334,1464,33,85,204,2947,178,79,538,3742
SL050,34153131209,91,2,0,1,75,0,2,3,166,2,2,4,174
SL050,34153131210,103,1,2,2,95,1,1,3,198,3,2,5,208
SL050,34153131211,10,0,1,0,9,0,0,1,19,1,0,1,21
SL050,34153131212,79,0,0,0,65,0,0,0,144,0,0,0,144
SL050,34153131213,64,0,2,0,46,0,2,2,110,4,0,2,116
SL050,34153131214,60,0,2,0,47,0,0,1,107,2,0,1,110
SL050,34153131215,2656,46,162,233,2703,43,149,249,5359,311,89,482,6241
SL050,34153131216,2263,9,123,128,2145,7,145,140,4408,268,16,268,4960
SL050,34153131217,180,2,3,18,167,1,7,20,347,10,3,38,398
SL050,34153131219,47,0,1,7,40,0,0,5,87,1,0,12,100
SL050,34153131220,425,6,9,21,398,4,6,17,823,15,10,38,886
SL050,34153131221,761,5,18,99,721,8,34,83,1482,52,13,182,1729
SL050,34153131222,40,0,0,0,22,0,0,0,62,0,0,0,62
SL050,34153131223,546,2,12,109,530,7,17,71,1076,29,9,180,1294
SL050,34153131224,507,14,16,69,494,10,11,59,1001,27,24,128,1180
SL050,34153131225,23,0,0,11,17,0,0,6,40,0,0,17,57
SL050,34153131226,327,2,6,15,296,0,9,16,623,15,2,31,671
SL050,34153131227,4494,44,238,446,4640,46,305,392,9134,543,90,838,10605
SL050,34153131228,290,2,7,8,273,0,10,8,563,17,2,16,598
SL050,34153131229,26,0,1,0,15,0,0,0,41,1,0,0,42
SL050,34153131230,54,0,0,0,50,0,0,0,104,0,0,0,104
SL050,34153131231,57,0,1,1,57,0,3,3,114,4,0,4,122
SL050,34153131232,13888,293,1206,2110,14640,254,1375,1827,28528,2581,547,3937,35593
SL050,34153131233,45,0,0,14,61,0,1,13,106,1,0,27,134
SL050,34153131234,94,0,3,2,71,1,4,2,165,7,1,4,177
SL050,34153131235,99,1,2,0,71,1,0,3,170,2,2,3,177
SL050,34153131236,810,4,11,32,740,8,19,31,1550,30,12,63,1655
SL050,34153131237,116,0,2,3,87,0,4,0,203,6,0,3,212
SL050,34153131238,69,0,1,2,58,2,0,5,127,1,2,7,137
SL050,34153131239,162,1,8,4,157,1,14,8,319,22,2,12,355
SL050,34153131240,338,0,1,8,304,3,4,17,642,5,3,25,675
SL050,34153131241,85,0,2,0,45,0,0,1,130,2,0,1,133
SL050,34153131242,135,0,2,1,158,0,4,8,293,6,0,9,308
SL050,34153131243,185,0,5,8,165,0,4,7,350,9,0,15,374
SL050,34153131244,102,0,1,0,72,0,2,3,174,3,0,3,180
SL050,34153131245,54,0,0,2,32,0,0,0,86,0,0,2,88
SL050,34153131246,86,1,1,4,62,1,6,3,148,7,2,7,164
SL050,34153131247,79,0,1,2,75,0,1,2,154,2,0,4,160
SL050,34153131248,155,1,7,43,124,0,17,11,279,24,1,54,358
SL050,34153131249,1017,20,48,101,1026,17,51,93,2043,99,37,194,2373
SL050,34153131250,1636,10,60,149,1672,5,83,146,3308,143,15,295,3761
SL050,34153131251,1851,13,80,155,1825,9,84,139,3676,164,22,294,4156
SL050,34153131252,52,0,0,0,43,0,0,0,95,0,0,0,95
SL050,34153131253,90,0,3,0,77,0,0,1,167,3,0,1,171
SL050,34153131254,1016,51,136,220,1045,49,139,185,2061,275,100,405,2841
SL050,34153131255,62,0,1,1,55,0,0,1,117,1,0,2,120
SL050,34153131256,56,0,1,0,49,0,0,0,105,1,0,0,106
SL050,34153131257,549,1,18,27,529,1,34,27,1078,52,2,54,1186
SL050,34153131258,4385,18,257,310,4563,23,290,304,8948,547,41,614,10150
SL050,34153131259,305,1,7,12,276,2,9,10,581,16,3,22,622
SL050,34153131260,748,2,15,20,675,2,23,23,1423,38,4,43,1508
SL050,34153131261,153,0,5,16,106,0,4,13,259,9,0,29,297
SL050,34153131262,153,0,3,4,128,0,4,3,281,7,0,7,295
SL050,34153131263,159,0,0,5,150,0,1,1,309,1,0,6,316
SL050,34153131264,98,0,11,3,98,0,12,3,196,23,0,6,225
SL050,34153131265,49,2,3,16,28,1,1,12,77,4,3,28,112
SL050,34153131901,8054,81,619,920,8681,76,740,868,16735,1359,157,1788,20039
SL050,34153131902,3096,20,204,263,2906,21,232,269,6002,436,41,532,7011
SL050,34153131903,4071,72,418,568,3944,76,462,556,8015,880,148,1124,10167
SL050,34153131904,917,24,68,129,891,16,61,103,1808,129,40,232,2209
SL050,34153131905,1704,16,113,99,1775,12,100,122,3479,213,28,221,3941
SL050,34153131906,1742,11,131,124,1691,9,152,136,3433,283,20,260,3996
SL050,34153131907,6587,35,320,343,6739,41,429,397,13326,749,76,740,14891
SL050,34153131908,674,4,18,66,683,2,30,58,1357,48,6,124,1535
SL050,34123232001,2813,5,174,86,2742,3,197,90,5555,371,8,176,6110
SL050,34123232002,1053,0,56,20,1047,1,58,30,2100,114,1,50,2265
SL050,34123232003,465,0,24,7,467,0,28,4,932,52,0,11,995
SL050,34123232004,607,0,210,14,731,0,222,22,1338,432,0,36,1806
SL050,34123232005,452,0,22,51,392,0,14,37,844,36,0,88,968
SL050,34123232006,713,0,47,11,745,0,55,20,1458,102,0,31,1591
SL050,34123232007,715,0,39,19,725,1,32,16,1440,71,1,35,1547
SL050,34123232008,4639,4,505,195,4809,2,571,226,9448,1076,6,421,10951
SL050,34123232009,5661,48,417,426,5853,44,510,504,11514,927,92,930,13463
SL050,34123232010,202,0,9,4,177,0,10,2,379,19,0,6,404
SL050,34123232011,300,0,125,3,428,0,104,13,728,229,0,16,973
SL050,34123232012,424,0,13,5,347,0,16,4,771,29,0,9,809
SL050,34123232013,925,1,131,37,1038,3,132,32,1963,263,4,69,2299
SL050,34123232014,504,1,48,14,568,2,44,18,1072,92,3,32,1199
SL050,34123232015,438,1,18,10,420,0,23,7,858,41,1,17,917
SL050,34123232016,356,0,11,15,370,0,12,15,726,23,0,30,779
SL050,34123232017,640,13,26,134,597,8,41,115,1237,67,21,249,1574
SL050,34123232018,569,0,54,14,631,1,36,12,1200,90,1,26,1317
SL050,34123232019,5538,9,701,291,6140,7,887,366,11678,1588,16,657,13939
SL050,34123232020,1202,0,78,14,1257,0,70,22,2459,148,0,36,2643
SL050,34123232021,480,0,16,13,454,0,29,9,934,45,0,22,1001
SL050,34123232022,628,0,41,21,634,2,36,18,1262,77,2,39,1380
SL050,34123232023,598,1,18,5,575,1,19,7,1173,37,2,12,1224
SL050,34123232024,2277,3,287,59,2502,0,310,95,4779,597,3,154,5533
SL050,34123232025,517,0,30,21,527,1,25,19,1044,55,1,40,1140
SL050,34123232026,1429,0,76,29,1399,0,87,29,2828,163,0,58,3049
SL050,34123232027,495,0,22,16,517,0,46,9,1012,68,0,25,1105
SL050,34123232028,807,3,31,29,783,0,31,16,1590,62,3,45,1700
SL050,34123232029,252,0,6,4,198,0,5,1,450,11,0,5,466
SL050,34123232030,433,3,45,70,494,0,51,70,927,96,3,140,1166
SL050,34123232031,532,0,38,7,507,1,41,8,1039,79,1,15,1134
SL050,34123232032,4236,29,287,211,4482,18,366,207,8718,653,47,418,9836
SL050,34123232033,325,0,27,9,350,0,25,14,675,52,0,23,750
SL050,34123232034,551,0,28,102,551,0,38,38,1102,66,0,140,1308
SL050,34123232035,668,0,33,8,731,0,27,10,1399,60,0,18,1477
SL050,34123232036,695,0,12,10,672,0,22,7,1367,34,0,17,1418
SL050,34123232037,334,0,21,11,352,0,14,9,686,35,0,20,741
SL050,34123232038,212,1,4,3,221,0,12,2,433,16,1,5,455
SL050,34123232039,626,0,27,13,590,0,23,8,1216,50,0,21,1287
SL050,34123232040,698,2,44,17,736,3,64,19,1434,108,5,36,1583
SL050,34123232041,349,0,26,8,388,0,20,16,737,46,0,24,807
SL050,34123232042,758,3,51,56,754,3,54,53,1512,105,6,109,1732
SL050,34123232043,1308,3,58,48,1369,1,66,37,2677,124,4,85,2890
SL050,34123232044,423,2,5,5,441,0,7,7,864,12,2,12,890
SL050,34123232045,1251,1,85,16,1319,0,73,22,2570,158,1,38,2767
SL050,34123232046,548,0,29,10,599,0,30,11,1147,59,0,21,1227
SL050,34123232047,855,0,52,25,914,0,45,20,1769,97,0,45,1911
SL050,34123232048,446,3,38,50,402,1,42,57,848,80,4,107,1039
SL050,34123232049,363,0,8,5,332,0,10,4,695,18,0,9,722
SL050,34123232050,1245,1,54,37,1164,3,60,38,2409,114,4,75,2602
SL050,34123232051,691,0,40,27,684,0,30,14,1375,70,0,41,1486
SL050,34123232052,944,0,58,15,916,0,66,12,1860,124,0,27,2011
SL050,34123232053,745,3,44,169,674,5,38,88,1419,82,8,257,1766
SL050,34123232054,42555,126,3223,2058,50515,120,4368,2540,93070,7591,246,4598,105505
SL050,34123232055,636,3,40,10,630,0,48,16,1266,88,3,26,1383
SL050,34123232056,722,1,57,69,763,0,88,59,1485,145,1,128,1759
SL050,34123232057,296,2,6,3,249,2,3,3,545,9,4,6,564
SL050,34123232058,2925,0,206,74,2765,1,220,63,5690,426,1,137,6254
SL050,34123232059,883,1,28,8,915,0,22,14,1798,50,1,22,1871
SL050,34123232060,402,0,21,12,420,0,22,12,822,43,0,24,889
SL050,34123232061,532,0,28,16,527,0,19,18,1059,47,0,34,1140
SL050,34123232062,378,0,21,5,408,0,12,6,786,33,0,11,830
SL050,34123232063,992,8,28,35,976,1,43,35,1968,71,9,70,2118
SL050,34123232064,244,0,28,4,254,0,16,8,498,44,0,12,554
SL050,34123232065,312,0,19,13,328,0,22,5,640,41,0,18,699
SL050,34123232066,231,0,32,5,305,0,26,12,536,58,0,17,611
SL050,34123232067,620,0,33,1,603,0,19,6,1223,52,0,7,1282
SL050,34123232068,595,0,84,24,718,0,87,32,1313,171,0,56,1540
SL050,34123232069,2267,1,101,84,2353,3,145,74,4620,246,4,158,5028
SL050,34123232070,268,0,2,1,274,0,2,2,542,4,0,3,549
SL050,34123232071,746,3,20,33,715,0,27,24,1461,47,3,57,1568
SL050,34123232072,1904,5,147,82,1962,10,166,83,3866,313,15,165,4359
SL050,34123232073,670,0,21,14,704,0,31,8,1374,52,0,22,1448
SL050,34123232074,481,1,36,14,516,0,30,13,997,66,1,27,1091
SL050,34123232075,2360,2,207,91,2303,1,204,81,4663,411,3,172,5249
SL050,34123232076,1024,1,33,17,1054,2,42,18,2078,75,3,35,2191
SL050,34123232077,521,1,26,13,613,2,28,9,1134,54,3,22,1213
SL050,34123232078,558,0,33,7,561,0,21,9,1119,54,0,16,1189
SL050,34123232079,685,0,41,15,650,0,42,10,1335,83,0,25,1443
SL050,34123232080,158,0,6,3,155,0,4,6,313,10,0,9,332
SL050,34123232081,1108,3,64,44,1044,0,67,38,2152,131,3,82,2368
SL050,34123232082,613,0,20,12,605,0,25,13,1218,45,0,25,1288
SL050,34123232083,442,0,10,11,418,0,12,11,860,22,0,22,904
SL050,34123232084,413,0,31,3,443,0,37,6,856,68,0,9,933
SL050,34123232085,5591,33,370,640,5938,26,551,668,11529,921,59,1308,13817
SL050,34123232086,1415,2,39,24,1367,1,43,38,2782,82,3,62,2929
SL050,34123232087,917,2,39,16,865,0,42,23,1782,81,2,39,1904
SL050,34123232088,821,4,39,30,786,3,40,23,1607,79,7,53,1746
SL050,34123232089,628,0,24,23,615,0,21,6,1243,45,0,29,1317
SL050,34123232090,360,0,35,9,394,0,21,10,754,56,0,19,829
SL050,34123232091,914,3,31,51,855,3,31,24,1769,62,6,75,1912
SL050,34123232092,302,0,4,5,215,0,6,3,517,10,0,8,535
SL050,34033333001,829,3,6,16,805,4,9,25,1634,15,7,41,1697
SL050,34033333002,5149,8,81,88,5261,9,92,120,10410,173,17,208,10808
SL050,34033333003,366,0,9,4,286,0,4,6,652,13,0,10,675
SL050,34033333004,35035,113,884,1159,38836,96,1265,1327,73871,2149,209,2486,78715
SL050,34033333005,776,1,14,4,697,0,10,20,1473,24,1,24,1522
SL050,34033333006,783,0,9,18,861,0,10,19,1644,19,0,37,1700
SL050,34033333007,777,1,6,7,757,0,12,11,1534,18,1,18,1571
SL050,34033333008,940,1,47,33,865,1,57,58,1805,104,2,91,2002
SL050,34033333009,473,1,16,24,462,4,19,36,935,35,5,60,1035
SL050,34033333010,944,0,12,18,966,0,22,23,1910,34,0,41,1985
SL050,34033333011,5965,17,75,139,6082,16,105,180,12047,180,33,319,12579
SL050,34033333012,2713,5,161,154,2833,12,211,189,5546,372,17,343,6278
SL050,34033333013,238,0,2,2,229,0,3,3,467,5,0,5,477
SL050,34033333014,4801,15,117,110,5121,11,134,135,9922,251,26,245,10444
SL050,34033333015,863,0,14,4,638,0,16,18,1501,30,0,22,1553
SL050,34033333016,10485,15,230,164,11038,7,287,238,21523,517,22,402,22464
SL050,34033333017,1616,4,39,30,1724,2,29,26,3340,68,6,56,3470
SL050,34033333018,1574,0,23,30,1641,0,30,38,3215,53,0,68,3336
SL050,34033333019,1548,7,34,47,1589,6,47,54,3137,81,13,101,3332
SL050,34033333020,7437,19,147,127,7608,16,184,183,15045,331,35,310,15721
SL050,34033333021,2387,2,47,69,2432,4,63,74,4819,110,6,143,5078
SL050,34033333022,483,0,5,5,441,0,5,10,924,10,0,15,949
SL050,34033333023,1822,1,25,34,1890,2,32,24,3712,57,3,58,3830
SL050,34033333024,116496,530,5731,5451,130167,512,7120,5836,246663,12851,1042,11287,271843
SL050,34033333025,4903,12,79,94,5117,10,99,113,10020,178,22,207,10427
SL050,34033333026,4463,27,93,165,4744,17,133,197,9207,226,44,362,9839
SL050,34033333027,436,0,1,2,397,0,5,12,833,6,0,14,853
SL050,34033333028,715,1,8,12,541,0,8,16,1256,16,1,28,1301
SL050,34033333029,173,0,1,1,172,0,3,2,345,4,0,3,352
SL050,34033333030,504,0,4,8,494,0,9,3,998,13,0,11,1022
SL050,34033333031,18280,44,324,403,20037,27,419,450,38317,743,71,853,39984
SL050,34033333032,6058,7,109,95,6526,10,160,122,12584,269,17,217,13087
SL050,34033333033,5042,9,121,167,5414,12,164,157,10456,285,21,324,11086
SL050,34033333034,5542,14,55,119,5762,11,106,125,11304,161,25,244,11734
SL050,34033333035,6431,11,198,143,6475,10,239,169,12906,437,21,312,13676
SL050,34033333036,5945,16,418,242,6216,14,512,276,12161,930,30,518,13639
SL050,34033333037,17434,48,401,354,19182,57,512,440,36616,913,105,794,38428
SL050,34033333038,1250,3,38,29,1228,2,45,36,2478,83,5,65,2631
SL050,34033333039,849,0,20,14,928,1,15,19,1777,35,1,33,1846
SL050,34033333040,2504,2,60,58,2529,5,93,83,5033,153,7,141,5334
SL050,34033333041,3870,11,60,102,4131,10,99,126,8001,159,21,228,8409
SL050,34033333042,2333,9,82,57,2497,12,108,69,4830,190,21,126,5167
SL050,34033333043,362,0,31,8,301,1,24,13,663,55,1,21,740
SL050,34033333044,91222,461,4903,5320,104303,436,6889,6486,195525,11792,897,11806,220020
SL050,34033333045,2383,22,98,123,2459,12,124,132,4842,222,34,255,5353
SL050,34033333046,271,0,7,1,245,0,5,2,516,12,0,3,531
SL050,34033333047,577,1,25,7,587,1,39,9,1164,64,2,16,1246
SL050,34033333048,77,1,1,2,63,0,1,1,140,2,1,3,146
SL050,34033333049,3321,11,87,84,3363,8,119,108,6684,206,19,192,7101
SL050,34033333050,345,0,8,1,235,1,6,2,580,14,1,3,598
SL050,34033333051,3749,30,62,157,4032,20,87,145,7781,149,50,302,8282
SL050,34033333052,416,0,4,5,304,0,4,4,720,8,0,9,737
SL050,34033333053,671,0,10,10,487,0,6,10,1158,16,0,20,1194
SL050,34033333054,929,1,15,19,861,0,20,20,1790,35,1,39,1865
SL050,34033333055,796,0,36,13,852,3,35,23,1648,71,3,36,1758
SL050,34033333056,2538,13,105,82,2663,5,191,133,5201,296,18,215,5730
SL050,34033333057,858,3,42,26,854,2,47,25,1712,89,5,51,1857
SL050,34033333058,949,1,9,12,914,1,16,31,1863,25,2,43,1933
SL050,34033333059,2424,1,35,52,2449,1,49,73,4873,84,2,125,5084
SL050,34033333060,7469,18,151,147,8129,13,189,167,15598,340,31,314,16283
SL050,34033333061,192,0,1,1,195,0,2,2,387,3,0,3,393
SL050,34033333062,223,0,8,4,211,0,2,5,434,10,0,9,453
SL050,34033333063,208,0,2,2,213,0,4,4,421,6,0,6,433
SL050,34033333064,133,0,4,5,132,0,4,10,265,8,0,15,288
SL050,34033333065,592,1,4,7,627,0,16,7,1219,20,1,14,1254
SL050,34033333066,23774,51,763,646,24677,58,963,730,48451,1726,109,1376,51662
SL050,34033333067,421,0,9,4,360,0,18,6,781,27,0,10,818
SL050,34033333068,628,1,3,18,456,0,7,12,1084,10,1,30,1125
SL050,34033333069,1855,1,31,32,1884,3,45,36,3739,76,4,68,3887
SL050,34033333070,1797,0,29,20,1871,1,40,37,3668,69,1,57,3795
SL050,34033333071,299,0,5,4,324,0,7,7,623,12,0,11,646
SL050,34033333072,832,6,13,20,709,3,15,30,1541,28,9,50,1628
SL050,34033333073,4616,18,40,141,4464,29,59,176,9080,99,47,317,9543
SL050,34033333074,1776,3,30,53,1881,3,35,85,3657,65,6,138,3866
SL050,34033333075,144,1,1,4,145,0,3,0,289,4,1,4,298
SL050,34033333076,6660,11,236,213,6680,8,313,309,13340,549,19,522,14430
SL050,34033333077,642,0,4,3,589,0,4,6,1231,8,0,9,1248
SL050,34033333078,77,0,1,0,61,0,1,0,138,2,0,0,140
SL050,34073434001,24,0,1,1,15,0,0,1,39,1,0,2,42
SL050,34073434003,88,0,1,2,69,0,0,4,157,1,0,6,164
SL050,34073434004,3060,26,43,183,3216,27,91,196,6276,134,53,379,6842
SL050,34073434005,422,2,2,27,455,3,1,16,877,3,5,43,928
SL050,34073434006,46,0,0,0,40,0,0,0,86,0,0,0,86
SL050,34073434009,22,0,0,0,13,0,0,0,35,0,0,0,35
SL050,34073434010,305,2,5,7,293,0,1,9,598,6,2,16,622
SL050,34073434011,233,0,1,0,184,0,2,3,417,3,0,3,423
SL050,34073434012,192,1,2,1,161,1,3,8,353,5,2,9,369
SL050,34073434015,26,0,0,0,16,0,0,0,42,0,0,0,42
SL050,34073434017,491,1,3,11,481,1,4,12,972,7,2,23,1004
SL050,34073434018,123,0,0,2,94,0,0,2,217,0,0,4,221
SL050,34073434019,63,2,0,6,51,3,0,6,114,0,5,12,131
SL050,34073434020,32,0,0,0,19,0,0,1,51,0,0,1,52
SL050,34073434022,613,7,2,19,554,0,2,19,1167,4,7,38,1216
SL050,34073434023,3020,14,54,107,2974,10,84,100,5994,138,24,207,6363
SL050,34073434024,17,0,1,0,9,0,0,1,26,1,0,1,28
SL050,34073434025,22,0,1,1,28,0,0,1,50,1,0,2,53
SL050,34073434027,572,2,9,6,573,0,12,9,1145,21,2,15,1183
SL050,34073434028,76,0,1,0,67,0,0,0,143,1,0,0,144
SL050,34073434029,382,0,1,9,356,0,1,5,738,2,0,14,754
SL050,34073434031,15,0,0,3,13,0,0,2,28,0,0,5,33
SL050,34073434032,22,0,0,0,17,0,0,2,39,0,0,2,41
SL050,34073434033,13,0,0,0,4,0,0,0,17,0,0,0,17
SL050,34073434034,65,0,0,0,49,0,0,1,114,0,0,1,115
SL050,34073434035,64,0,0,1,45,0,0,1,109,0,0,2,111
SL050,34073434036,138,0,0,2,102,1,1,2,240,1,1,4,246
SL050,34073434037,143,0,1,3,115,0,1,1,258,2,0,4,264
SL050,34073434038,159,1,0,7,135,1,0,3,294,0,2,10,306
SL050,34073434039,37,0,0,0,24,0,0,0,61,0,0,0,61
SL050,34073434041,43,0,0,0,49,0,0,0,92,0,0,0,92
SL050,34073434042,174,2,2,4,139,0,3,2,313,5,2,6,326
SL050,34073434045,39,0,1,0,37,0,0,0,76,1,0,0,77
SL050,34073434046,24,0,0,1,18,0,0,0,42,0,0,1,43
SL050,34073434047,910,5,23,58,1000,5,26,69,1910,49,10,127,2096
SL050,34073434048,30,0,0,0,32,0,0,1,62,0,0,1,63
SL050,34073434049,191,0,0,2,163,0,4,0,354,4,0,2,360
SL050,34073434050,119,1,0,4,94,0,1,1,213,1,1,5,220
SL050,34073434051,53,0,0,0,47,0,0,1,100,0,0,1,101
SL050,34073434052,98,0,2,0,81,0,2,0,179,4,0,0,183
SL050,34073434053,117,0,1,1,109,0,0,2,226,1,0,3,230
SL050,34073434055,142,0,0,2,118,0,0,0,260,0,0,2,262
SL050,34073434056,1099,0,22,44,1087,7,23,34,2186,45,7,78,2316
SL050,34073434057,241,0,1,1,246,0,1,0,487,2,0,1,490
SL050,34073434058,111,0,1,0,81,0,3,2,192,4,0,2,198
SL050,34073434059,217,0,0,3,221,0,1,6,438,1,0,9,448
SL050,34073434060,76,0,0,0,61,0,1,1,137,1,0,1,139
SL050,34073434061,58,0,1,2,44,0,0,0,102,1,0,2,105
SL050,34073434062,101,0,0,0,63,0,0,1,164,0,0,1,165
SL050,34073434063,46,1,2,6,32,0,1,5,78,3,1,11,93
SL050,34073434066,34,0,1,1,26,0,1,0,60,2,0,1,63
SL050,34073434067,78,0,0,0,58,0,0,0,136,0,0,0,136
SL050,34073434068,19,0,0,6,11,1,0,5,30,0,1,11,42
SL050,34073434069,1267,3,13,60,1212,7,28,43,2479,41,10,103,2633
SL050,34073434070,76,0,2,1,64,0,4,2,140,6,0,3,149
SL050,34073434071,86,0,2,6,76,0,4,5,162,6,0,11,179
SL050,34073434072,72,0,2,1,75,0,1,2,147,3,0,3,153
SL050,34073434073,95,0,1,1,94,0,2,1,189,3,0,2,194
SL050,34073434074,380,1,3,13,354,0,5,14,734,8,1,27,770
SL050,34073434076,316,6,0,18,296,4,1,18,612,1,10,36,659
SL050,34073434077,213,0,8,5,195,0,3,5,408,11,0,10,429
SL050,34073434079,1136,1,25,22,1021,1,30,33,2157,55,2,55,2269
SL050,34073434080,2995,3,20,39,3011,3,40,42,6006,60,6,81,6153
SL050,34073434081,34,0,2,0,22,0,0,0,56,2,0,0,58
SL050,34073434082,41,0,0,0,37,0,0,0,78,0,0,0,78
SL050,34073434083,938,3,11,25,976,4,18,31,1914,29,7,56,2006
SL050,34073434084,80,0,0,3,59,0,0,4,139,0,0,7,146
SL050,34073434086,52,0,1,0,49,0,0,1,101,1,0,1,103
SL050,34073434087,72,0,1,5,61,0,3,1,133,4,0,6,143
SL050,34073434088,170,0,1,9,120,2,3,8,290,4,2,17,313
SL050,34073434089,88,0,0,0,66,0,1,2,154,1,0,2,157
SL050,34073434091,76,0,1,0,58,0,1,0,134,2,0,0,136
SL050,34073434092,151,0,1,2,135,0,0,2,286,1,0,4,291
SL050,34073434093,54,0,0,3,38,0,0,3,92,0,0,6,98
SL050,34073434094,35,0,0,1,25,0,1,1,60,1,0,2,63
SL050,34073434096,32,0,0,0,19,0,0,0,51,0,0,0,51
SL050,34073434098,489,2,7,30,431,3,11,20,920,18,5,50,993
SL050,34073434099,37,0,0,7,28,0,0,10,65,0,0,17,82
SL050,34073434100,80,0,1,0,62,0,1,0,142,2,0,0,144
SL050,34073434101,19,0,0,0,21,0,1,0,40,1,0,0,41
SL050,34073434102,125,0,1,0,90,0,0,1,215,1,0,1,217
SL050,34073434103,62,0,0,0,40,0,0,0,102,0,0,0,102
SL050,34073434104,143,0,0,5,110,0,0,1,253,0,0,6,259
SL050,34073434106,57,0,0,9,52,0,1,3,109,1,0,12,122
SL050,34073434107,42,0,0,0,31,0,1,0,73,1,0,0,74
SL050,34073434108,304,2,4,8,274,1,5,12,578,9,3,20,610
SL050,34073434109,34,0,0,1,23,0,0,1,57,0,0,2,59
SL050,34073434110,44,0,2,0,35,0,1,0,79,3,0,0,82
SL050,34073434112,25,0,0,0,20,0,0,1,45,0,0,1,46
SL050,34073434113,14,0,0,0,24,0,1,0,38,1,0,0,39
SL050,34073434114,118,0,1,2,74,0,1,2,192,2,0,4,198
SL050,34073434116,32,0,0,0,24,0,1,0,56,1,0,0,57
SL050,34073434120,34867,148,752,1309,38762,168,1150,1473,73629,1902,316,2782,78629
SL050,34073434121,111,1,0,8,84,1,0,6,195,0,2,14,211
SL050,34073434122,50,1,0,17,45,2,0,6,95,0,3,23,121
SL050,34073434123,946,3,13,24,895,2,19,28,1841,32,5,52,1930
SL050,34073434124,39,0,0,0,27,0,0,0,66,0,0,0,66
SL050,34073434125,43,0,0,0,44,0,1,0,87,1,0,0,88
SL050,34073434126,159,2,4,15,125,7,4,8,284,8,9,23,324
SL050,34073434127,48,0,0,1,40,0,0,1,88,0,0,2,90
SL050,34073434129,106,0,2,0,71,0,0,0,177,2,0,0,179
SL050,34073434130,113,0,0,1,106,0,0,0,219,0,0,1,220
SL050,34073434131,32,0,0,0,28,0,0,1,60,0,0,1,61
SL050,34073434132,66,0,1,5,52,1,2,4,118,3,1,9,131
SL050,34073434133,64,0,0,0,45,0,0,1,109,0,0,1,110
SL050,34073434134,23,0,0,0,18,0,1,0,41,1,0,0,42
SL050,34073434135,249,2,2,7,190,1,5,7,439,7,3,14,463
SL050,34073434136,99,0,3,7,68,0,1,6,167,4,0,13,184
SL050,34073434137,16,0,0,0,8,0,0,0,24,0,0,0,24
SL050,34073434139,95,1,1,5,82,1,2,7,177,3,2,12,194
SL050,34073434140,56,0,0,1,48,0,0,0,104,0,0,1,105
SL050,34073434141,106,9,3,24,86,5,3,16,192,6,14,40,252
SL050,34073434143,100,2,5,3,67,2,2,3,167,7,4,6,184
SL050,34073434146,35,0,0,0,18,0,0,0,53,0,0,0,53
SL050,34073434147,104,0,0,5,86,1,0,2,190,0,1,7,198
SL050,34073434149,10,0,0,0,11,0,0,0,21,0,0,0,21
SL050,34073434151,89,0,0,1,64,0,0,0,153,0,0,1,154
SL050,34073434152,67,2,3,10,52,3,4,10,119,7,5,20,151
SL050,34073434154,45,0,0,1,34,0,0,0,79,0,0,1,80
SL050,34073434155,62,2,3,6,62,2,1,8,124,4,4,14,146
SL050,34073434156,34,0,0,0,18,0,0,0,52,0,0,0,52
SL050,34073434157,1364,25,36,103,1322,16,45,93,2686,81,41,196,3004
SL050,34073434158,152,0,4,9,146,0,3,3,298,7,0,12,317
SL050,34073434159,231,0,0,7,189,0,2,4,420,2,0,11,433
SL050,34073434160,85,0,2,1,68,0,3,3,153,5,0,4,162
SL050,34073434161,14,0,0,0,9,0,0,0,23,0,0,0,23
SL050,34073434163,24,0,0,2,24,0,0,1,48,0,0,3,51
SL050,34073434165,36,0,1,1,24,0,2,1,60,3,0,2,65
SL050,34073434167,68,0,0,0,51,0,1,0,119,1,0,0,120
SL050,34073434168,31,0,0,1,20,0,0,0,51,0,0,1,52
SL050,34073434169,236,0,6,17,180,3,7,10,416,13,3,27,459
SL050,34073434170,30,0,0,0,23,0,0,1,53,0,0,1,54
SL050,34073434171,504,1,3,6,519,0,5,6,1023,8,1,12,1044
SL050,34073434174,108,0,0,1,87,0,0,1,195,0,0,2,197
SL050,34073434175,59,0,0,3,34,0,0,4,93,0,0,7,100
SL050,34073434176,84,0,1,1,57,0,2,0,141,3,0,1,145
SL050,34073434177,106,0,3,0,81,0,1,0,187,4,0,0,191
SL050,34073434178,65,0,3,5,54,1,3,6,119,6,1,11,137
SL050,34073434179,15,0,0,0,10,0,0,0,25,0,0,0,25
SL050,34073434180,36,0,0,1,34,0,0,0,70,0,0,1,71
SL050,34073434181,250,0,5,5,219,1,4,6,469,9,1,11,490
SL050,34073434182,473,4,7,42,390,5,4,43,863,11,9,85,968
SL050,34073434184,24,0,0,1,20,0,0,0,44,0,0,1,45
SL050,34073434185,35,0,0,0,28,1,0,0,63,0,1,0,64
SL050,34073434186,25,0,0,0,22,0,0,0,47,0,0,0,47
SL050,34073434189,34,0,0,2,24,0,0,1,58,0,0,3,61
SL050,34073434190,28,0,0,0,23,0,0,0,51,0,0,0,51
SL050,34073434192,53,0,1,3,37,0,0,2,90,1,0,5,96
SL050,34073434196,52,0,0,0,35,0,1,0,87,1,0,0,88
SL050,34073434199,662,0,3,1,622,0,7,4,1284,10,0,5,1299
SL050,34073434201,95,0,0,4,85,0,0,0,180,0,0,4,184
SL050,34073434202,14,0,1,3,14,0,0,0,28,1,0,3,32
SL050,34073434204,28,0,0,0,19,0,0,1,47,0,0,1,48
SL050,34073434205,36,0,0,0,25,0,0,2,61,0,0,2,63
SL050,34073434206,476,2,6,7,459,0,4,9,935,10,2,16,963
SL050,34073434208,34,0,0,0,23,0,0,1,57,0,0,1,58
SL050,34073434210,52,0,0,0,52,0,0,0,104,0,0,0,104
SL050,34073434211,92,0,2,3,92,0,0,4,184,2,0,7,193
SL050,34073434213,30,0,1,0,25,0,1,0,55,2,0,0,57
SL050,34073434214,102,0,2,0,86,0,3,3,188,5,0,3,196
SL050,34073434215,87,0,0,1,81,0,0,0,168,0,0,1,169
SL050,34073434216,39,0,0,0,27,0,0,0,66,0,0,0,66
SL050,34073434217,812,0,7,13,787,0,15,18,1599,22,0,31,1652
SL050,34073434218,270,3,2,58,216,6,3,31,486,5,9,89,589
SL050,34073434220,91,0,6,2,65,0,9,4,156,15,0,6,177
SL050,34073434221,97,0,0,0,78,0,0,0,175,0,0,0,175
SL050,34073434222,63,0,1,0,52,0,2,0,115,3,0,0,118
SL050,34073434223,132,0,0,6,90,0,0,7,222,0,0,13,235
SL050,34073434224,29,0,1,0,14,0,1,0,43,2,0,0,45
SL050,34073434225,3149,19,75,117,2923,8,90,122,6072,165,27,239,6503
SL050,34073434227,36,0,0,1,38,0,0,0,74,0,0,1,75
SL050,34073434228,48,0,0,3,34,0,0,5,82,0,0,8,90
SL050,34073434229,39,0,0,2,19,1,0,1,58,0,1,3,62
SL050,34073434230,11,0,0,0,5,0,0,0,16,0,0,0,16
SL050,34073434231,108,2,0,1,95,0,0,1,203,0,2,2,207
SL050,34073434232,436,2,3,10,356,1,4,14,792,7,3,24,826
SL050,34073434233,78,0,0,6,59,0,0,0,137,0,0,6,143
SL050,34073434234,48,0,0,0,23,0,0,0,71,0,0,0,71
SL050,34073434236,79,0,0,3,72,0,0,1,151,0,0,4,155
SL050,34073434237,324,1,6,4,322,2,3,3,646,9,3,7,665
SL050,34073434238,163,1,4,9,170,0,6,12,333,10,1,21,365
SL050,34073434240,52,0,0,0,44,0,0,1,96,0,0,1,97
SL050,34073434241,10,0,0,0,7,0,0,0,17,0,0,0,17
SL050,34073434242,49,0,0,8,46,1,1,4,95,1,1,12,109
SL050,34073434243,182,1,3,8,161,1,3,10,343,6,2,18,369
SL050,34073434245,182,0,0,1,138,1,3,2,320,3,1,3,327
SL050,34073434246,37,0,0,2,35,0,0,1,72,0,0,3,75
SL050,34073434901,635,4,3,12,549,1,12,9,1184,15,5,21,1225
SL050,34073434902,87,1,0,19,59,1,1,6,146,1,2,25,174
SL050,34073434903,114,0,0,0,81,0,0,3,195,0,0,3,198
SL050,34073434904,182,0,1,1,135,0,1,0,317,2,0,1,320
SL050,34053535001,2597,11,37,138,2605,6,31,148,5202,68,17,286,5573
SL050,34053535002,14220,35,612,910,13790,25,721,839,28010,1333,60,1749,31152
SL050,34053535003,3324,157,289,2600,2824,121,239,2394,6148,528,278,4994,11948
SL050,34053535004,21694,430,3509,5091,21450,411,4018,4748,43144,7527,841,9839,61351
SL050,34053535005,577,0,9,3,486,0,11,4,1063,20,0,7,1090
SL050,34053535006,17999,23,380,333,18102,18,472,364,36101,852,41,697,37691
SL050,34053535007,304,5,9,67,278,6,5,57,582,14,11,124,731
SL050,34053535008,3643,3,54,66,3577,2,65,81,7220,119,5,147,7491
SL050,34053535009,11742,15,156,205,11712,11,183,185,23454,339,26,390,24209
SL050,34053535010,2136,18,64,314,1999,12,75,351,4135,139,30,665,4969
SL050,34053535011,14436,25,499,572,14136,34,546,583,28572,1045,59,1155,30831
SL050,34053535012,6142,240,675,3089,5606,226,589,3090,11748,1264,466,6179,19657
SL050,34053535013,3836,2,54,41,3639,5,88,63,7475,142,7,104,7728
SL050,34053535014,6854,321,880,5450,6148,321,800,5110,13002,1680,642,10560,25884
SL050,34053535015,6092,316,942,3311,5389,271,847,3371,11481,1789,587,6682,20539
SL050,34053535016,160904,854,9841,11435,169793,846,12305,12539,330697,22146,1700,23974,378517
SL050,34053535017,15322,280,1749,2638,14558,246,1966,2623,29880,3715,526,5261,39382
SL050,34053535018,7487,76,552,1066,7230,103,608,1205,14717,1160,179,2271,18327
SL050,34053535019,18317,526,1972,7117,16724,461,1864,6607,35041,3836,987,13724,53588
SL050,34053535020,3483,25,36,338,3369,10,36,311,6852,72,35,649,7608
SL050,34053535021,8504,31,250,317,8497,26,320,369,17001,570,57,686,18314
SL050,34053535022,27591,432,3766,4127,27357,403,4029,4158,54948,7795,835,8285,71863
SL050,34053535023,6702,2,88,136,6779,3,116,98,13481,204,5,234,13924
SL050,34053535024,8516,171,477,2015,8102,161,488,2192,16618,965,332,4207,22122
SL050,34053535025,1006,2,19,14,849,1,21,9,1855,40,3,23,1921
SL050,34053535026,47539,61,1414,1397,48768,69,1684,1492,96307,3098,130,2889,102424
SL050,34053535027,6172,3,136,81,5816,5,140,96,11988,276,8,177,12449
SL050,34053535028,5614,335,688,3622,5237,304,656,3550,10851,1344,639,7172,20006
SL050,34053535029,2665,37,96,378,2477,28,100,338,5142,196,65,716,6119
SL050,34053535030,5849,75,467,1168,5508,83,520,1121,11357,987,158,2289,14791
SL050,34053535031,4360,14,149,147,4256,8,159,185,8616,308,22,332,9278
SL050,34053535032,1912,0,38,24,1750,2,37,21,3662,75,2,45,3784
SL050,34053535033,3792,9,68,69,3524,7,75,81,7316,143,16,150,7625
SL050,34053535034,4534,209,834,2859,4061,174,813,2805,8595,1647,383,5664,16289
SL050,34123636001,1299,1,35,13,1250,0,31,8,2549,66,1,21,2637
SL050,34123636002,1780,0,43,23,1815,0,45,10,3595,88,0,33,3716
SL050,34123636003,5594,4,223,163,5706,3,266,175,11300,489,7,338,12134
SL050,34123636004,5817,4,96,66,5960,0,121,84,11777,217,4,150,12148
SL050,34123636005,4480,15,151,102,4758,9,200,145,9238,351,24,247,9860
SL050,34123636006,6272,7,247,147,6746,1,253,141,13018,500,8,288,13814
SL050,34123636007,819,0,22,7,912,0,37,9,1731,59,0,16,1806
SL050,34123636008,12499,9,305,265,12803,13,328,265,25302,633,22,530,26487
SL050,34123636009,2350,2,123,52,2435,2,152,57,4785,275,4,109,5173
SL050,34123636010,1570,0,41,12,1669,1,36,20,3239,77,1,32,3349
SL050,34123636013,1115,0,80,29,1095,1,61,36,2210,141,1,65,2417
SL050,34123636014,903,0,50,28,976,0,54,21,1879,104,0,49,2032
SL050,34123636015,2138,4,66,35,2367,3,61,36,4505,127,7,71,4710
SL050,34123636016,557,1,17,4,521,1,6,3,1078,23,2,7,1110
SL050,34123636017,9212,20,486,194,10019,16,525,189,19231,1011,36,383,20661
SL050,34123636018,1548,0,93,8,1698,1,78,25,3246,171,1,33,3451
SL050,34123636019,726,0,40,17,787,0,53,17,1513,93,0,34,1640
SL050,34123636020,1152,2,15,13,1151,0,17,20,2303,32,2,33,2370
SL050,34123636021,6727,0,264,83,6760,2,302,98,13487,566,2,181,14236
SL050,34123636022,5053,0,143,93,5092,1,216,102,10145,359,1,195,10700
SL050,34123636023,4540,5,201,129,4813,8,195,122,9353,396,13,251,10013
SL050,34123636024,8600,40,557,546,9151,37,628,544,17751,1185,77,1090,20103
SL050,34123636025,980,2,184,26,995,4,196,43,1975,380,6,69,2430
SL050,34123636026,11337,22,383,433,11600,18,307,262,22937,690,40,695,24362
SL050,34123636027,2498,2,57,38,2587,3,68,62,5085,125,5,100,5315
SL050,34123636028,2186,1,54,38,2383,3,74,37,4569,128,4,75,4776
SL050,34123636029,9081,3,223,128,9618,6,226,163,18699,449,9,291,19448
SL050,34123636030,2156,0,68,8,2162,0,87,15,4318,155,0,23,4496
SL050,34123636031,301,1,8,7,284,0,14,3,585,22,1,10,618
SL050,34123636032,1943,1,53,28,2081,1,70,23,4024,123,2,51,4200
SL050,34123636033,7015,18,207,250,7243,14,220,175,14258,427,32,425,15142
SL050,34123636034,1767,0,68,46,1886,1,96,28,3653,164,1,74,3892
SL050,34123636035,8090,10,366,235,8372,12,392,246,16462,758,22,481,17723
SL050,34123636036,1419,0,58,36,1424,2,41,38,2843,99,2,74,3018
SL050,34123636037,1401,1,42,17,1453,1,47,18,2854,89,2,35,2980
SL050,34123636038,35911,89,1858,1331,39689,73,2424,1427,75600,4282,162,2758,82802
SL050,34123636039,8764,38,486,447,8960,40,533,472,17724,1019,78,919,19740
SL050,34123636040,1388,0,28,15,1500,0,33,20,2888,61,0,35,2984
SL050,34123636041,7846,6,353,236,7913,6,404,254,15759,757,12,490,17018
SL050,34123636042,10116,25,570,380,10634,23,708,398,20750,1278,48,778,22854
SL050,34123636043,2439,1,153,49,2626,0,182,41,5065,335,1,90,5491
SL050,34123636044,1454,0,28,23,1472,0,35,25,2926,63,0,48,3037
SL050,34123636045,13601,16,428,174,14231,14,500,230,27832,928,30,404,29194
SL050,34123636046,2333,4,79,62,2435,5,86,65,4768,165,9,127,5069
SL050,34123636047,1224,0,35,15,1190,0,35,10,2414,70,0,25,2509
SL050,34123636048,2902,1,114,53,3012,2,115,50,5914,229,3,103,6249
SL050,34123636049,4151,8,212,186,4198,13,214,164,8349,426,21,350,9146
SL050,34123636050,4245,10,238,353,4315,9,225,296,8560,463,19,649,9691
SL050,34123636051,7941,11,327,208,8127,8,366,224,16068,693,19,432,17212
SL050,34123636052,3839,16,193,189,4033,14,242,172,7872,435,30,361,8698
SL050,34123636053,3399,12,110,101,3414,10,145,114,6813,255,22,215,7305
SL050,34123636054,6258,10,284,230,6114,8,355,205,12372,639,18,435,13464
SL050,34123636055,7300,7,374,483,7899,6,461,372,15199,835,13,855,16902
SL050,34123636056,2824,1,71,18,2925,0,67,21,5749,138,1,39,5927
SL050,34123636057,124372,306,8414,5888,137731,325,10136,6470,262103,18550,631,12358,293642
SL050,34123636058,2758,4,72,65,2916,1,68,70,5674,140,5,135,5954
SL050,34123636059,2475,2,84,28,2541,1,94,48,5016,178,3,76,5273
SL050,34123636060,16528,39,827,576,17705,47,1077,720,34233,1904,86,1296,37519
SL050,34123636061,4818,1,133,83,5036,1,189,91,9854,322,2,174,10352
SL050,34123636901,2351,2,90,16,2387,0,89,23,4738,179,2,39,4958
SL050,34123636902,2650,4,100,41,2837,3,119,61,5487,219,7,102,5815
SL050,34073737001,100,0,0,2,88,0,1,2,188,1,0,4,193
SL050,34073737002,72,0,3,0,71,0,0,0,143,3,0,0,146
SL050,34073737003,65,0,0,0,54,0,0,1,119,0,0,1,120
SL050,34073737004,16,1,0,2,13,0,0,2,29,0,1,4,34
SL050,34073737005,36,0,3,0,35,0,2,0,71,5,0,0,76
SL050,34073737006,64,0,2,3,53,0,4,12,117,6,0,15,138
SL050,34073737007,236,0,4,1,216,0,5,1,452,9,0,2,463
SL050,34073737008,2484,9,43,55,2480,7,34,54,4964,77,16,109,5166
SL050,34073737009,112,0,4,3,94,0,4,3,206,8,0,6,220
SL050,34073737010,511,7,13,16,536,1,14,9,1047,27,8,25,1107
SL050,34073737011,54,0,2,2,53,0,4,1,107,6,0,3,116
SL050,34073737012,83,0,0,0,72,0,0,0,155,0,0,0,155
SL050,34073737013,60,0,1,0,52,0,3,0,112,4,0,0,116
SL050,34073737014,611,0,8,5,594,0,13,8,1205,21,0,13,1239
SL050,34073737015,105,4,4,28,99,1,7,18,204,11,5,46,266
SL050,34073737016,335,0,10,4,329,0,10,8,664,20,0,12,696
SL050,34073737017,124,0,2,10,106,0,2,12,230,4,0,22,256
SL050,34073737018,64,0,0,1,48,0,0,0,112,0,0,1,113
SL050,34073737019,78,0,0,0,63,0,0,0,141,0,0,0,141
SL050,34073737020,255,0,5,3,214,0,3,6,469,8,0,9,486
SL050,34073737021,35,0,0,0,39,0,0,0,74,0,0,0,74
SL050,34073737022,136,0,1,1,127,0,3,1,263,4,0,2,269
SL050,34073737023,965,0,20,10,944,1,30,19,1909,50,1,29,1989
SL050,34073737024,52,0,0,1,48,0,0,1,100,0,0,2,102
SL050,34073737025,152,0,2,1,131,0,3,1,283,5,0,2,290
SL050,34073737026,99,0,1,4,84,1,3,3,183,4,1,7,195
SL050,34073737027,133,0,5,5,103,0,5,3,236,10,0,8,254
SL050,34073737028,89,0,2,1,64,0,0,1,153,2,0,2,157
SL050,34073737029,120,0,2,0,91,0,0,2,211,2,0,2,215
SL050,34073737030,50,0,0,0,43,0,0,0,93,0,0,0,93
SL050,34073737031,207,0,1,0,163,0,1,0,370,2,0,0,372
SL050,34073737032,332,0,6,8,280,0,13,5,612,19,0,13,644
SL050,34073737033,49,0,3,3,42,0,4,1,91,7,0,4,102
SL050,34073737034,42,0,0,0,38,0,5,1,80,5,0,1,86
SL050,34073737035,99,0,1,14,76,0,5,5,175,6,0,19,200
SL050,34073737036,31,0,0,1,23,0,0,1,54,0,0,2,56
SL050,34073737037,64,0,0,0,49,0,0,0,113,0,0,0,113
SL050,34073737038,449,0,8,12,423,0,5,14,872,13,0,26,911
SL050,34073737039,153,0,4,1,147,0,2,2,300,6,0,3,309
SL050,34073737040,216,0,0,1,192,0,1,0,408,1,0,1,410
SL050,34073737041,42,0,0,0,33,0,0,0,75,0,0,0,75
SL050,34073737042,30,0,0,0,16,0,0,0,46,0,0,0,46
SL050,34073737044,234,0,3,1,202,0,2,0,436,5,0,1,442
SL050,34073737045,14,0,0,0,12,0,0,0,26,0,0,0,26
SL050,34073737046,5813,25,111,184,6459,33,153,183,12272,264,58,367,12961
SL050,34073737047,109,1,3,8,87,1,7,7,196,10,2,15,223
SL050,34073737049,65,0,1,0,64,0,1,1,129,2,0,1,132
SL050,34073737050,40,0,0,0,29,0,0,0,69,0,0,0,69
SL050,34073737051,48,0,0,0,36,0,0,1,84,0,0,1,85
SL050,34073737052,154,0,1,0,159,0,1,0,313,2,0,0,315
SL050,34073737054,146,0,2,2,124,0,7,5,270,9,0,7,286
SL050,34073737055,68,0,0,6,58,2,0,3,126,0,2,9,137
SL050,34073737056,20,0,2,2,23,0,3,3,43,5,0,5,53
SL050,34073737057,127,0,0,0,102,0,1,1,229,1,0,1,231
SL050,34073737058,29,0,0,0,27,0,0,0,56,0,0,0,56
SL050,34073737059,69,0,0,0,61,0,2,0,130,2,0,0,132
SL050,34073737060,161,3,13,12,131,2,13,16,292,26,5,28,351
SL050,34073737061,110,2,1,4,97,0,11,7,207,12,2,11,232
SL050,34073737062,45,0,0,0,32,0,0,0,77,0,0,0,77
SL050,34073737063,41,0,0,0,26,0,0,0,67,0,0,0,67
SL050,34073737065,156,0,1,0,130,0,4,0,286,5,0,0,291
SL050,34073737067,2007,3,82,37,1980,3,85,59,3987,167,6,96,4256
SL050,34073737068,183,1,6,5,178,1,4,5,361,10,2,10,383
SL050,34073737069,589,0,11,10,493,0,21,28,1082,32,0,38,1152
SL050,34073737070,318,1,4,1,265,0,4,7,583,8,1,8,600
SL050,34073737071,44,0,2,0,39,0,1,0,83,3,0,0,86
SL050,34073737072,80,0,2,2,75,0,2,0,155,4,0,2,161
SL050,34073737073,328,0,7,5,328,0,1,7,656,8,0,12,676
SL050,34073737074,75,0,7,14,63,0,5,0,138,12,0,14,164
SL050,34073737077,153,0,0,0,112,0,1,0,265,1,0,0,266
SL050,34073737078,447,0,6,5,439,0,7,2,886,13,0,7,906
SL050,34073737079,54,0,0,0,23,0,0,0,77,0,0,0,77
SL050,34073737080,137,0,1,1,118,0,1,2,255,2,0,3,260
SL050,34073737081,509,0,7,2,447,0,16,5,956,23,0,7,986
SL050,34073737082,460,1,7,14,382,2,7,5,842,14,3,19,878
SL050,34073737083,106,0,0,2,84,0,1,2,190,1,0,4,195
SL050,34073737085,3279,7,112,58,3259,9,129,94,6538,241,16,152,6947
SL050,34073737086,56,0,1,0,43,0,0,0,99,1,0,0,100
SL050,34073737087,591,0,19,12,529,0,26,11,1120,45,0,23,1188
SL050,34073737088,116,0,0,1,99,0,1,0,215,1,0,1,217
SL050,34073737089,36,0,0,1,30,0,0,1,66,0,0,2,68
SL050,34073737090,28,0,0,0,30,0,3,0,58,3,0,0,61
SL050,34073737091,86,0,2,6,86,1,5,5,172,7,1,11,191
SL050,34073737092,1248,3,46,42,1176,10,32,58,2424,78,13,100,2615
SL050,34073737096,126,0,1,0,87,0,2,0,213,3,0,0,216
SL050,34073737097,27,0,0,0,15,0,0,0,42,0,0,0,42
SL050,34073737098,155,0,9,2,157,0,8,0,312,17,0,2,331
SL050,34073737099,32,0,1,1,32,0,0,0,64,1,0,1,66
SL050,34073737100,40,0,1,0,33,0,1,1,73,2,0,1,76
SL050,34073737101,83,0,2,1,67,0,1,0,150,3,0,1,154
SL050,34073737102,198,0,6,0,198,0,5,2,396,11,0,2,409
SL050,34073737103,251,0,7,4,222,0,4,2,473,11,0,6,490
SL050,34073737104,12,0,0,0,13,0,0,0,25,0,0,0,25
SL050,34073737106,141,0,3,2,129,0,2,2,270,5,0,4,279
SL050,34073737107,5673,26,178,154,6093,20,197,172,11766,375,46,326,12513
SL050,34073737108,47,0,0,3,53,0,0,5,100,0,0,8,108
SL050,34073737109,101,0,0,2,76,0,3,0,177,3,0,2,182
SL050,34073737110,62,0,1,0,59,0,0,1,121,1,0,1,123
SL050,34073737112,86,0,3,0,66,0,0,0,152,3,0,0,155
SL050,34073737113,241,0,1,0,206,0,1,1,447,2,0,1,450
SL050,34073737114,41,0,0,1,35,1,0,0,76,0,1,1,78
SL050,34073737115,67,0,2,0,54,0,3,1,121,5,0,1,127
SL050,34073737116,39,0,0,0,34,0,0,0,73,0,0,0,73
SL050,34073737117,1031,2,25,14,927,2,33,16,1958,58,4,30,2050
SL050,34073737118,69,0,1,2,53,0,1,0,122,2,0,2,126
SL050,34073737119,61,0,0,0,41,0,1,0,102,1,0,0,103
SL050,34073737120,52,0,1,0,52,0,5,0,104,6,0,0,110
SL050,34073737121,335,0,2,0,293,0,4,1,628,6,0,1,635
SL050,34073737122,118,0,0,0,114,0,1,0,232,1,0,0,233
SL050,34073737123,92,0,0,0,78,0,0,0,170,0,0,0,170
SL050,34073737124,118,0,2,2,100,0,1,2,218,3,0,4,225
SL050,34073737125,133,0,2,1,96,0,2,1,229,4,0,2,235
SL050,34073737126,20,0,0,0,14,0,0,0,34,0,0,0,34
SL050,34073737127,114,0,2,2,102,1,6,4,216,8,1,6,231
SL050,34073737128,149,0,3,0,123,0,4,0,272,7,0,0,279
SL050,34073737129,142,0,4,1,121,0,1,3,263,5,0,4,272
SL050,34073737130,101,0,2,3,86,0,0,1,187,2,0,4,193
SL050,34073737131,99,0,0,6,78,0,1,7,177,1,0,13,191
SL050,34073737132,174,0,5,3,167,0,10,3,341,15,0,6,362
SL050,34073737133,63,0,0,1,45,0,0,0,108,0,0,1,109
SL050,34073737134,119,0,1,0,96,0,1,0,215,2,0,0,217
SL050,34073737135,645,4,8,11,646,2,9,11,1291,17,6,22,1336
SL050,34073737136,317,0,19,0,325,0,16,3,642,35,0,3,680
SL050,34073737137,51,0,1,2,49,0,1,4,100,2,0,6,108
SL050,34073737138,122,0,2,3,117,0,1,3,239,3,0,6,248
SL050,34073737139,101,0,3,12,105,0,2,9,206,5,0,21,232
SL050,34073737140,328,16,21,261,342,13,22,185,670,43,29,446,1188
SL050,34073737141,73,0,0,1,86,0,0,0,159,0,0,1,160
SL050,34073737142,375,0,14,7,278,0,9,7,653,23,0,14,690
SL050,34073737143,208,0,1,1,214,0,4,1,422,5,0,2,429
SL050,34073737144,205,0,0,3,171,0,2,4,376,2,0,7,385
SL050,34073737145,134,0,1,5,125,2,5,8,259,6,2,13,280
SL050,34073737146,64,0,1,0,49,0,1,0,113,2,0,0,115
SL050,34073737147,101,1,4,2,77,1,0,1,178,4,2,3,187
SL050,34073737148,237,0,2,6,208,0,3,8,445,5,0,14,464
SL050,34073737149,37,0,0,0,27,0,0,0,64,0,0,0,64
SL050,34073737150,21,0,1,0,16,0,0,0,37,1,0,0,38
SL050,34073737151,79,0,0,0,75,0,0,0,154,0,0,0,154
SL050,34073737152,234,0,3,1,203,0,1,2,437,4,0,3,444
SL050,34073737154,85,0,0,0,60,0,0,0,145,0,0,0,145
SL050,34073737155,38,0,2,1,25,0,1,1,63,3,0,2,68
SL050,34073737156,2523,23,48,231,2531,22,66,216,5054,114,45,447,5660
SL050,34073737157,47,0,0,0,31,0,0,0,78,0,0,0,78
SL050,34073737158,147,0,2,0,110,0,4,1,257,6,0,1,264
SL050,34073737159,40,0,0,0,43,0,0,0,83,0,0,0,83
SL050,34073737160,326,1,3,7,322,0,5,5,648,8,1,12,669
SL050,34073737161,66,0,2,7,62,0,0,3,128,2,0,10,140
SL050,34073737162,115,0,1,0,106,0,0,0,221,1,0,0,222
SL050,34073737163,21,0,0,0,16,0,0,0,37,0,0,0,37
SL050,34073737164,162,0,2,3,121,0,5,6,283,7,0,9,299
SL050,34073737165,15,0,0,0,18,0,0,1,33,0,0,1,34
SL050,34073737166,103,0,9,4,100,0,7,1,203,16,0,5,224
SL050,34073737167,100,0,0,0,89,0,1,1,189,1,0,1,191
SL050,34073737168,236,1,7,18,199,3,2,20,435,9,4,38,486
SL050,34073737169,107,0,0,3,78,0,1,3,185,1,0,6,192
SL050,34073737170,773,4,3,46,763,2,7,38,1536,10,6,84,1636
SL050,34073737171,229,1,3,8,225,1,6,5,454,9,2,13,478
SL050,34073737172,491,0,18,17,413,0,16,8,904,34,0,25,963
SL050,34073737173,797,0,9,13,775,0,16,9,1572,25,0,22,1619
SL050,34073737174,561,0,2,0,517,0,2,3,1078,4,0,3,1085
SL050,34073737175,230,0,4,3,210,0,4,8,440,8,0,11,459
SL050,34073737176,76,0,1,0,61,0,2,0,137,3,0,0,140
SL050,34073737177,148,0,0,1,115,0,1,1,263,1,0,2,266
SL050,34073737178,56,0,0,0,42,0,0,2,98,0,0,2,100
SL050,34073737179,111,0,0,1,97,0,1,2,208,1,0,3,212
SL050,34073737180,38,0,1,0,32,0,1,0,70,2,0,0,72
SL050,34073737181,151,0,1,1,127,0,3,2,278,4,0,3,285
SL050,34073737182,47,0,0,3,29,0,1,4,76,1,0,7,84
SL050,34073737183,214,0,4,0,191,0,9,3,405,13,0,3,421
SL050,34073737184,143,0,2,0,143,0,1,0,286,3,0,0,289
SL050,34073737185,327,1,8,7,273,0,11,6,600,19,1,13,633
SL050,34073737186,55,0,2,0,45,0,1,0,100,3,0,0,103
SL050,34073737187,310,0,2,2,307,0,4,2,617,6,0,4,627
SL050,34073737188,105,0,0,1,66,0,1,3,171,1,0,4,176
SL050,34073737189,68,0,0,0,45,0,0,1,113,0,0,1,114
SL050,34073737190,102,0,1,0,100,0,5,0,202,6,0,0,208
SL050,34073737191,66,0,2,0,47,0,0,0,113,2,0,0,115
SL050,34073737192,216,0,6,2,194,0,6,2,410,12,0,4,426
SL050,34073737193,207,0,0,7,180,0,2,3,387,2,0,10,399
SL050,34073737194,129,1,2,10,119,1,3,10,248,5,2,20,275
SL050,34073737195,24,0,0,2,16,0,1,1,40,1,0,3,44
SL050,34073737196,33,0,3,2,32,0,0,0,65,3,0,2,70
SL050,34073737197,52,0,0,0,39,0,0,0,91,0,0,0,91
SL050,34073737198,101,0,4,1,116,0,2,2,217,6,0,3,226
SL050,34073737199,72,0,2,1,65,0,2,0,137,4,0,1,142
SL050,34073737200,119,0,4,2,94,0,2,0,213,6,0,2,221
SL050,34073737201,136,0,6,0,120,0,3,1,256,9,0,1,266
SL050,34073737202,674,0,16,6,580,0,24,23,1254,40,0,29,1323
SL050,34073737203,86,0,1,3,67,0,0,1,153,1,0,4,158
SL050,34073737204,135,0,8,0,115,0,5,0,250,13,0,0,263
SL050,34073737205,123,0,1,1,103,0,2,0,226,3,0,1,230
SL050,34073737206,48,2,2,3,43,0,1,1,91,3,2,4,100
SL050,34073737207,201,0,5,7,155,0,6,10,356,11,0,17,384
SL050,34073737208,46,0,0,0,26,0,2,0,72,2,0,0,74
SL050,34073737209,249,0,8,5,214,1,6,10,463,14,1,15,493
SL050,34073737211,126,0,0,3,100,0,1,1,226,1,0,4,231
SL050,34073737212,52,0,1,0,44,0,1,0,96,2,0,0,98
SL050,34073737213,53,0,1,1,43,0,0,0,96,1,0,1,98
SL050,34073737214,62,0,8,2,54,0,2,3,116,10,0,5,131
SL050,34073737215,89,0,1,1,63,0,1,3,152,2,0,4,158
SL050,34073737216,181,0,1,0,148,0,1,1,329,2,0,1,332
SL050,34073737217,27,0,0,0,33,0,0,0,60,0,0,0,60
SL050,34073737218,36,0,0,1,19,0,0,0,55,0,0,1,56
SL050,34073737219,87,0,2,1,86,0,0,1,173,2,0,2,177
SL050,34073737221,231,0,3,6,201,0,15,4,432,18,0,10,460
SL050,34073737222,52,0,0,0,38,0,0,0,90,0,0,0,90
SL050,34073737223,51,0,2,0,47,0,0,0,98,2,0,0,100
SL050,34073737224,108,0,0,0,99,0,0,0,207,0,0,0,207
SL050,34073737225,60,0,0,0,53,0,0,0,113,0,0,0,113
SL050,34073737226,76,0,0,2,78,0,1,4,154,1,0,6,161
SL050,34073737228,187,0,1,1,160,0,4,1,347,5,0,2,354
SL050,34073737229,90,0,0,0,65,0,1,1,155,1,0,1,157
SL050,34073737230,121,1,3,2,115,0,3,4,236,6,1,6,249
SL050,34073737231,136,0,2,0,118,0,2,1,254,4,0,1,259
SL050,34073737232,238,0,0,1,167,0,0,0,405,0,0,1,406
SL050,34073737233,33,0,0,0,23,0,0,0,56,0,0,0,56
SL050,34073737234,154,0,8,2,156,0,13,2,310,21,0,4,335
SL050,34073737235,124,0,1,0,113,0,0,0,237,1,0,0,238
SL050,34073737236,79,2,0,1,59,0,0,1,138,0,2,2,142
SL050,34073737237,186,1,1,13,138,2,2,17,324,3,3,30,360
SL050,34073737238,62,0,3,1,54,0,4,2,116,7,0,3,126
SL050,34073737239,111,0,0,0,104,0,1,0,215,1,0,0,216
SL050,34073737240,623,0,16,21,529,1,18,24,1152,34,1,45,1232
SL050,34073737241,103,0,0,0,67,0,2,0,170,2,0,0,172
SL050,34073737242,50,0,1,0,33,0,1,0,83,2,0,0,85
SL050,34073737243,47,0,0,1,51,0,0,1,98,0,0,2,100
SL050,34073737244,66,0,3,1,71,0,2,3,137,5,0,4,146
SL050,34073737245,155,0,24,3,163,0,17,2,318,41,0,5,364
SL050,34073737246,2984,13,32,67,3048,15,54,95,6032,86,28,162,6308
SL050,34073737247,97,0,1,0,82,0,2,0,179,3,0,0,182
SL050,34073737248,82,0,1,0,70,0,2,2,152,3,0,2,157
SL050,34073737249,24,0,1,0,12,0,2,0,36,3,0,0,39
SL050,34073737250,179,0,1,1,156,0,2,2,335,3,0,3,341
SL050,34073737251,58,0,0,0,62,0,1,1,120,1,0,1,122
SL050,34073737252,62,0,1,1,47,0,1,1,109,2,0,2,113
SL050,34073737253,82,0,0,2,70,0,3,2,152,3,0,4,159
SL050,34073737254,99,0,5,1,78,0,5,0,177,10,0,1,188
SL050,34073737255,27,0,1,2,16,0,0,1,43,1,0,3,47
SL050,34073737256,122,0,1,4,90,0,2,4,212,3,0,8,223
SL050,34073737257,25,0,0,0,19,0,2,0,44,2,0,0,46
SL050,34073737258,73,0,7,14,62,0,14,7,135,21,0,21,177
SL050,34073737259,23,0,0,0,15,0,0,0,38,0,0,0,38
SL050,34073737260,77,0,0,0,70,0,2,0,147,2,0,0,149
SL050,34073737261,126,0,0,1,96,0,2,2,222,2,0,3,227
SL050,34073737262,44,0,0,0,34,0,0,1,78,0,0,1,79
SL050,34073737263,177,0,1,3,184,0,2,3,361,3,0,6,370
SL050,34073737264,29,0,0,0,29,0,1,0,58,1,0,0,59
SL050,34073737265,116,0,1,0,101,0,3,2,217,4,0,2,223
SL050,34073737266,45,0,0,1,32,0,1,0,77,1,0,1,79
SL050,34073737267,108,0,2,0,86,0,2,0,194,4,0,0,198
SL050,34073737268,65,0,1,0,50,0,0,1,115,1,0,1,117
SL050,34073737269,244,2,18,4,204,1,20,6,448,38,3,10,499
SL050,34073737270,97,0,0,3,92,0,3,1,189,3,0,4,196
SL050,34073737271,201,0,2,4,163,0,3,3,364,5,0,7,376
SL050,34073737272,81,0,0,0,64,0,1,1,145,1,0,1,147
SL050,34073737273,55,0,0,1,42,0,0,1,97,0,0,2,99
SL050,34073737274,59943,206,2263,2866,71861,206,3135,3498,131804,5398,412,6364,143978
SL050,34073737275,60,0,0,0,48,0,1,0,108,1,0,0,109
SL050,34073737276,81,0,1,1,53,0,1,0,134,2,0,1,137
SL050,34073737277,35,0,0,1,38,0,0,1,73,0,0,2,75
SL050,34073737278,497,0,22,19,437,2,14,24,934,36,2,43,1015
SL050,34073737279,427,1,9,11,355,0,14,9,782,23,1,20,826
SL050,34073737280,44,0,0,0,40,0,0,0,84,0,0,0,84
SL050,34073737281,23,0,0,0,16,0,0,0,39,0,0,0,39
SL050,34073737282,116,0,1,2,98,0,2,3,214,3,0,5,222
SL050,34073737283,76,0,0,0,49,0,0,0,125,0,0,0,125
SL050,34073737284,186,1,4,4,140,1,6,5,326,10,2,9,347
SL050,34073737285,206,0,4,4,187,0,3,9,393,7,0,13,413
SL050,34073737286,114,0,2,2,97,0,3,1,211,5,0,3,219
SL050,34073737287,174,0,6,0,160,1,5,1,334,11,1,1,347
SL050,34073737288,179,2,2,4,140,1,4,5,319,6,3,9,337
SL050,34073737289,118,0,1,3,111,0,3,3,229,4,0,6,239
SL050,34073737290,78,0,2,0,63,0,1,1,141,3,0,1,145
SL050,34073737291,162,0,0,4,132,0,1,2,294,1,0,6,301
SL050,34073737292,49,0,0,0,39,0,1,0,88,1,0,0,89
SL050,34073737293,57,0,2,0,52,0,2,1,109,4,0,1,114
SL050,34073737294,6811,33,204,201,6878,19,307,279,13689,511,52,480,14732
SL050,34073737296,166,0,3,1,147,0,4,3,313,7,0,4,324
SL050,34073737297,223,1,1,9,218,1,5,9,441,6,2,18,467
SL050,34073737298,98,0,3,1,80,0,3,1,178,6,0,2,186
SL050,34073737299,126,0,1,2,110,0,4,1,236,5,0,3,244
SL050,34073737300,313,0,0,2,287,0,3,9,600,3,0,11,614
SL050,34073737301,51,0,1,0,38,0,1,0,89,2,0,0,91
SL050,34073737302,141,0,1,3,132,1,1,4,273,2,1,7,283
SL050,34073737303,103,0,2,1,85,0,2,0,188,4,0,1,193
SL050,34073737304,99,0,0,2,74,1,1,1,173,1,1,3,178
SL050,34073737305,115,0,1,0,114,0,5,4,229,6,0,4,239
SL050,34073737306,141,0,3,2,120,0,2,2,261,5,0,4,270
SL050,34073737307,80,0,0,0,72,0,2,0,152,2,0,0,154
SL050,34073737309,20,0,0,0,24,0,0,0,44,0,0,0,44
SL050,34073737310,90,0,1,0,95,0,1,0,185,2,0,0,187
SL050,34073737311,116,0,1,0,114,0,1,0,230,2,0,0,232
SL050,34073737312,139,0,0,3,128,0,3,0,267,3,0,3,273
SL050,34073737313,305,0,2,0,264,0,9,0,569,11,0,0,580
SL050,34073737314,57,2,0,3,39,2,1,3,96,1,4,6,107
SL050,34073737315,48,0,1,0,39,0,0,0,87,1,0,0,88
SL050,34073737316,397,2,5,4,386,1,3,6,783,8,3,10,804
SL050,34073737317,170,0,0,0,146,0,1,0,316,1,0,0,317
SL050,34073737318,120,0,1,2,88,0,1,0,208,2,0,2,212
SL050,34073737319,53,0,2,1,45,0,2,1,98,4,0,2,104
SL050,34073737320,45,1,3,1,39,0,1,0,84,4,1,1,90
SL050,34073737321,74,0,0,0,75,0,2,0,149,2,0,0,151
SL050,34073737322,1355,7,88,87,1355,5,85,69,2710,173,12,156,3051
SL050,34073737323,280,1,3,3,238,0,3,2,518,6,1,5,530
SL050,34073737324,194,0,2,0,163,0,3,0,357,5,0,0,362
SL050,34073737325,55,0,0,0,40,0,3,0,95,3,0,0,98
SL050,34073737327,96,0,0,0,94,0,1,0,190,1,0,0,191
SL050,34073737328,92,0,0,6,92,0,1,9,184,1,0,15,200
SL050,34073737329,23,0,0,0,19,0,1,0,42,1,0,0,43
SL050,34073737330,176,0,3,0,170,0,2,0,346,5,0,0,351
SL050,34073737331,114,0,0,1,87,0,0,1,201,0,0,2,203
SL050,34073737332,43,0,0,0,35,0,0,1,78,0,0,1,79
SL050,34073737333,126,0,1,0,87,0,0,0,213,1,0,0,214
SL050,34073737334,36,0,1,0,36,0,0,0,72,1,0,0,73
SL050,34073737335,190,0,7,2,197,0,7,4,387,14,0,6,407
SL050,34073737336,41,0,0,0,24,0,0,0,65,0,0,0,65
SL050,34073737337,74,0,0,0,78,0,0,0,152,0,0,0,152
SL050,34073737338,45,0,4,1,44,0,3,3,89,7,0,4,100
SL050,34073737339,179,0,2,3,142,0,3,1,321,5,0,4,330
SL050,34073737340,83,0,0,0,66,0,0,0,149,0,0,0,149
SL050,34073737341,25,0,0,18,25,1,0,5,50,0,1,23,74
SL050,34073737342,141,1,5,3,129,0,6,3,270,11,1,6,288
SL050,34073737343,34,0,1,0,40,0,1,0,74,2,0,0,76
SL050,34073737344,128,0,2,3,122,0,5,4,250,7,0,7,264
SL050,34073737345,87,0,1,3,71,1,1,4,158,2,1,7,168
SL050,34073737346,131,1,0,2,144,1,2,4,275,2,2,6,285
SL050,34073737347,291,2,5,4,232,1,9,10,523,14,3,14,554
SL050,34073737348,63,0,2,0,46,0,1,0,109,3,0,0,112
SL050,34073737349,54,0,0,2,58,0,0,2,112,0,0,4,116
SL050,34073737350,209,0,1,0,208,0,3,1,417,4,0,1,422
SL050,34073737351,145,0,0,0,134,0,3,0,279,3,0,0,282
SL050,34073737352,117,0,0,3,84,1,0,1,201,0,1,4,206
SL050,34073737353,75,0,0,0,56,0,1,1,131,1,0,1,133
SL050,34073737354,3434,8,101,62,3348,5,140,109,6782,241,13,171,7207
SL050,34073737355,74,0,3,3,71,1,1,6,145,4,1,9,159
SL050,34073737356,42,0,5,2,40,0,3,3,82,8,0,5,95
SL050,34073737357,136,0,3,3,131,0,6,0,267,9,0,3,279
SL050,34073737358,98,0,0,29,74,0,0,0,172,0,0,29,201
SL050,34073737359,90,0,2,2,79,0,4,2,169,6,0,4,179
SL050,34073737360,113,0,1,1,110,0,2,2,223,3,0,3,229
SL050,34073737361,50,0,0,0,38,0,1,0,88,1,0,0,89
SL050,34073737362,2945,8,86,95,2978,6,96,102,5923,182,14,197,6316
SL050,34073737363,58,0,0,1,63,0,0,1,121,0,0,2,123
SL050,34073737364,408,0,6,3,375,0,10,3,783,16,0,6,805
SL050,34073737365,106,1,1,3,81,0,1,4,187,2,1,7,197
SL050,34073737366,28,0,0,0,15,0,0,0,43,0,0,0,43
SL050,34073737367,105,0,1,0,84,0,1,0,189,2,0,0,191
SL050,34073737368,7,0,0,1,15,0,0,0,22,0,0,1,23
SL050,34073737369,79,0,0,0,53,0,2,1,132,2,0,1,135
SL050,34073737370,182,0,2,2,136,0,2,0,318,4,0,2,324
SL050,34073737371,141,0,12,2,113,1,12,2,254,24,1,4,283
SL050,34073737372,82,0,0,0,60,0,2,1,142,2,0,1,145
SL050,34073737373,399,1,5,5,356,2,9,8,755,14,3,13,785
SL050,34073737374,663,1,10,13,647,4,7,13,1310,17,5,26,1358
SL050,34073737375,377,0,5,10,370,0,6,12,747,11,0,22,780
SL050,34073737376,1200,4,12,21,1260,3,10,28,2460,22,7,49,2538
SL050,34073737377,129,0,0,0,113,0,0,2,242,0,0,2,244
SL050,34073737378,56,0,1,0,41,0,0,0,97,1,0,0,98
SL050,34073737379,123,0,3,0,77,0,3,0,200,6,0,0,206
SL050,34073737380,30,0,2,1,25,0,0,1,55,2,0,2,59
SL050,34073737381,76,1,5,1,63,0,0,2,139,5,1,3,148
SL050,34073737382,83,0,0,0,75,0,2,0,158,2,0,0,160
SL050,34053838001,10655,817,2396,9976,10312,750,2411,9963,20967,4807,1567,19939,47280
SL050,34053838002,506,1,19,19,467,1,28,26,973,47,2,45,1067
SL050,34053838003,863,5,63,129,769,4,49,124,1632,112,9,253,2006
SL050,34053838004,2501,4,146,82,2553,10,177,89,5054,323,14,171,5562
SL050,34053838005,3256,18,181,637,3003,20,166,550,6259,347,38,1187,7831
SL050,34053838006,20360,1104,4958,14216,19702,1070,4868,13170,40062,9826,2174,27386,79448
SL050,34053838007,800,1,109,31,764,0,110,40,1564,219,1,71,1855
SL050,34053838008,3071,7,254,167,3112,5,308,230,6183,562,12,397,7154
SL050,34053838009,2366,6,203,215,2206,11,249,242,4572,452,17,457,5498
SL050,34053838010,2179,2,132,92,2098,1,143,108,4277,275,3,200,4755
SL050,34053838011,11479,31,1070,846,11974,34,1268,939,23453,2338,65,1785,27641
SL050,34053838012,1313,0,82,49,1171,2,97,54,2484,179,2,103,2768
SL050,34053838013,1481,5,301,235,1396,7,339,254,2877,640,12,489,4018
SL050,34053838014,723,3,74,72,708,3,55,71,1431,129,6,143,1709
SL050,34053838015,2152,5,155,99,2149,3,150,106,4301,305,8,205,4819
SL050,34053838016,630,12,60,151,546,10,51,166,1176,111,22,317,1626
SL050,34053838017,15509,391,3224,5032,15341,374,3449,5054,30850,6673,765,10086,48374
SL050,34053838018,2406,12,148,81,2514,16,158,93,4920,306,28,174,5428
SL050,34053838019,7392,114,844,2135,7475,121,817,2093,14867,1661,235,4228,20991
SL050,34053838020,8700,19,610,463,8788,19,679,461,17488,1289,38,924,19739
SL050,34053838021,843,1,30,53,770,1,45,62,1613,75,2,115,1805
SL050,34053838022,9763,20,813,602,9995,20,864,672,19758,1677,40,1274,22749
SL050,34053838023,65776,159,5619,3807,69331,131,6429,4297,135107,12048,290,8104,155549
SL050,34053838024,7834,29,936,970,8203,42,1139,1018,16037,2075,71,1988,20171
SL050,34053838025,4154,12,156,185,4031,13,183,222,8185,339,25,407,8956
SL050,34053838026,18870,36,945,661,19223,41,1227,830,38093,2172,77,1491,41833
SL050,34053838027,3060,10,228,449,3026,11,284,475,6086,512,21,924,7543
SL050,34053838028,11350,89,1088,2375,11665,95,1302,2519,23015,2390,184,4894,30483
SL050,34053838029,724,11,92,228,679,10,98,231,1403,190,21,459,2073
SL050,34053838030,1020,0,120,94,1031,2,115,111,2051,235,2,205,2493
SL050,34053838031,16144,32,996,696,16487,42,1129,879,32631,2125,74,1575,36405
SL050,34053838032,7685,24,626,437,7368,25,658,529,15053,1284,49,966,17352
SL050,34053838033,1846,0,148,71,1808,1,157,81,3654,305,1,152,4112
SL050,34053838034,2202,1,130,47,2234,1,127,57,4436,257,2,104,4799
SL050,34053838035,5674,261,854,3106,5437,229,970,3141,11111,1824,490,6247,19672
SL050,34053838036,3780,17,288,396,3698,11,318,437,7478,606,28,833,8945
SL050,34053838037,6525,14,676,373,6874,11,787,414,13399,1463,25,787,15674
SL050,34053838038,83930,286,8360,5265,90648,259,10462,5646,174578,18822,545,10911,204856
SL050,34053838039,6080,26,592,525,5947,26,666,583,12027,1258,52,1108,14445
SL050,34053838040,2895,81,383,1988,2826,72,406,2104,5721,789,153,4092,10755
SL050,34053838041,3940,14,171,282,4020,15,202,303,7960,373,29,585,8947
SL050,34053838042,2058,4,121,191,2094,6,100,183,4152,221,10,374,4757
SL050,34053838043,11066,12,427,403,11052,17,568,416,22118,995,29,819,23961
SL050,34053838044,1115,7,111,60,1182,1,125,69,2297,236,8,129,2670
SL050,34053838045,2013,2,82,253,1876,9,106,259,3889,188,11,512,4600
SL050,34053838046,5147,8,253,123,5261,1,304,106,10408,557,9,229,11203
SL050,34053838047,975,16,61,246,903,17,70,276,1878,131,33,522,2564
SL050,34053838048,2085,4,254,157,1955,8,310,182,4040,564,12,339,4955
SL050,34053838049,1445,23,153,635,1318,23,181,706,2763,334,46,1341,4484
SL050,34053838050,1277,5,59,130,1204,1,59,94,2481,118,6,224,2829
SL050,34053838051,4191,5,198,146,4127,7,214,152,8318,412,12,298,9040
SL050,34053838052,716,12,39,84,659,7,45,83,1375,84,19,167,1645
SL050,34053838053,2047,8,189,164,1938,6,221,218,3985,410,14,382,4791
SL050,34053838901,710,2,159,92,628,1,140,93,1338,299,3,185,1825
SL050,34063939001,1188,0,21,24,1106,1,31,37,2294,52,1,61,2408
SL050,34063939002,2042,5,33,59,1952,7,59,62,3994,92,12,121,4219
SL050,34063939003,148,0,1,0,130,0,0,0,278,1,0,0,279
SL050,34063939004,844,1,12,7,785,0,10,17,1629,22,1,24,1676
SL050,34063939005,837,5,23,20,786,2,21,29,1623,44,7,49,1723
SL050,34063939006,1013,2,25,34,946,0,46,42,1959,71,2,76,2108
SL050,34063939007,259,3,2,3,190,1,1,11,449,3,4,14,470
SL050,34063939008,8081,43,270,446,8406,34,317,511,16487,587,77,957,18108
SL050,34063939009,2005,7,69,97,1850,5,62,91,3855,131,12,188,4186
SL050,34063939010,334,0,7,2,322,1,6,8,656,13,1,10,680
SL050,34063939011,920,4,32,49,864,0,44,59,1784,76,4,108,1972
SL050,34063939012,3849,4,82,86,4093,4,119,112,7942,201,8,198,8349
SL050,34063939013,326,0,3,9,240,1,7,6,566,10,1,15,592
SL050,34063939014,531,0,5,10,438,0,9,6,969,14,0,16,999
SL050,34063939015,515,0,12,8,382,0,16,13,897,28,0,21,946
SL050,34063939016,13875,36,402,498,14282,33,568,569,28157,970,69,1067,30263
SL050,34063939017,344,1,5,10,290,3,1,14,634,6,4,24,668
SL050,34063939018,2735,14,71,81,2686,12,79,100,5421,150,26,181,5778
SL050,34063939019,1363,6,28,46,1268,6,34,58,2631,62,12,104,2809
SL050,34063939020,14227,101,497,1018,14036,100,785,1213,28263,1282,201,2231,31977
SL050,34063939021,273,0,1,0,260,0,1,4,533,2,0,4,539
SL050,34063939022,580,12,32,71,518,6,35,83,1098,67,18,154,1337
SL050,34063939023,3760,24,158,203,3886,15,195,212,7646,353,39,415,8453
SL050,34063939024,920,5,49,47,1038,3,48,46,1958,97,8,93,2156
SL050,34063939025,4976,32,107,216,5248,21,95,215,10224,202,53,431,10910
SL050,34063939026,1002,3,9,24,949,1,22,31,1951,31,4,55,2041
SL050,34063939027,1870,3,14,38,1742,6,26,51,3612,40,9,89,3750
SL050,34063939028,2402,6,75,88,2319,1,97,102,4721,172,7,190,5090
SL050,34063939029,367,4,5,23,329,0,12,31,696,17,4,54,771
SL050,34063939030,1138,1,33,32,1070,1,32,40,2208,65,2,72,2347
SL050,34063939031,726,2,18,27,718,1,24,25,1444,42,3,52,1541
SL050,34063939032,884,0,6,9,711,0,9,8,1595,15,0,17,1627
SL050,34063939033,337,0,3,4,245,1,10,9,582,13,1,13,609
SL050,34063939034,180,0,1,1,102,0,2,1,282,3,0,2,287
SL050,34063939035,4894,16,202,189,5327,14,263,243,10221,465,30,432,11148
SL050,34063939036,590,1,9,13,551,1,18,11,1141,27,2,24,1194
SL050,34063939037,1108,2,30,29,1104,6,41,50,2212,71,8,79,2370
SL050,34063939038,871,2,27,32,872,5,31,27,1743,58,7,59,1867
SL050,34063939039,319,0,5,5,262,1,7,2,581,12,1,7,601
SL050,34063939040,2442,3,50,55,2406,2,81,79,4848,131,5,134,5118
SL050,34063939041,1056,0,18,12,1002,0,15,17,2058,33,0,29,2120
SL050,34063939042,3397,4,99,132,3552,11,149,176,6949,248,15,308,7520
SL050,34063939043,909,2,31,53,893,5,34,55,1802,65,7,108,1982
SL050,34063939044,2241,5,47,87,2161,4,82,86,4402,129,9,173,4713
SL050,34063939045,192,2,2,5,180,0,5,3,372,7,2,8,389
SL050,34063939046,742,0,13,19,734,0,14,22,1476,27,0,41,1544
SL050,34063939047,1123,7,51,87,1109,9,62,91,2232,113,16,178,2539
SL050,34063939048,1036,1,18,13,987,1,34,18,2023,52,2,31,2108
SL050,34063939049,168,0,3,5,135,0,8,2,303,11,0,7,321
SL050,34063939050,159,0,5,1,113,0,5,2,272,10,0,3,285
SL050,34063939051,43,0,0,0,25,0,0,0,68,0,0,0,68
SL050,34063939052,11643,56,345,440,11687,40,440,572,23330,785,96,1012,25223
SL050,34063939053,147,0,3,1,85,0,1,1,232,4,0,2,238
SL050,34063939054,2748,4,68,71,2781,7,74,92,5529,142,11,163,5845
SL050,34063939055,556,5,39,53,594,2,43,58,1150,82,7,111,1350
SL050,34063939056,1402,0,15,43,1357,0,19,32,2759,34,0,75,2868
SL050,34063939057,1358,6,32,50,1327,1,49,58,2685,81,7,108,2881
SL050,34063939058,466,0,14,13,436,0,13,10,902,27,0,23,952
SL050,34063939059,4049,18,65,134,4525,18,95,191,8574,160,36,325,9095
SL050,34063939060,3978,3,74,69,4081,2,93,81,8059,167,5,150,8381
SL050,34063939061,2050,9,58,126,1950,6,107,141,4000,165,15,267,4447
SL050,34063939062,1104,2,27,37,1012,1,23,51,2116,50,3,88,2257
SL050,34063939063,570,0,6,8,434,0,5,15,1004,11,0,23,1038
SL050,34063939064,728,1,17,21,790,1,28,23,1518,45,2,44,1609
SL050,34063939065,151,0,3,0,112,0,1,1,263,4,0,1,268
SL050,34063939066,527,0,16,9,447,0,14,13,974,30,0,22,1026
SL050,34063939067,463,0,4,6,384,0,5,10,847,9,0,16,872
SL050,34063939068,351,4,9,9,322,2,19,16,673,28,6,25,732
SL050,34063939069,1160,2,11,25,1152,3,15,19,2312,26,5,44,2387
SL050,34063939070,76,0,0,0,70,0,0,1,146,0,0,1,147
SL050,34063939071,256,0,2,2,203,0,1,2,459,3,0,4,466
SL050,34063939072,213,0,4,3,148,0,0,2,361,4,0,5,370
SL050,34063939073,6007,16,164,196,6073,20,238,250,12080,402,36,446,12964
SL050,34063939074,4183,15,89,267,4174,14,107,211,8357,196,29,478,9060
SL050,34063939075,69646,516,3607,5602,81027,501,5082,6063,150673,8689,1017,11665,172044
SL050,34063939076,1965,3,36,47,2039,3,38,41,4004,74,6,88,4172
SL050,34063939077,149,0,0,2,102,0,0,4,251,0,0,6,257
SL050,34063939078,822,0,14,9,752,0,17,9,1574,31,0,18,1623
SL050,34063939079,4864,18,239,267,5142,15,265,240,10006,504,33,507,11050
SL050,34063939080,1955,1,52,54,1937,5,101,53,3892,153,6,107,4158
SL050,34063939081,262,0,2,3,234,0,5,6,496,7,0,9,512
SL050,34063939082,929,0,9,9,916,0,7,21,1845,16,0,30,1891
SL050,34063939083,654,0,4,4,518,0,7,6,1172,11,0,10,1193
SL050,34063939084,513,0,21,23,462,0,16,15,975,37,0,38,1050
SL050,34063939085,4024,16,130,124,4100,14,140,168,8124,270,30,292,8716
SL050,34063939086,223,1,4,5,158,2,2,5,381,6,3,10,400
SL050,34063939087,21943,180,781,1437,24759,169,1062,1356,46702,1843,349,2793,51687
SL050,34063939088,41,0,1,2,20,0,0,0,61,1,0,2,64
SL050,34063939089,97,0,0,1,41,0,1,0,138,1,0,1,140
SL050,34063939090,462,0,5,6,441,0,7,4,903,12,0,10,925
SL050,34063939091,1107,5,8,17,1022,0,13,19,2129,21,5,36,2191
SL050,34063939092,500,0,6,6,436,0,8,11,936,14,0,17,967
SL050,34063939093,174,0,1,6,125,1,3,6,299,4,1,12,316
SL050,34063939094,508,2,6,33,391,3,6,25,899,12,5,58,974
SL050,34063939095,1357,2,40,42,1228,1,59,43,2585,99,3,85,2772
SL050,34063939096,377,1,5,6,341,0,8,7,718,13,1,13,745
SL050,34063939097,398,0,4,4,362,1,4,2,760,8,1,6,775
SL050,34063939098,814,0,18,8,735,0,19,10,1549,37,0,18,1604
SL050,34063939099,1878,1,31,31,1872,1,60,38,3750,91,2,69,3912
SL050,34063939100,505,3,6,18,473,0,7,17,978,13,3,35,1029
SL050,34063939101,148,0,1,6,123,0,0,8,271,1,0,14,286
SL050,34063939102,1366,10,33,55,1179,4,35,63,2545,68,14,118,2745
SL050,34074040001,405,0,4,11,405,0,8,12,810,12,0,23,845
SL050,34074040002,22,0,0,1,20,0,0,1,42,0,0,2,44
SL050,34074040003,74,0,0,4,59,0,0,2,133,0,0,6,139
SL050,34074040004,240,4,10,33,257,8,3,32,497,13,12,65,587
SL050,34074040005,18,0,0,0,9,0,0,0,27,0,0,0,27
SL050,34074040006,13,0,0,0,9,0,0,0,22,0,0,0,22
SL050,34074040007,46,1,1,0,26,0,1,1,72,2,1,1,76
SL050,34074040008,28,0,0,2,25,0,0,1,53,0,0,3,56
SL050,34074040009,32,0,0,2,14,0,0,0,46,0,0,2,48
SL050,34074040010,63,0,0,1,58,1,0,0,121,0,1,1,123
SL050,34074040012,152,0,0,7,129,0,4,9,281,4,0,16,301
SL050,34074040013,33,0,0,0,24,0,0,0,57,0,0,0,57
SL050,34074040014,32,0,0,1,22,0,1,1,54,1,0,2,57
SL050,34074040015,13,0,0,1,10,0,0,1,23,0,0,2,25
SL050,34074040016,27,0,0,1,27,0,0,0,54,0,0,1,55
SL050,34074040017,41,4,0,15,50,4,5,12,91,5,8,27,131
SL050,34074040018,45,0,0,0,32,0,0,2,77,0,0,2,79
SL050,34074040019,23,0,0,0,5,0,2,2,28,2,0,2,32
SL050,34074040020,77,1,0,5,78,1,5,8,155,5,2,13,175
SL050,34074040021,12,0,0,0,9,0,0,0,21,0,0,0,21
SL050,34074040022,123,0,1,7,93,0,1,4,216,2,0,11,229
SL050,34074040024,512,17,17,77,476,25,15,64,988,32,42,141,1203
SL050,34074040025,77,1,1,12,65,2,4,7,142,5,3,19,169
SL050,34074040026,59,0,1,2,78,1,5,3,137,6,1,5,149
SL050,34074040028,55,0,2,3,46,0,0,5,101,2,0,8,111
SL050,34074040029,13,0,0,0,12,0,0,0,25,0,0,0,25
SL050,34074040030,258,0,6,7,204,2,7,10,462,13,2,17,494
SL050,34074040031,361,3,11,31,315,4,10,25,676,21,7,56,760
SL050,34074040032,223,22,20,104,213,18,19,97,436,39,40,201,716
SL050,34074040033,43,1,0,4,31,0,2,5,74,2,1,9,86
SL050,34074040034,44,0,3,0,36,0,1,1,80,4,0,1,85
SL050,34074040035,91,0,1,8,78,0,1,7,169,2,0,15,186
SL050,34074040036,282,12,11,40,270,7,13,36,552,24,19,76,671
SL050,34074040037,16,0,0,0,13,0,1,0,29,1,0,0,30
SL050,34074040039,116,4,2,15,96,5,1,19,212,3,9,34,258
SL050,34074040040,1415,64,68,212,1421,51,82,230,2836,150,115,442,3543
SL050,34074040041,584,18,16,77,539,14,17,56,1123,33,32,133,1321
SL050,34074040043,1070,28,15,196,1013,29,22,156,2083,37,57,352,2529
SL050,34074040044,76,0,2,0,64,0,1,4,140,3,0,4,147
SL050,34074040045,66,1,9,9,54,3,5,10,120,14,4,19,157
SL050,34074040046,53,2,0,17,35,2,3,18,88,3,4,35,130
SL050,34074040047,19,0,0,0,10,0,0,0,29,0,0,0,29
SL050,34074040048,19,0,0,0,16,0,1,0,35,1,0,0,36
SL050,34074040049,28,0,0,0,22,0,0,0,50,0,0,0,50
SL050,34074040051,21,0,1,4,15,0,2,2,36,3,0,6,45
SL050,34074040052,45,1,0,5,31,4,2,7,76,2,5,12,95
SL050,34074040053,48,3,0,11,42,2,0,11,90,0,5,22,117
SL050,34074040054,70,0,0,8,45,0,3,12,115,3,0,20,138
SL050,34074040055,22,0,0,0,13,0,0,0,35,0,0,0,35
SL050,34074040056,17,0,0,0,16,0,0,1,33,0,0,1,34
SL050,34074040057,818,5,10,59,797,7,17,61,1615,27,12,120,1774
SL050,34074040058,167,0,0,0,165,0,1,1,332,1,0,1,334
SL050,34074040059,57,0,0,3,61,0,0,2,118,0,0,5,123
SL050,34074040060,44,3,0,6,35,3,0,4,79,0,6,10,95
SL050,34074040061,42,1,1,3,26,0,1,4,68,2,1,7,78
SL050,34074040062,41,1,1,4,24,0,0,6,65,1,1,10,77
SL050,34074040063,4051,110,63,614,3973,83,85,605,8024,148,193,1219,9584
SL050,34074040065,289,3,2,86,228,8,7,131,517,9,11,217,754
SL050,34074040068,17,0,0,0,10,0,0,0,27,0,0,0,27
SL050,34074040069,49,0,0,2,38,0,1,1,87,1,0,3,91
SL050,34074040070,94,1,3,8,59,2,5,6,153,8,3,14,178
SL050,34074040071,21,0,1,0,19,0,1,1,40,2,0,1,43
SL050,34074040072,139,1,5,3,117,0,5,3,256,10,1,6,273
SL050,34074040073,232,4,0,27,203,2,3,30,435,3,6,57,501
SL050,34074040074,154,1,0,9,126,1,1,8,280,1,2,17,300
SL050,34074040075,91,0,0,1,76,0,2,3,167,2,0,4,173
SL050,34074040076,3966,69,166,401,3749,87,184,439,7715,350,156,840,9061
SL050,34074040077,603,9,27,50,526,2,30,54,1129,57,11,104,1301
SL050,34074040078,89,0,1,3,67,1,0,5,156,1,1,8,166
SL050,34074040079,134,2,2,6,103,4,3,8,237,5,6,14,262
SL050,34074040080,32,3,0,4,23,2,0,7,55,0,5,11,71
SL050,34074040081,62,0,0,0,54,0,0,0,116,0,0,0,116
SL050,34074040082,62,1,1,1,51,0,1,2,113,2,1,3,119
SL050,34074040083,47,2,0,29,29,1,0,64,76,0,3,93,172
SL050,34074040084,35,0,0,0,25,0,0,0,60,0,0,0,60
SL050,34074040086,408,5,7,29,362,8,5,28,770,12,13,57,852
SL050,34074040087,48,0,3,2,39,0,1,3,87,4,0,5,96
SL050,34074040088,145,9,9,13,136,4,15,12,281,24,13,25,343
SL050,34074040089,125,0,1,2,105,0,4,4,230,5,0,6,241
SL050,34074040091,56,0,0,1,43,0,2,1,99,2,0,2,103
SL050,34074040092,65,0,0,17,53,0,0,7,118,0,0,24,142
SL050,34074040093,46,1,1,4,37,0,1,4,83,2,1,8,94
SL050,34074040094,216,0,3,14,197,1,8,11,413,11,1,25,450
SL050,34074040095,261,6,9,86,253,8,3,62,514,12,14,148,688
SL050,34074040097,84,5,5,33,60,9,2,25,144,7,14,58,223
SL050,34074040099,31,0,0,3,23,0,0,1,54,0,0,4,58
SL050,34074040100,161,1,0,7,131,0,3,5,292,3,1,12,308
SL050,34074040101,656,4,27,46,583,8,20,60,1239,47,12,106,1404
SL050,34074040103,101,0,2,0,71,0,2,3,172,4,0,3,179
SL050,34074040104,171,2,8,11,133,3,10,23,304,18,5,34,361
SL050,34074040105,23,0,0,0,19,0,0,1,42,0,0,1,43
SL050,34074040106,97,1,1,4,97,1,5,2,194,6,2,6,208
SL050,34074040107,57,1,0,8,39,0,1,10,96,1,1,18,116
SL050,34074040108,65,0,0,0,46,0,0,0,111,0,0,0,111
SL050,34074040109,43,3,0,4,31,0,0,1,74,0,3,5,82
SL050,34074040110,172,1,4,7,164,1,1,5,336,5,2,12,355
SL050,34074040111,29,1,0,5,27,1,0,4,56,0,2,9,67
SL050,34074040112,1717,19,38,137,1623,24,59,156,3340,97,43,293,3773
SL050,34074040113,275,1,7,10,208,2,8,12,483,15,3,22,523
SL050,34074040115,52,0,1,3,37,0,1,3,89,2,0,6,97
SL050,34074040118,30,0,0,0,23,0,0,0,53,0,0,0,53
SL050,34074040119,116,2,3,12,83,0,0,9,199,3,2,21,225
SL050,34074040120,113,0,1,1,100,0,1,6,213,2,0,7,222
SL050,34074040121,139,1,2,7,129,1,3,6,268,5,2,13,288
SL050,34074040122,299,2,11,22,247,2,13,21,546,24,4,43,617
SL050,34074040123,83,0,1,13,68,0,0,13,151,1,0,26,178
SL050,34074040124,135,0,0,4,120,0,0,5,255,0,0,9,264
SL050,34074040125,50,1,0,2,32,0,1,3,82,1,1,5,89
SL050,34074040126,39,0,1,0,36,0,1,0,75,2,0,0,77
SL050,34074040127,16,0,0,0,13,0,0,0,29,0,0,0,29
SL050,34074040128,71,0,2,2,58,0,2,2,129,4,0,4,137
SL050,34074040129,99,0,1,0,80,0,1,4,179,2,0,4,185
SL050,34074040130,85,0,1,2,56,2,0,2,141,1,2,4,148
SL050,34074040131,32,0,0,3,24,0,0,2,56,0,0,5,61
SL050,34074040132,31,0,0,0,23,0,0,0,54,0,0,0,54
SL050,34074040134,398,1,4,85,357,3,6,50,755,10,4,135,904
SL050,34074040135,156,0,1,9,133,0,2,5,289,3,0,14,306
SL050,34074040136,62,2,1,10,61,3,1,14,123,2,5,24,154
SL050,34074040138,1224,18,44,128,1173,19,49,135,2397,93,37,263,2790
SL050,34074040139,155,0,0,1,123,0,1,11,278,1,0,12,291
SL050,34074040140,43,0,3,10,39,1,3,7,82,6,1,17,106
SL050,34074040141,493,7,6,47,441,5,3,60,934,9,12,107,1062
SL050,34074040142,27,0,0,0,26,0,0,0,53,0,0,0,53
SL050,34074040143,54,0,0,1,36,0,0,0,90,0,0,1,91
SL050,34074040144,13,0,0,3,5,1,0,3,18,0,1,6,25
SL050,34074040145,630,6,10,38,621,0,11,31,1251,21,6,69,1347
SL050,34074040146,139,2,5,20,120,5,13,18,259,18,7,38,322
SL050,34074040148,128,1,1,8,116,2,3,6,244,4,3,14,265
SL050,34074040149,288,1,2,7,248,1,1,13,536,3,2,20,561
SL050,34074040150,36,0,0,0,24,0,0,0,60,0,0,0,60
SL050,34074040151,22,1,3,3,21,1,1,2,43,4,2,5,54
SL050,34074040152,448,3,10,24,432,6,13,27,880,23,9,51,963
SL050,34074040154,8,0,0,0,4,0,0,0,12,0,0,0,12
SL050,34074040155,2555,18,54,111,2354,24,68,124,4909,122,42,235,5308
SL050,34074040156,187,3,2,12,131,0,8,16,318,10,3,28,359
SL050,34074040157,27,0,0,0,19,0,0,0,46,0,0,0,46
SL050,34074040158,12,0,0,0,3,0,0,0,15,0,0,0,15
SL050,34074040159,82,4,2,21,58,0,2,19,140,4,4,40,188
SL050,34074040160,54,0,0,1,45,0,0,0,99,0,0,1,100
SL050,34074040161,21,0,0,11,12,0,0,5,33,0,0,16,49
SL050,34074040162,231,10,7,27,190,7,16,32,421,23,17,59,520
SL050,34074040163,23,0,1,0,21,0,0,1,44,1,0,1,46
SL050,34074040164,101,0,1,1,87,0,1,11,188,2,0,12,202
SL050,34074040165,44,0,0,1,37,0,0,2,81,0,0,3,84
SL050,34074040166,148,0,0,12,139,0,0,6,287,0,0,18,305
SL050,34074040168,18,0,0,0,10,0,0,0,28,0,0,0,28
SL050,34074040170,790,59,41,230,681,48,38,212,1471,79,107,442,2099
SL050,34074040171,29,0,0,2,7,0,0,1,36,0,0,3,39
SL050,34074040172,25,0,0,0,11,0,1,1,36,1,0,1,38
SL050,34074040173,87,0,5,7,70,0,4,12,157,9,0,19,185
SL050,34074040174,182,1,1,12,161,0,7,8,343,8,1,20,372
SL050,34074040176,222,5,6,16,187,4,2,21,409,8,9,37,463
SL050,34074040177,78,0,0,3,65,0,0,2,143,0,0,5,148
SL050,34074040178,57,0,0,0,47,0,0,0,104,0,0,0,104
SL050,34074040179,348,12,9,81,372,10,13,85,720,22,22,166,930
SL050,34074040180,162,4,3,9,127,3,2,11,289,5,7,20,321
SL050,34074040181,2431,15,39,125,2448,19,60,130,4879,99,34,255,5267
SL050,34074040182,90,2,2,20,96,6,2,21,186,4,8,41,239
SL050,34074040183,66,0,1,1,62,2,1,2,128,2,2,3,135
SL050,34074040184,149,1,2,6,130,0,6,3,279,8,1,9,297
SL050,34074040185,486,8,8,45,400,4,3,45,886,11,12,90,999
SL050,34074040186,14,0,0,6,16,0,0,3,30,0,0,9,39
SL050,34074040188,59,0,0,3,27,0,1,4,86,1,0,7,94
SL050,34074040189,295,1,3,8,232,1,5,11,527,8,2,19,556
SL050,34074040190,33,1,1,0,24,0,0,2,57,1,1,2,61
SL050,34074040191,121,3,1,17,98,1,2,16,219,3,4,33,259
SL050,34074040192,85,0,0,1,68,0,0,0,153,0,0,1,154
SL050,34074040193,132,0,0,5,111,1,2,9,243,2,1,14,260
SL050,34074040194,20872,358,770,2207,23556,357,1081,2482,44428,1851,715,4689,51683
SL050,34074040195,469,8,17,56,439,5,28,43,908,45,13,99,1065
SL050,34074040196,21,1,0,1,10,1,0,0,31,0,2,1,34
SL050,34074040198,14,0,0,0,10,0,0,1,24,0,0,1,25
SL050,34074040199,59,0,0,1,51,0,0,2,110,0,0,3,113
SL050,34074040200,18,0,1,5,21,0,1,5,39,2,0,10,51
SL050,34074040201,23,0,0,1,24,0,1,1,47,1,0,2,50
SL050,34074040202,25,0,0,0,32,0,0,0,57,0,0,0,57
SL050,34074040203,589,17,20,65,545,9,18,60,1134,38,26,125,1323
SL050,34074040204,94,1,0,13,68,0,1,17,162,1,1,30,194
SL050,34074040205,131,0,1,7,112,0,2,7,243,3,0,14,260
SL050,34074040206,95,0,0,1,86,0,1,4,181,1,0,5,187
SL050,34074040207,517,0,16,11,490,0,10,8,1007,26,0,19,1052
SL050,34074040208,398,8,20,60,377,8,26,82,775,46,16,142,979
SL050,34074040210,66,0,0,0,40,0,1,0,106,1,0,0,107
SL050,34074040211,35,0,3,1,28,0,1,2,63,4,0,3,70
SL050,34074040212,15,0,0,0,15,0,0,0,30,0,0,0,30
SL050,34074040213,45,0,3,1,39,0,2,1,84,5,0,2,91
SL050,34074040214,117,3,1,15,96,1,0,8,213,1,4,23,241
SL050,34074040215,46,0,0,0,34,0,0,0,80,0,0,0,80
SL050,34074040216,508,6,10,42,453,7,23,47,961,33,13,89,1096
SL050,34074040218,55,1,0,0,38,0,0,0,93,0,1,0,94
SL050,34074040219,334,2,7,34,298,1,1,27,632,8,3,61,704
SL050,34074040220,33,0,1,3,33,0,2,1,66,3,0,4,73
SL050,34074040221,27,0,0,0,26,0,1,0,53,1,0,0,54
SL050,34074040222,91,3,3,30,77,2,4,20,168,7,5,50,230
SL050,34074040223,139,0,4,13,89,0,1,14,228,5,0,27,260
SL050,34074040224,12,0,0,0,7,0,1,0,19,1,0,0,20
SL050,34074040225,654,16,17,96,591,10,24,85,1245,41,26,181,1493
SL050,34074040228,295,5,7,20,261,0,10,23,556,17,5,43,621
SL050,34074040229,16,0,0,0,11,0,0,0,27,0,0,0,27
SL050,34074040230,59,0,2,4,41,0,1,4,100,3,0,8,111
SL050,34074040231,59,0,0,9,55,0,0,11,114,0,0,20,134
SL050,34074040233,240,2,7,14,212,3,8,19,452,15,5,33,505
SL050,34074040234,229,1,0,1,206,1,3,3,435,3,2,4,444
SL050,34074040901,295,0,1,12,246,2,7,5,541,8,2,17,568
SL050,34074040902,70,0,0,0,55,0,0,4,125,0,0,4,129
SL050,34074040903,59,4,0,7,27,1,1,7,86,1,5,14,106
SL050,34074040904,176,2,5,8,189,1,9,5,365,14,3,13,395
SL050,34074040905,75,0,0,0,59,0,1,0,134,1,0,0,135
SL050,34074040906,1363,19,35,102,1305,27,43,127,2668,78,46,229,3021
SL050,34014141001,949,4,4,49,951,4,11,54,1900,15,8,103,2026
SL050,34014141002,869,0,2,10,840,2,1,22,1709,3,2,32,1746
SL050,34014141003,1550,2,17,35,1519,2,26,42,3069,43,4,77,3193
SL050,34014141004,35950,46,679,708,36293,47,764,769,72243,1443,93,1477,75256
SL050,34014141005,5918,13,45,96,5658,5,81,111,11576,126,18,207,11927
SL050,34014141006,1673,2,5,10,1685,0,4,8,3358,9,2,18,3387
SL050,34014141007,7728,38,92,223,7831,41,96,252,15559,188,79,475,16301
SL050,34014141008,624,0,5,13,589,1,7,9,1213,12,1,22,1248
SL050,34014141009,700,1,4,11,649,0,5,9,1349,9,1,20,1379
SL050,34014141010,2872,1,68,58,2873,2,76,58,5745,144,3,116,6008
SL050,34014141011,9522,11,59,90,9707,18,57,101,19229,116,29,191,19565
SL050,34014141012,2101,10,29,117,2048,16,34,140,4149,63,26,257,4495
SL050,34014141013,3041,3,15,47,2902,6,15,63,5943,30,9,110,6092
SL050,34014141014,1572,0,6,16,1470,0,10,20,3042,16,0,36,3094
SL050,34014141015,3493,7,40,73,3450,4,39,71,6943,79,11,144,7177
SL050,34014141016,5056,16,80,184,4979,17,111,204,10035,191,33,388,10647
SL050,34014141017,10287,25,251,332,10346,23,312,388,20633,563,48,720,21964
SL050,34014141018,5699,45,162,372,5821,39,163,307,11520,325,84,679,12608
SL050,34014141019,3130,5,59,119,3082,10,91,122,6212,150,15,241,6618
SL050,34014141020,8068,10,43,72,8022,14,52,98,16090,95,24,170,16379
SL050,34014141021,12641,57,285,451,13099,42,368,520,25740,653,99,971,27463
SL050,34014141022,2553,6,21,52,2568,7,27,47,5121,48,13,99,5281
SL050,34014141023,4990,48,49,356,4821,43,59,295,9811,108,91,651,10661
SL050,34014141024,13870,31,148,330,13670,23,194,354,27540,342,54,684,28620
SL050,34014141025,1165,4,18,34,1226,2,20,31,2391,38,6,65,2500
SL050,34014141026,2658,5,34,124,2562,6,36,105,5220,70,11,229,5530
SL050,34014141027,2309,5,34,72,2297,1,32,60,4606,66,6,132,4810
SL050,34014141028,1405,0,29,21,1316,1,28,26,2721,57,1,47,2826
SL050,34014141029,7923,34,188,283,8263,24,291,344,16186,479,58,627,17350
SL050,34014141030,303,4,4,13,283,1,5,12,586,9,5,25,625
SL050,34014141031,719,2,7,13,661,1,14,22,1380,21,3,35,1439
SL050,34014141032,2309,3,14,34,2354,4,27,44,4663,41,7,78,4789
SL050,34014141033,2898,2,9,34,2961,2,10,38,5859,19,4,72,5954
SL050,34014141034,14377,52,357,518,14374,58,424,497,28751,781,110,1015,30657
SL050,34014141035,626,0,7,4,632,0,9,12,1258,16,0,16,1290
SL050,34014141036,2342,1,20,52,2338,4,17,33,4680,37,5,85,4807
SL050,34014141037,1968,4,14,26,1903,3,11,29,3871,25,7,55,3958
SL050,34014141038,63084,119,1117,1221,64627,102,1377,1521,127711,2494,221,2742,133168
SL050,34014141039,19148,41,170,303,19593,49,192,386,38741,362,90,689,39882
SL050,34014141040,7270,26,218,351,7227,19,259,313,14497,477,45,664,15683
SL050,34014141041,5935,25,70,208,5964,17,77,207,11899,147,42,415,12503
SL050,34014141042,3442,13,37,65,3477,7,28,70,6919,65,20,135,7139
SL050,34014141043,390,1,4,5,372,1,3,13,762,7,2,18,789
SL050,34014141044,4772,11,98,126,4769,9,126,143,9541,224,20,269,10054
SL050,34014141045,3650,4,74,63,3599,2,53,96,7249,127,6,159,7541
SL050,34014141046,1821,6,23,52,1813,7,16,52,3634,39,13,104,3790
SL050,34014141047,6328,4,164,129,6506,8,186,146,12834,350,12,275,13471
SL050,34014141048,1290,1,7,20,1305,2,5,16,2595,12,3,36,2646
SL050,34014141049,6060,26,81,232,5887,20,131,213,11947,212,46,445,12650
SL050,34014141050,3117,7,26,64,3172,7,25,67,6289,51,14,131,6485
SL050,34014141051,1464,2,14,28,1384,1,17,34,2848,31,3,62,2944
SL050,34014141052,1952,1,10,6,1839,0,12,14,3791,22,1,20,3834
SL050,34014141053,13359,18,110,208,13346,24,124,243,26705,234,42,451,27432
SL050,34014141054,415,0,6,14,399,0,6,20,814,12,0,34,860
SL050,34014141055,9107,16,64,164,9253,14,57,186,18360,121,30,350,18861
SL050,34014141056,2269,1,19,18,2216,2,12,35,4485,31,3,53,4572
SL050,34014141057,139,0,1,1,135,0,4,2,274,5,0,3,282
SL050,34014141058,11308,15,137,284,11269,26,159,275,22577,296,41,559,23473
SL050,34014141059,21093,48,631,576,22006,45,802,689,43099,1433,93,1265,45890
SL050,34014141060,9440,27,70,244,9401,34,113,251,18841,183,61,495,19580
SL050,34014141061,1322,0,3,15,1262,0,3,21,2584,6,0,36,2626
SL050,34014141062,1352,5,15,33,1267,2,9,37,2619,24,7,70,2720
SL050,34014141063,1711,0,21,27,1668,0,13,20,3379,34,0,47,3460
SL050,34014141064,3494,3,18,27,3467,6,22,44,6961,40,9,71,7081
SL050,34014141065,13441,10,108,169,13745,18,124,229,27186,232,28,398,27844
SL050,34014141066,775,2,2,3,788,0,4,7,1563,6,2,10,1581
SL050,34014141067,4525,6,41,138,4457,7,59,157,8982,100,13,295,9390
SL050,34014141068,8619,14,42,105,8613,9,56,164,17232,98,23,269,17622
SL050,34014141069,18851,20,128,221,18605,22,162,237,37456,290,42,458,38246
SL050,34014141070,4133,6,90,82,4029,5,125,82,8162,215,11,164,8552
SL050,34014141071,3380,4,19,43,3386,8,32,52,6766,51,12,95,6924
SL050,34014141072,2443,15,21,100,2473,17,28,108,4916,49,32,208,5205
SL050,34014141073,990,1,3,12,1001,1,11,18,1991,14,2,30,2037
SL050,34014141074,1817,0,10,17,1789,1,16,19,3606,26,1,36,3669
SL050,34014141075,6436,50,79,456,6343,50,89,446,12779,168,100,902,13949
SL050,34014141076,1301,0,11,48,1245,0,10,43,2546,21,0,91,2658
SL050,34014141077,5326,12,36,118,5382,11,42,106,10708,78,23,224,11033
SL050,34014141078,1462,1,5,27,1481,1,12,24,2943,17,2,51,3013
SL050,34014141079,5665,4,89,121,5734,6,139,121,11399,228,10,242,11879
SL050,34014141080,726,3,3,14,747,1,2,11,1473,5,4,25,1507
SL050,34014141081,18352,22,325,314,18564,34,453,342,36916,778,56,656,38406
SL050,34014141082,2012,8,16,70,2031,12,21,73,4043,37,20,143,4243
SL050,34014141083,670,0,8,6,654,1,8,13,1324,16,1,19,1360
SL050,34014141084,1649,3,10,39,1681,7,9,47,3330,19,10,86,3445
SL050,34014141085,2542,3,52,58,2662,3,70,87,5204,122,6,145,5477
SL050,34014141086,9222,44,379,549,9683,46,604,668,18905,983,90,1217,21195
SL050,34014141087,6401,23,94,256,6471,21,140,277,12872,234,44,533,13683
SL050,34014141088,304,0,3,3,282,0,4,3,586,7,0,6,599
SL050,34014141089,4033,6,70,80,4076,4,96,77,8109,166,10,157,8442
SL050,34014141090,2065,1,26,39,2099,2,27,42,4164,53,3,81,4301
SL050,34014141091,303490,1192,8458,13795,332522,1112,11982,16160,636012,20440,2304,29955,688711
SL050,34014141092,4631,6,50,68,4698,5,57,63,9329,107,11,131,9578
SL050,34014141093,11838,26,323,264,11968,23,426,352,23806,749,49,616,25220
SL050,34014141094,4228,9,72,97,4139,5,95,123,8367,167,14,220,8768
SL050,34014141095,25433,37,288,382,25604,42,323,508,51037,611,79,890,52617
SL050,34014141096,3682,11,54,81,3739,8,108,120,7421,162,19,201,7803
SL050,34014141097,1967,25,13,209,2012,23,16,213,3979,29,48,422,4478
SL050,34014141098,3082,7,54,65,3197,8,84,74,6279,138,15,139,6571
SL050,34014141099,2389,3,17,29,2353,0,23,46,4742,40,3,75,4860
SL050,34014141100,558,1,0,3,584,0,3,6,1142,3,1,9,1155
SL050,34014141101,3773,18,27,125,3656,29,38,131,7429,65,47,256,7797
SL050,34014141102,9246,37,91,234,9232,25,89,237,18478,180,62,471,19191
SL050,34014141901,1611,2,9,10,1661,0,6,8,3272,15,2,18,3307
SL050,34014141902,2850,6,11,56,2848,5,19,62,5698,30,11,118,5857
SL050,34014141903,4173,20,41,112,4111,23,42,106,8284,83,43,218,8628
SL050,34074242001,144,1,4,13,124,0,0,16,268,4,1,29,302
SL050,34074242003,25,0,0,0,19,0,0,0,44,0,0,0,44
SL050,34074242004,1330,8,45,152,1280,7,54,132,2610,99,15,284,3008
SL050,34074242006,111,1,2,5,63,0,1,6,174,3,1,11,189
SL050,34074242007,54,0,1,2,49,0,0,2,103,1,0,4,108
SL050,34074242008,34,0,1,0,24,0,0,0,58,1,0,0,59
SL050,34074242009,44,0,0,2,34,0,0,7,78,0,0,9,87
SL050,34074242010,15,1,0,5,8,1,0,4,23,0,2,9,34
SL050,34074242011,5,0,3,0,8,0,2,0,13,5,0,0,18
SL050,34074242012,15,0,0,1,13,0,0,1,28,0,0,2,30
SL050,34074242013,21,0,0,0,14,0,1,0,35,1,0,0,36
SL050,34074242014,34,0,0,1,29,0,0,0,63,0,0,1,64
SL050,34074242015,20,0,0,0,13,0,0,0,33,0,0,0,33
SL050,34074242016,13,0,0,0,4,0,1,0,17,1,0,0,18
SL050,34074242017,78,2,4,12,67,0,11,9,145,15,2,21,183
SL050,34074242018,75,0,0,3,59,0,0,2,134,0,0,5,139
SL050,34074242019,311,3,11,11,215,5,6,10,526,17,8,21,572
SL050,34074242020,2387,34,123,263,2324,37,137,221,4711,260,71,484,5526
SL050,34074242021,42,0,0,0,28,0,0,0,70,0,0,0,70
SL050,34074242022,135,0,2,1,93,0,1,4,228,3,0,5,236
SL050,34074242023,38,0,0,0,25,0,0,0,63,0,0,0,63
SL050,34074242024,58,0,0,0,27,0,0,0,85,0,0,0,85
SL050,34074242025,659,12,32,86,592,9,26,73,1251,58,21,159,1489
SL050,34074242026,12,0,0,0,12,0,0,0,24,0,0,0,24
SL050,34074242027,50,0,0,0,31,0,0,0,81,0,0,0,81
SL050,34074242028,46,0,0,2,36,0,2,4,82,2,0,6,90
SL050,34074242029,78,0,2,2,57,0,1,2,135,3,0,4,142
SL050,34074242030,61,0,1,1,38,0,1,1,99,2,0,2,103
SL050,34074242031,16,0,0,0,7,0,0,0,23,0,0,0,23
SL050,34074242032,82,0,0,0,64,0,1,0,146,1,0,0,147
SL050,34074242033,31,0,0,0,20,0,0,0,51,0,0,0,51
SL050,34074242034,17,0,0,1,10,0,1,0,27,1,0,1,29
SL050,34074242035,423,0,5,16,387,0,10,36,810,15,0,52,877
SL050,34074242036,24,0,0,0,20,0,0,0,44,0,0,0,44
SL050,34074242037,19,0,0,0,15,0,0,1,34,0,0,1,35
SL050,34074242038,21,0,0,0,13,0,0,0,34,0,0,0,34
SL050,34074242039,125,1,0,3,103,0,2,6,228,2,1,9,240
SL050,34074242041,18,0,0,0,15,0,0,0,33,0,0,0,33
SL050,34074242042,31,0,0,1,26,0,0,1,57,0,0,2,59
SL050,34074242043,2203,19,53,177,2167,21,94,192,4370,147,40,369,4926
SL050,34074242044,34,0,0,0,21,0,1,0,55,1,0,0,56
SL050,34074242045,166,3,5,29,131,1,3,19,297,8,4,48,357
SL050,34074242046,27,0,0,1,22,0,0,1,49,0,0,2,51
SL050,34074242048,38,0,0,0,19,0,0,0,57,0,0,0,57
SL050,34074242049,62,0,3,3,43,0,2,2,105,5,0,5,115
SL050,34074242050,24,0,0,0,8,0,0,0,32,0,0,0,32
SL050,34074242051,8,0,0,0,8,0,0,0,16,0,0,0,16
SL050,34074242052,11,0,0,0,4,0,0,0,15,0,0,0,15
SL050,34074242053,15,0,0,0,8,0,0,0,23,0,0,0,23
SL050,34074242054,12,0,0,0,5,0,0,0,17,0,0,0,17
SL050,34074242055,87,0,0,0,82,0,0,0,169,0,0,0,169
SL050,34074242056,19,0,0,0,8,0,0,0,27,0,0,0,27
SL050,34074242057,82,0,1,8,74,0,0,4,156,1,0,12,169
SL050,34074242058,62,0,0,0,46,0,0,1,108,0,0,1,109
SL050,34074242059,10,0,0,0,10,0,1,0,20,1,0,0,21
SL050,34074242060,20,0,0,0,10,0,0,0,30,0,0,0,30
SL050,34074242061,178,0,1,2,112,0,3,2,290,4,0,4,298
SL050,34074242062,11,0,0,0,7,0,0,0,18,0,0,0,18
SL050,34074242063,27,0,0,1,21,0,0,1,48,0,0,2,50
SL050,34074242064,42,0,0,1,42,0,0,1,84,0,0,2,86
SL050,34074242065,16,0,0,0,6,0,0,0,22,0,0,0,22
SL050,34074242068,48,0,1,0,29,0,1,0,77,2,0,0,79
SL050,34074242069,863,1,9,17,800,1,16,13,1663,25,2,30,1720
SL050,34074242070,20,0,1,0,14,0,0,0,34,1,0,0,35
SL050,34074242071,92,2,1,14,73,1,1,14,165,2,3,28,198
SL050,34074242073,45,0,0,0,27,0,0,0,72,0,0,0,72
SL050,34074242075,47,0,0,0,34,0,2,0,81,2,0,0,83
SL050,34074242076,110,0,1,3,95,0,3,4,205,4,0,7,216
SL050,34074242078,563,0,3,2,530,0,9,4,1093,12,0,6,1111
SL050,34074242079,15,0,0,0,7,0,0,0,22,0,0,0,22
SL050,34074242080,97,0,1,1,65,0,3,1,162,4,0,2,168
SL050,34074242081,86,0,1,2,77,0,1,1,163,2,0,3,168
SL050,34074242082,5,0,0,0,1,0,0,0,6,0,0,0,6
SL050,34074242083,13,0,0,0,11,0,0,0,24,0,0,0,24
SL050,34074242084,13,0,0,0,5,0,0,0,18,0,0,0,18
SL050,34074242085,104,0,1,0,76,0,0,0,180,1,0,0,181
SL050,34074242086,22,0,0,0,14,0,0,0,36,0,0,0,36
SL050,34074242087,27,0,0,0,26,0,0,0,53,0,0,0,53
SL050,34074242088,38,0,0,0,25,0,1,1,63,1,0,1,65
SL050,34074242089,30,0,0,2,33,0,0,0,63,0,0,2,65
SL050,34074242090,57,0,0,0,31,0,0,0,88,0,0,0,88
SL050,34074242092,35,0,1,0,24,0,1,0,59,2,0,0,61
SL050,34074242093,24,0,1,2,10,0,0,3,34,1,0,5,40
SL050,34074242094,387,0,6,5,320,0,10,8,707,16,0,13,736
SL050,34074242095,1272,4,31,42,1131,11,43,34,2403,74,15,76,2568
SL050,34074242096,152,5,6,12,117,4,7,14,269,13,9,26,317
SL050,34074242097,13,0,1,0,5,0,1,1,18,2,0,1,21
SL050,34074242098,7,0,0,0,2,0,0,0,9,0,0,0,9
SL050,34074242100,20,0,0,0,11,0,0,0,31,0,0,0,31
SL050,34074242103,333,1,9,56,279,3,3,35,612,12,4,91,719
SL050,34074242105,26,0,0,0,26,0,0,0,52,0,0,0,52
SL050,34074242106,10,0,0,0,4,0,0,0,14,0,0,0,14
SL050,34074242107,43,0,0,0,30,0,0,0,73,0,0,0,73
SL050,34074242108,7,0,0,0,5,0,1,0,12,1,0,0,13
SL050,34074242110,31,1,1,5,21,0,0,4,52,1,1,9,63
SL050,34074242111,151,1,2,2,138,3,1,3,289,3,4,5,301
SL050,34074242113,285,7,16,50,265,16,25,57,550,41,23,107,721
SL050,34074242115,46,0,0,4,31,2,1,0,77,1,2,4,84
SL050,34074242116,30,0,0,1,15,0,1,1,45,1,0,2,48
SL050,34074242117,82,0,0,2,74,0,1,2,156,1,0,4,161
SL050,34074242118,16,0,0,0,6,0,0,1,22,0,0,1,23
SL050,34074242119,86,0,4,11,73,2,1,16,159,5,2,27,193
SL050,34074242120,92,0,1,8,45,0,1,6,137,2,0,14,153
SL050,34074242121,36,0,0,0,20,0,0,1,56,0,0,1,57
SL050,34074242123,88,0,0,16,78,7,1,10,166,1,7,26,200
SL050,34074242124,34,0,0,1,23,0,0,2,57,0,0,3,60
SL050,34074242125,54,0,0,2,29,0,1,0,83,1,0,2,86
SL050,34074242127,20,0,0,0,11,0,0,0,31,0,0,0,31
SL050,34074242128,27,0,0,0,22,0,0,0,49,0,0,0,49
SL050,34074242129,389,1,15,8,344,0,9,10,733,24,1,18,776
SL050,34074242130,36,0,0,0,17,0,0,0,53,0,0,0,53
SL050,34074242131,30,0,0,0,26,0,0,0,56,0,0,0,56
SL050,34074242132,77,0,1,2,68,0,0,2,145,1,0,4,150
SL050,34074242134,1542,22,93,222,1412,25,112,198,2954,205,47,420,3626
SL050,34074242135,40,0,1,0,29,0,0,0,69,1,0,0,70
SL050,34074242139,11,0,0,0,9,0,0,0,20,0,0,0,20
SL050,34074242140,9,0,0,0,5,0,0,0,14,0,0,0,14
SL050,34074242141,67,0,0,1,38,0,0,0,105,0,0,1,106
SL050,34074242142,25,0,1,1,25,0,3,2,50,4,0,3,57
SL050,34074242144,251,1,6,16,190,0,11,13,441,17,1,29,488
SL050,34074242145,91,0,0,5,53,0,2,3,144,2,0,8,154
SL050,34074242148,4,0,0,0,4,0,0,0,8,0,0,0,8
SL050,34074242149,244,1,10,12,179,5,10,16,423,20,6,28,477
SL050,34074242151,17,0,0,0,21,0,0,0,38,0,0,0,38
SL050,34074242152,45,0,0,5,30,0,2,5,75,2,0,10,87
SL050,34074242153,9,0,0,0,5,0,0,0,14,0,0,0,14
SL050,34074242154,61,0,4,0,40,0,0,1,101,4,0,1,106
SL050,34074242155,92,0,1,3,63,0,1,3,155,2,0,6,163
SL050,34074242156,20,0,0,0,9,0,0,1,29,0,0,1,30
SL050,34074242157,7,0,0,0,2,0,0,0,9,0,0,0,9
SL050,34074242158,63,1,3,7,42,1,1,8,105,4,2,15,126
SL050,34074242159,25,0,1,0,12,0,1,0,37,2,0,0,39
SL050,34074242160,144,0,1,1,113,0,2,4,257,3,0,5,265
SL050,34074242161,80,0,0,0,64,0,0,0,144,0,0,0,144
SL050,34074242162,1331,19,41,189,1226,11,49,144,2557,90,30,333,3010
SL050,34074242163,31,0,0,2,18,0,2,2,49,2,0,4,55
SL050,34074242164,910,10,17,100,861,11,29,109,1771,46,21,209,2047
SL050,34074242165,236,6,26,73,200,7,27,42,436,53,13,115,617
SL050,34074242166,36,0,0,0,22,0,0,0,58,0,0,0,58
SL050,34074242167,141,0,2,5,111,1,2,5,252,4,1,10,267
SL050,34074242168,57,0,0,0,44,0,1,0,101,1,0,0,102
SL050,34074242171,70,0,3,5,47,3,2,8,117,5,3,13,138
SL050,34074242172,17,0,0,0,15,0,0,0,32,0,0,0,32
SL050,34074242173,15685,155,1037,1549,17959,166,1234,1327,33644,2271,321,2876,39112
SL050,34074242174,89,0,6,1,79,0,4,1,168,10,0,2,180
SL050,34074242175,14,0,1,0,7,0,2,1,21,3,0,1,25
SL050,34074242176,16,0,0,0,12,0,0,0,28,0,0,0,28
SL050,34074242177,36,0,1,0,28,0,1,0,64,2,0,0,66
SL050,34074242178,67,0,0,2,44,1,0,4,111,0,1,6,118
SL050,34074242181,219,0,2,8,191,0,4,6,410,6,0,14,430
SL050,34074242182,25,0,0,0,18,0,0,0,43,0,0,0,43
SL050,34074242183,57,0,2,1,43,0,1,2,100,3,0,3,106
SL050,34074242184,31,0,0,0,26,0,1,0,57,1,0,0,58
SL050,34074242185,13,0,0,0,12,0,0,0,25,0,0,0,25
SL050,34074242187,42,0,0,4,18,0,0,2,60,0,0,6,66
SL050,34074242188,17,0,1,4,26,0,0,4,43,1,0,8,52
SL050,34074242189,28,0,0,0,23,0,1,0,51,1,0,0,52
SL050,34074242190,48,0,1,0,41,0,0,0,89,1,0,0,90
SL050,34074242191,102,0,1,2,85,0,2,1,187,3,0,3,193
SL050,34074242192,30,0,0,0,11,0,0,1,41,0,0,1,42
SL050,34074242193,9,0,2,0,6,0,2,1,15,4,0,1,20
SL050,34074242194,68,0,0,2,84,0,2,3,152,2,0,5,159
SL050,34074242195,55,1,0,7,41,0,0,5,96,0,1,12,109
SL050,34074242196,5,0,1,0,3,0,0,0,8,1,0,0,9
SL050,34074242197,39,0,1,0,31,0,0,0,70,1,0,0,71
SL050,34074242198,15,0,0,0,10,0,0,0,25,0,0,0,25
SL050,34074242200,51,0,0,4,27,0,0,4,78,0,0,8,86
SL050,34074242201,14,0,1,0,9,0,0,1,23,1,0,1,25
SL050,34074242202,10,0,0,1,9,0,1,0,19,1,0,1,21
SL050,34074242204,39,0,0,0,13,0,1,0,52,1,0,0,53
SL050,34074242205,55,0,0,0,32,0,3,0,87,3,0,0,90
SL050,34074242206,6,0,0,0,2,0,0,0,8,0,0,0,8
SL050,34074242207,26,0,0,0,24,0,0,0,50,0,0,0,50
SL050,34074242208,14,0,0,1,7,0,0,0,21,0,0,1,22
SL050,34074242209,87,1,0,2,54,0,0,1,141,0,1,3,145
SL050,34074242211,51,0,0,0,35,0,0,1,86,0,0,1,87
SL050,34074242212,44,0,1,1,23,0,1,0,67,2,0,1,70
SL050,34074242213,17,0,0,2,13,0,0,2,30,0,0,4,34
SL050,34074242215,459,0,1,8,387,0,8,11,846,9,0,19,874
SL050,34074242216,17,0,0,2,8,0,0,0,25,0,0,2,27
SL050,34074242217,23,0,0,0,13,0,0,0,36,0,0,0,36
SL050,34074242218,47,2,2,7,29,0,2,3,76,4,2,10,92
SL050,34074242219,22,0,1,0,15,0,0,0,37,1,0,0,38
SL050,34094343001,406,4,9,38,399,0,9,28,805,18,4,66,893
SL050,34094343002,1093,4,37,68,1070,4,38,57,2163,75,8,125,2371
SL050,34094343003,219,2,6,11,209,1,6,10,428,12,3,21,464
SL050,34094343004,3637,146,106,865,3618,131,88,811,7255,194,277,1676,9402
SL050,34094343005,2170,44,73,246,2204,63,70,238,4374,143,107,484,5108
SL050,34094343006,379,1,5,35,380,2,4,32,759,9,3,67,838
SL050,34094343007,382,6,12,42,372,2,12,36,754,24,8,78,864
SL050,34094343008,186,0,3,6,157,0,3,13,343,6,0,19,368
SL050,34094343009,832,4,8,72,788,6,15,63,1620,23,10,135,1788
SL050,34094343010,187,1,2,10,211,0,4,11,398,6,1,21,426
SL050,34094343011,636,3,16,16,629,2,17,23,1265,33,5,39,1342
SL050,34094343012,2101,64,89,237,2200,57,114,258,4301,203,121,495,5120
SL050,34094343013,2543,66,117,672,2570,57,101,675,5113,218,123,1347,6801
SL050,34094343014,8307,234,458,1352,8322,212,465,1256,16629,923,446,2608,20606
SL050,34094343015,64,0,2,2,44,0,2,2,108,4,0,4,116
SL050,34094343016,2048,150,104,534,1988,136,92,453,4036,196,286,987,5505
SL050,34094343017,72,0,1,1,50,0,2,3,122,3,0,4,129
SL050,34094343018,222,1,2,7,218,2,2,12,440,4,3,19,466
SL050,34094343019,785,15,28,43,716,11,27,49,1501,55,26,92,1674
SL050,34094343020,1410,19,43,111,1359,22,46,118,2769,89,41,229,3128
SL050,34094343021,222,3,4,29,183,5,4,26,405,8,8,55,476
SL050,34094343022,836,11,7,90,845,9,12,88,1681,19,20,178,1898
SL050,34094343023,134,1,1,20,123,1,0,20,257,1,2,40,300
SL050,34094343024,986,11,38,85,942,14,35,79,1928,73,25,164,2190
SL050,34094343025,310,1,4,27,337,1,3,31,647,7,2,58,714
SL050,34094343026,453,8,5,154,432,8,7,75,885,12,16,229,1142
SL050,34094343027,103,4,1,11,93,0,0,7,196,1,4,18,219
SL050,34094343028,1700,2,39,95,1488,5,57,78,3188,96,7,173,3464
SL050,34094343029,183,1,1,13,170,1,4,6,353,5,2,19,379
SL050,34094343030,289,12,11,38,278,9,13,37,567,24,21,75,687
SL050,34094343031,903,37,22,98,870,24,27,99,1773,49,61,197,2080
SL050,34094343032,276,2,1,26,277,0,2,17,553,3,2,43,601
SL050,34094343033,486,4,19,45,454,10,16,36,940,35,14,81,1070
SL050,34094343034,276,12,4,41,285,14,9,32,561,13,26,73,673
SL050,34094343035,143,2,3,11,136,2,2,6,279,5,4,17,305
SL050,34094343036,522,8,15,52,467,10,22,45,989,37,18,97,1141
SL050,34094343037,9862,254,698,1953,9649,227,886,1915,19511,1584,481,3868,25444
SL050,34094343038,12643,364,756,2544,12932,346,948,2829,25575,1704,710,5373,33362
SL050,34094343039,51,0,0,0,45,0,0,0,96,0,0,0,96
SL050,34094343040,182,1,1,16,183,2,1,12,365,2,3,28,398
SL050,34094343041,115,0,0,1,113,0,3,3,228,3,0,4,235
SL050,34094343042,1366,3,32,37,1346,2,40,42,2712,72,5,79,2868
SL050,34094343043,2045,7,59,142,1842,7,77,165,3887,136,14,307,4344
SL050,34094343044,2309,87,44,400,2290,88,46,380,4599,90,175,780,5644
SL050,34094343045,84,0,2,4,73,0,5,2,157,7,0,6,170
SL050,34094343046,51,1,0,2,47,0,0,2,98,0,1,4,103
SL050,34094343047,2596,96,190,529,2424,91,123,467,5020,313,187,996,6516
SL050,34094343048,442,12,12,65,425,9,9,49,867,21,21,114,1023
SL050,34094343049,452,2,3,53,389,8,6,51,841,9,10,104,964
SL050,34094343050,1470,43,92,183,1413,58,78,189,2883,170,101,372,3526
SL050,34094343051,4956,78,286,696,5083,109,357,761,10039,643,187,1457,12326
SL050,34094343052,524,2,8,36,550,1,10,39,1074,18,3,75,1170
SL050,34094343053,119,1,2,15,85,1,3,11,204,5,2,26,237
SL050,34094343054,1561,41,29,179,1673,27,42,190,3234,71,68,369,3742
SL050,34094343055,1143,31,50,181,1159,35,49,159,2302,99,66,340,2807
SL050,34094343056,454,1,4,16,472,0,9,9,926,13,1,25,965
SL050,34094343057,26,0,0,1,13,0,0,2,39,0,0,3,42
SL050,34094343058,53,0,1,5,42,0,1,2,95,2,0,7,104
SL050,34094343059,145,0,0,11,152,0,0,7,297,0,0,18,315
SL050,34094343060,1526,14,32,179,1528,21,35,156,3054,67,35,335,3491
SL050,34094343061,25,0,0,0,16,0,0,1,41,0,0,1,42
SL050,34094343062,141,5,5,37,150,3,2,26,291,7,8,63,369
SL050,34094343063,310,6,7,49,289,6,11,41,599,18,12,90,719
SL050,34094343064,1181,44,38,271,1145,49,36,245,2326,74,93,516,3009
SL050,34094343065,218,3,3,45,217,0,4,35,435,7,3,80,525
SL050,34094343066,93,0,0,4,100,0,1,3,193,1,0,7,201
SL050,34094343067,316,7,3,77,289,3,3,64,605,6,10,141,762
SL050,34094343068,268,1,9,13,276,3,4,17,544,13,4,30,591
SL050,34094343069,105,1,7,13,83,0,7,10,188,14,1,23,226
SL050,34094343070,123,0,0,2,138,0,0,7,261,0,0,9,270
SL050,34094343071,533,6,2,57,488,5,7,48,1021,9,11,105,1146
SL050,34094343072,60,0,0,2,51,0,3,2,111,3,0,4,118
SL050,34094343073,47,0,1,8,41,0,1,2,88,2,0,10,100
SL050,34094343074,1078,3,18,47,1096,4,35,46,2174,53,7,93,2327
SL050,34094343075,51,0,1,5,32,0,0,5,83,1,0,10,94
SL050,34094343076,275,1,11,33,249,3,8,19,524,19,4,52,599
SL050,34094343077,249,4,0,32,258,6,1,27,507,1,10,59,577
SL050,34094343078,488,1,15,40,476,0,15,31,964,30,1,71,1066
SL050,34094343079,224,11,9,31,186,6,6,25,410,15,17,56,498
SL050,34094343080,145,0,4,1,123,0,1,2,268,5,0,3,276
SL050,34094343081,396,2,5,7,369,1,8,11,765,13,3,18,799
SL050,34094343082,215,5,2,53,192,3,2,26,407,4,8,79,498
SL050,34094343083,86,0,1,3,91,0,0,2,177,1,0,5,183
SL050,34094343084,327,4,7,42,280,4,6,36,607,13,8,78,706
SL050,34094343085,121,4,1,21,122,2,0,10,243,1,6,31,281
SL050,34094343086,3115,96,88,439,3080,70,86,410,6195,174,166,849,7384
SL050,34094343088,1291,15,30,120,1203,10,26,133,2494,56,25,253,2828
SL050,34094343089,187,2,5,12,159,3,5,10,346,10,5,22,383
SL050,34094343090,696,4,27,37,618,2,25,28,1314,52,6,65,1437
SL050,34094343091,82,0,7,9,58,1,3,7,140,10,1,16,167
SL050,34094343092,4228,171,293,1448,3895,161,295,1318,8123,588,332,2766,11809
SL050,34094343093,2236,73,82,407,2285,83,77,399,4521,159,156,806,5642
SL050,34094343094,1195,43,36,251,1239,50,33,224,2434,69,93,475,3071
SL050,34094343095,1581,37,56,174,1529,24,59,189,3110,115,61,363,3649
SL050,34094343096,61,1,1,24,47,2,4,17,108,5,3,41,157
SL050,34094343097,248,7,8,19,254,2,12,20,502,20,9,39,570
SL050,34094343098,232,3,4,17,201,2,6,12,433,10,5,29,477
SL050,34094343099,148,1,6,13,168,1,1,15,316,7,2,28,353
SL050,34094343100,2292,0,50,42,2227,2,61,65,4519,111,2,107,4739
SL050,34094343101,81,0,0,6,58,0,0,5,139,0,0,11,150
SL050,34094343102,261,3,0,10,271,0,3,13,532,3,3,23,561
SL050,34094343103,606,3,20,28,543,4,23,38,1149,43,7,66,1265
SL050,34094343104,1053,30,25,370,999,25,31,330,2052,56,55,700,2863
SL050,34094343105,107,0,5,3,87,0,3,5,194,8,0,8,210
SL050,34094343106,460,5,2,34,456,4,4,33,916,6,9,67,998
SL050,34094343107,251,2,4,11,222,2,4,7,473,8,4,18,503
SL050,34094343108,1097,12,17,69,1004,19,26,61,2101,43,31,130,2305
SL050,34094343109,1758,19,53,151,1660,21,71,160,3418,124,40,311,3893
SL050,34094343110,159,1,4,16,132,2,3,11,291,7,3,27,328
SL050,34094343111,1318,11,51,105,1149,12,70,112,2467,121,23,217,2828
SL050,34094343112,154,2,4,22,136,3,2,12,290,6,5,34,335
SL050,34094343113,223,5,4,27,220,10,2,21,443,6,15,48,512
SL050,34094343114,220,0,3,9,188,3,5,13,408,8,3,22,441
SL050,34094343115,69,0,0,2,81,0,1,6,150,1,0,8,159
SL050,34094343116,271,5,8,23,246,3,6,27,517,14,8,50,589
SL050,34094343117,88,0,1,7,77,0,1,5,165,2,0,12,179
SL050,34094343118,250,3,5,116,222,6,8,99,472,13,9,215,709
SL050,34094343119,540,3,11,32,515,1,23,26,1055,34,4,58,1151
SL050,34094343120,272,0,10,14,205,1,3,16,477,13,1,30,521
SL050,34094343121,333,2,6,46,346,3,6,45,679,12,5,91,787
SL050,34094343122,74,0,2,4,66,0,4,3,140,6,0,7,153
SL050,34094343123,40281,1437,2066,6246,43165,1419,2304,6559,83446,4370,2856,12805,103477
SL050,34094343124,294,2,4,18,243,0,5,10,537,9,2,28,576
SL050,34094343125,528,2,5,54,483,2,8,30,1011,13,4,84,1112
SL050,34094343126,747,11,29,58,749,19,26,62,1496,55,30,120,1701
SL050,34094343127,477,9,10,95,454,6,11,69,931,21,15,164,1131
SL050,34094343128,550,11,8,53,490,14,15,45,1040,23,25,98,1186
SL050,34094343129,2846,100,66,363,2708,95,68,319,5554,134,195,682,6565
SL050,34094343130,121,3,2,14,110,1,2,7,231,4,4,21,260
SL050,34094343131,2799,42,141,323,2633,53,139,331,5432,280,95,654,6461
SL050,34094343132,222,5,7,24,191,6,8,17,413,15,11,41,480
SL050,34094343133,3355,52,143,561,3208,75,112,455,6563,255,127,1016,7961
SL050,34094343134,171,0,1,25,163,3,2,19,334,3,3,44,384
SL050,34094343135,207,22,4,65,187,21,6,52,394,10,43,117,564
SL050,34094343136,5810,128,207,978,6143,114,239,992,11953,446,242,1970,14611
SL050,34094343137,1204,12,23,75,1124,15,32,66,2328,55,27,141,2551
SL050,34094343138,1586,41,53,236,1542,32,60,227,3128,113,73,463,3777
SL050,34094343139,1181,23,32,100,1202,28,33,98,2383,65,51,198,2697
SL050,34094343140,1481,20,42,138,1461,21,56,109,2942,98,41,247,3328
SL050,34094343141,60,0,1,2,48,0,1,2,108,2,0,4,114
SL050,34094343142,647,15,25,92,623,24,27,91,1270,52,39,183,1544
SL050,34094343143,28,0,0,4,27,0,1,0,55,1,0,4,60
SL050,34094343144,756,2,18,70,754,10,31,56,1510,49,12,126,1697
SL050,34094343145,2583,45,43,153,2569,25,63,151,5152,106,70,304,5632
SL050,34094343146,32,0,0,0,15,0,0,0,47,0,0,0,47
SL050,34094343147,300,2,7,9,281,0,13,7,581,20,2,16,619
SL050,34094343148,50577,1436,2884,9385,54257,1426,3331,9003,104834,6215,2862,18388,132299
SL050,34094343149,387,2,8,54,366,2,13,50,753,21,4,104,882
SL050,34094343150,715,5,10,86,717,7,15,84,1432,25,12,170,1639
SL050,34094343151,67,0,2,2,62,0,2,2,129,4,0,4,137
SL050,34094343152,244,7,26,48,241,8,10,44,485,36,15,92,628
SL050,34094343153,6085,195,451,1090,6334,169,522,1146,12419,973,364,2236,15992
SL050,34094343154,76,1,0,5,57,0,3,6,133,3,1,11,148
SL050,34094343155,12783,326,668,2830,13549,340,666,2348,26332,1334,666,5178,33510
SL050,34094343156,2292,128,98,691,2257,114,72,588,4549,170,242,1279,6240
SL050,34094343157,218,1,2,8,161,0,2,10,379,4,1,18,402
SL050,34094343158,58,0,0,1,37,0,1,1,95,1,0,2,98
SL050,34094343159,48,0,0,3,28,0,2,4,76,2,0,7,85
SL050,34094343160,793,5,20,61,760,3,28,68,1553,48,8,129,1738
SL050,34094343161,9750,278,486,1517,10217,268,481,1159,19967,967,546,2676,24156
SL050,34094343162,2625,53,125,392,2565,50,125,451,5190,250,103,843,6386
SL050,34094343163,14833,393,979,2247,15067,380,1023,2231,29900,2002,773,4478,37153
SL050,34094343164,201,1,9,18,154,1,7,19,355,16,2,37,410
SL050,34094343165,330,10,2,44,318,6,2,34,648,4,16,78,746
SL050,34094343166,1037,21,24,103,1002,18,31,103,2039,55,39,206,2339
SL050,34094343167,242,8,4,31,220,5,5,34,462,9,13,65,549
SL050,34094343168,60,0,2,1,46,0,2,6,106,4,0,7,117
SL050,34094343169,254,5,4,36,251,3,4,22,505,8,8,58,579
SL050,34094343170,524,19,16,96,493,18,10,77,1017,26,37,173,1253
SL050,34094343171,8875,279,514,1415,8855,249,518,1402,17730,1032,528,2817,22107
SL050,34094343172,213,2,6,16,199,2,6,12,412,12,4,28,456
SL050,34094343173,68,0,1,5,50,3,0,5,118,1,3,10,132
SL050,34094343174,91,3,2,15,82,0,4,5,173,6,3,20,202
SL050,34094343175,313,0,0,8,304,0,1,9,617,1,0,17,635
SL050,34094343176,471,2,7,25,382,1,8,21,853,15,3,46,917
SL050,34094343177,165,9,8,40,166,8,8,28,331,16,17,68,432
SL050,34094343178,866,22,21,121,778,15,28,123,1644,49,37,244,1974
SL050,34094343901,5132,73,94,493,5132,54,106,421,10264,200,127,914,11505
SL050,34094343902,1619,6,16,93,1599,12,30,106,3218,46,18,199,3481
SL050,34094343903,1394,33,40,199,1334,40,22,216,2728,62,73,415,3278
SL050,34094343904,1663,55,54,414,1590,55,61,245,3253,115,110,659,4137
SL050,34094343905,8166,398,1104,4188,7842,390,1098,3589,16008,2202,788,7777,26775
SL050,34094343906,1224,26,43,377,1137,30,60,383,2361,103,56,760,3280
SL050,34094343907,2628,24,85,121,2722,19,92,151,5350,177,43,272,5842
SL050,34024444001,46,0,0,2,27,0,0,1,73,0,0,3,76
SL050,34024444002,31,0,0,0,18,0,0,0,49,0,0,0,49
SL050,34024444003,6,0,0,0,11,0,1,0,17,1,0,0,18
SL050,34024444004,203,7,15,33,210,7,11,36,413,26,14,69,522
SL050,34024444005,28,2,0,6,21,1,1,4,49,1,3,10,63
SL050,34024444006,121,2,1,10,121,1,0,8,242,1,3,18,264
SL050,34024444007,89,0,3,6,73,0,2,5,162,5,0,11,178
SL050,34024444008,915,12,10,86,879,17,19,66,1794,29,29,152,2004
SL050,34024444009,447,3,21,46,413,5,44,37,860,65,8,83,1016
SL050,34024444010,101,5,9,22,86,6,12,16,187,21,11,38,257
SL050,34024444011,31,3,0,4,22,0,0,3,53,0,3,7,63
SL050,34024444012,179,0,8,6,146,0,2,6,325,10,0,12,347
SL050,34024444013,6736,165,197,821,6802,153,205,860,13538,402,318,1681,15939
SL050,34024444014,1475,20,39,122,1432,24,52,112,2907,91,44,234,3276
SL050,34024444016,252,9,2,18,225,2,3,20,477,5,11,38,531
SL050,34024444017,176,4,0,20,139,2,4,13,315,4,6,33,358
SL050,34024444018,11,0,0,0,5,0,0,0,16,0,0,0,16
SL050,34024444019,36,0,1,0,25,0,0,0,61,1,0,0,62
SL050,34024444020,13,0,0,0,9,0,0,0,22,0,0,0,22
SL050,34024444021,60,0,0,3,59,1,0,3,119,0,1,6,126
SL050,34024444022,270,6,2,17,256,4,4,23,526,6,10,40,582
SL050,34024444023,11,0,0,5,6,1,0,6,17,0,1,11,29
SL050,34024444024,17,0,0,0,10,0,0,0,27,0,0,0,27
SL050,34024444025,3445,45,64,293,3409,49,49,279,6854,113,94,572,7633
SL050,34024444026,60,0,0,1,41,0,2,1,101,2,0,2,105
SL050,34024444027,79,2,1,21,84,1,1,17,163,2,3,38,206
SL050,34024444028,91,0,1,4,92,1,7,2,183,8,1,6,198
SL050,34024444029,311,2,2,40,315,3,4,31,626,6,5,71,708
SL050,34024444031,44,0,2,0,43,0,0,5,87,2,0,5,94
SL050,34024444032,12,0,0,0,8,0,0,0,20,0,0,0,20
SL050,34024444033,155,3,2,12,117,1,3,18,272,5,4,30,311
SL050,34024444034,81,1,1,3,64,0,0,3,145,1,1,6,153
SL050,34024444035,59,0,3,2,51,0,2,1,110,5,0,3,118
SL050,34024444036,15,0,1,2,10,0,1,2,25,2,0,4,31
SL050,34024444037,258,4,1,10,249,3,4,12,507,5,7,22,541
SL050,34024444038,50,0,1,3,55,0,2,2,105,3,0,5,113
SL050,34024444039,101,1,2,3,109,1,1,7,210,3,2,10,225
SL050,34024444040,111,1,4,9,110,0,4,5,221,8,1,14,244
SL050,34024444041,39,0,1,4,23,0,0,3,62,1,0,7,70
SL050,34024444042,70,1,1,2,45,0,5,1,115,6,1,3,125
SL050,34024444043,62,0,0,0,31,0,0,2,93,0,0,2,95
SL050,34024444044,52,0,0,5,38,3,0,8,90,0,3,13,106
SL050,34024444045,229,2,4,17,176,1,4,10,405,8,3,27,443
SL050,34024444046,27,0,1,6,28,0,0,1,55,1,0,7,63
SL050,34024444047,121,0,3,6,108,0,1,4,229,4,0,10,243
SL050,34024444048,30,0,0,1,22,0,0,2,52,0,0,3,55
SL050,34024444049,448,6,2,47,462,7,6,33,910,8,13,80,1011
SL050,34024444050,1753,62,67,256,1778,60,72,271,3531,139,122,527,4319
SL050,34024444051,1452,28,52,310,1481,40,51,294,2933,103,68,604,3708
SL050,34024444052,45,0,0,0,29,0,0,0,74,0,0,0,74
SL050,34024444053,65,0,1,3,49,0,1,5,114,2,0,8,124
SL050,34024444054,70,1,0,0,40,0,0,2,110,0,1,2,113
SL050,34024444055,42,1,0,9,27,1,1,5,69,1,2,14,86
SL050,34024444056,257,11,3,50,243,4,2,49,500,5,15,99,619
SL050,34024444059,319,7,10,37,309,2,9,21,628,19,9,58,714
SL050,34024444060,25,0,0,0,14,0,0,0,39,0,0,0,39
SL050,34024444061,49,0,0,4,30,1,1,2,79,1,1,6,87
SL050,34024444062,24,0,0,1,10,0,0,0,34,0,0,1,35
SL050,34024444063,40,1,1,10,34,2,0,10,74,1,3,20,98
SL050,34024444064,42,1,0,0,25,0,1,2,67,1,1,2,71
SL050,34024444065,38,0,1,0,22,0,1,0,60,2,0,0,62
SL050,34024444066,57,0,0,1,46,0,0,0,103,0,0,1,104
SL050,34024444067,68,5,1,8,63,3,2,10,131,3,8,18,160
SL050,34024444068,402,4,4,22,368,4,5,22,770,9,8,44,831
SL050,34024444070,34,0,0,0,18,0,0,0,52,0,0,0,52
SL050,34024444071,322,3,2,22,290,3,11,23,612,13,6,45,676
SL050,34024444074,246,8,4,52,246,12,7,55,492,11,20,107,630
SL050,34024444075,200,4,3,20,150,6,1,12,350,4,10,32,396
SL050,34024444076,1230,6,46,69,1148,13,37,57,2378,83,19,126,2606
SL050,34024444077,50,4,5,3,25,3,2,8,75,7,7,11,100
SL050,34024444080,165,1,3,14,154,1,0,6,319,3,2,20,344
SL050,34024444082,54,0,0,4,48,1,1,1,102,1,1,5,109
SL050,34024444084,25,1,0,1,30,0,2,2,55,2,1,3,61
SL050,34024444085,31,0,0,0,20,0,0,1,51,0,0,1,52
SL050,34024444086,257,2,2,28,246,2,5,29,503,7,4,57,571
SL050,34024444087,33,0,0,0,35,0,0,0,68,0,0,0,68
SL050,34024444088,15,2,0,9,10,1,1,3,25,1,3,12,41
SL050,34024444089,35,0,0,1,15,0,2,1,50,2,0,2,54
SL050,34024444090,41,0,1,4,32,0,1,1,73,2,0,5,80
SL050,34024444092,47,0,0,0,31,0,2,6,78,2,0,6,86
SL050,34024444093,50,5,0,14,40,3,0,10,90,0,8,24,122
SL050,34024444094,68,0,0,2,58,1,0,2,126,0,1,4,131
SL050,34024444096,79,2,3,7,77,2,2,8,156,5,4,15,180
SL050,34024444097,65,0,0,3,64,0,2,5,129,2,0,8,139
SL050,34024444099,390,7,34,41,347,14,19,33,737,53,21,74,885
SL050,34024444100,98,1,4,12,87,1,1,6,185,5,2,18,210
SL050,34024444101,34,0,0,1,27,0,0,1,61,0,0,2,63
SL050,34024444102,16,0,0,0,12,0,0,0,28,0,0,0,28
SL050,34024444103,79,0,1,6,55,0,2,8,134,3,0,14,151
SL050,34024444105,37,0,0,2,35,0,1,0,72,1,0,2,75
SL050,34024444106,98,1,3,11,77,4,3,8,175,6,5,19,205
SL050,34024444107,122,1,1,6,95,2,5,6,217,6,3,12,238
SL050,34024444108,179,4,4,60,150,3,3,40,329,7,7,100,443
SL050,34024444109,63,0,1,3,45,0,1,3,108,2,0,6,116
SL050,34024444110,24,0,0,0,18,0,0,0,42,0,0,0,42
SL050,34024444111,51,2,0,5,36,1,0,6,87,0,3,11,101
SL050,34024444112,236,3,2,8,200,2,5,5,436,7,5,13,461
SL050,34024444113,43,0,4,13,38,4,7,5,81,11,4,18,114
SL050,34024444114,131,0,2,12,128,0,3,10,259,5,0,22,286
SL050,34024444115,65,1,0,17,59,0,0,19,124,0,1,36,161
SL050,34024444116,44,1,1,2,37,1,1,2,81,2,2,4,89
SL050,34024444117,185,0,12,3,162,0,8,6,347,20,0,9,376
SL050,34024444118,101,0,2,5,80,2,4,6,181,6,2,11,200
SL050,34024444119,80,1,1,3,52,0,0,6,132,1,1,9,143
SL050,34024444120,137,0,1,0,102,0,1,1,239,2,0,1,242
SL050,34024444121,37,0,0,2,30,2,0,1,67,0,2,3,72
SL050,34024444122,732,18,20,96,726,25,16,76,1458,36,43,172,1709
SL050,34024444123,60,1,0,6,44,1,0,7,104,0,2,13,119
SL050,34024444124,44,0,0,0,40,0,1,0,84,1,0,0,85
SL050,34024444125,39,0,0,2,24,0,1,1,63,1,0,3,67
SL050,34024444126,172,5,14,25,161,4,11,22,333,25,9,47,414
SL050,34024444127,32,0,0,5,26,0,1,1,58,1,0,6,65
SL050,34024444128,37,0,0,0,30,1,0,2,67,0,1,2,70
SL050,34024444129,24,0,0,1,14,0,1,0,38,1,0,1,40
SL050,34024444130,19,0,0,0,14,0,1,0,33,1,0,0,34
SL050,34024444131,15,1,0,4,11,0,0,3,26,0,1,7,34
SL050,34024444132,35,1,0,6,32,0,0,4,67,0,1,10,78
SL050,34024444133,14,1,0,2,4,1,0,2,18,0,2,4,24
SL050,34024444135,62,0,1,0,37,0,1,0,99,2,0,0,101
SL050,34024444136,27,0,0,2,25,0,0,1,52,0,0,3,55
SL050,34024444137,119,0,0,25,96,0,0,9,215,0,0,34,249
SL050,34024444138,73,0,3,2,43,0,7,1,116,10,0,3,129
SL050,34024444141,76,1,0,13,72,1,1,8,148,1,2,21,172
SL050,34024444142,15,0,0,0,11,0,1,0,26,1,0,0,27
SL050,34024444143,222,8,12,32,194,2,13,36,416,25,10,68,519
SL050,34024444144,185,4,7,14,185,3,8,11,370,15,7,25,417
SL050,34024444145,575,9,9,71,526,13,12,57,1101,21,22,128,1272
SL050,34024444146,86,5,7,33,97,9,9,19,183,16,14,52,265
SL050,34024444147,227,5,7,46,213,6,11,24,440,18,11,70,539
SL050,34024444148,50,2,0,6,36,0,0,4,86,0,2,10,98
SL050,34024444149,64,0,1,2,48,0,1,0,112,2,0,2,116
SL050,34024444150,21,0,0,2,10,0,0,2,31,0,0,4,35
SL050,34024444151,102,1,1,21,92,6,5,15,194,6,7,36,243
SL050,34024444152,46,0,0,0,19,0,0,0,65,0,0,0,65
SL050,34024444153,1008,29,25,146,1022,26,42,135,2030,67,55,281,2433
SL050,34024444154,171,5,1,24,126,0,2,11,297,3,5,35,340
SL050,34024444155,607,1,9,6,595,4,2,19,1202,11,5,25,1243
SL050,34024444156,26,0,0,1,22,0,0,1,48,0,0,2,50
SL050,34024444157,35,0,0,0,28,0,0,0,63,0,0,0,63
SL050,34024444158,646,11,39,73,662,9,34,67,1308,73,20,140,1541
SL050,34024444159,28,0,0,2,23,0,0,2,51,0,0,4,55
SL050,34024444160,272,0,8,20,237,0,9,5,509,17,0,25,551
SL050,34024444161,236,13,17,45,233,14,9,32,469,26,27,77,599
SL050,34024444163,70,0,1,1,59,0,1,1,129,2,0,2,133
SL050,34024444164,16,0,0,0,9,0,0,0,25,0,0,0,25
SL050,34024444165,110,0,0,13,79,2,1,12,189,1,2,25,217
SL050,34024444167,20,0,0,4,17,0,2,2,37,2,0,6,45
SL050,34024444168,101,0,3,4,93,0,4,0,194,7,0,4,205
SL050,34024444169,196,1,5,4,155,0,10,6,351,15,1,10,377
SL050,34024444171,123,0,3,3,86,0,7,4,209,10,0,7,226
SL050,34024444172,170,0,0,20,154,1,2,17,324,2,1,37,364
SL050,34024444173,63,1,1,2,53,0,0,2,116,1,1,4,122
SL050,34024444174,242,1,14,10,203,3,5,9,445,19,4,19,487
SL050,34024444175,63,0,0,5,52,0,0,6,115,0,0,11,126
SL050,34024444176,93,0,2,4,68,0,0,2,161,2,0,6,169
SL050,34024444177,62,0,1,1,44,0,2,0,106,3,0,1,110
SL050,34024444178,30,0,0,0,22,0,0,1,52,0,0,1,53
SL050,34024444179,194,5,1,42,172,4,2,19,366,3,9,61,439
SL050,34024444180,42,0,0,0,33,0,1,0,75,1,0,0,76
SL050,34024444181,47,0,0,2,34,0,2,3,81,2,0,5,88
SL050,34024444182,105,1,1,11,92,2,4,5,197,5,3,16,221
SL050,34024444183,39,0,0,3,36,0,0,1,75,0,0,4,79
SL050,34024444184,25,2,0,1,14,0,0,1,39,0,2,2,43
SL050,34024444185,65,3,0,5,38,0,0,3,103,0,3,8,114
SL050,34024444187,112,2,1,6,113,1,1,7,225,2,3,13,243
SL050,34024444189,29,0,0,0,17,0,1,1,46,1,0,1,48
SL050,34024444190,36,0,0,0,30,0,2,0,66,2,0,0,68
SL050,34024444191,418,4,4,30,415,2,8,27,833,12,6,57,908
SL050,34024444192,217,5,1,30,171,6,6,17,388,7,11,47,453
SL050,34024444193,41,2,2,13,35,2,5,12,76,7,4,25,112
SL050,34024444194,67,3,0,14,48,1,3,7,115,3,4,21,143
SL050,34024444195,53,0,1,0,39,0,0,0,92,1,0,0,93
SL050,34024444196,64,0,0,3,72,2,1,2,136,1,2,5,144
SL050,34024444197,29,0,0,4,24,0,1,3,53,1,0,7,61
SL050,34024444198,112,0,1,0,90,0,1,2,202,2,0,2,206
SL050,34024444199,26,0,0,2,20,0,0,2,46,0,0,4,50
SL050,34024444200,23,0,0,0,15,0,0,0,38,0,0,0,38
SL050,34024444201,285,5,6,31,265,2,9,24,550,15,7,55,627
SL050,34024444203,6,0,0,5,5,0,0,1,11,0,0,6,17
SL050,34024444204,17,0,0,0,9,0,0,0,26,0,0,0,26
SL050,34024444205,360,3,6,26,361,3,6,18,721,12,6,44,783
SL050,34024444206,68,0,2,9,41,0,2,3,109,4,0,12,125
SL050,34024444207,76,0,2,0,70,0,0,0,146,2,0,0,148
SL050,34024444208,17,0,0,1,14,0,1,4,31,1,0,5,37
SL050,34024444209,437,13,9,69,432,9,13,55,869,22,22,124,1037
SL050,34024444210,449,24,16,102,419,33,6,84,868,22,57,186,1133
SL050,34024444211,25,0,0,0,13,0,0,1,38,0,0,1,39
SL050,34024444212,16,0,0,1,20,0,2,0,36,2,0,1,39
SL050,34024444213,38,0,2,5,27,0,3,5,65,5,0,10,80
SL050,34024444215,93,1,3,6,75,0,3,2,168,6,1,8,183
SL050,34024444216,14900,157,621,1296,16351,153,837,1376,31251,1458,310,2672,35691
SL050,34024444217,23,0,1,1,5,0,0,0,28,1,0,1,30
SL050,34024444218,17,0,2,0,12,0,0,0,29,2,0,0,31
SL050,34024444219,102,2,0,8,91,1,1,8,193,1,3,16,213
SL050,34024444220,70,0,0,16,59,0,0,11,129,0,0,27,156
SL050,34024444221,215,0,1,2,189,0,4,12,404,5,0,14,423
SL050,34024444222,83,0,0,0,41,0,2,1,124,2,0,1,127
SL050,34024444223,36,0,1,6,43,0,1,2,79,2,0,8,89
SL050,34024444224,13,0,1,1,8,1,0,4,21,1,1,5,28
SL050,34024444225,51,0,2,10,62,0,2,5,113,4,0,15,132
SL050,34024444226,71,2,3,5,58,1,4,10,129,7,3,15,154
SL050,34024444227,40,0,0,5,37,0,1,5,77,1,0,10,88
SL050,34024444228,54,0,2,4,44,0,0,3,98,2,0,7,107
SL050,34024444229,88,2,7,8,62,1,6,9,150,13,3,17,183
SL050,34024444230,83,1,1,10,85,3,0,6,168,1,4,16,189
SL050,34024444231,15,0,0,0,22,0,1,0,37,1,0,0,38
SL050,34024444232,198,3,9,27,174,3,10,23,372,19,6,50,447
SL050,34024444234,39,0,0,0,24,0,1,0,63,1,0,0,64
SL050,34024444235,50,0,0,3,49,0,1,3,99,1,0,6,106
SL050,34024444236,31,0,1,0,30,0,0,3,61,1,0,3,65
SL050,34024444237,197,1,2,17,200,3,2,14,397,4,4,31,436
SL050,34024444238,1341,26,37,130,1283,14,29,110,2624,66,40,240,2970
SL050,34024444239,11,0,0,0,10,0,0,0,21,0,0,0,21
SL050,34024444240,90,0,4,3,69,0,5,3,159,9,0,6,174
SL050,34024444241,280,4,1,23,299,0,1,14,579,2,4,37,622
SL050,34024444243,16,0,0,5,11,0,1,2,27,1,0,7,35
SL050,34024444244,48,0,0,2,34,1,0,2,82,0,1,4,87
SL050,34024444245,127,1,1,6,137,1,2,4,264,3,2,10,279
SL050,34024444246,927,28,32,220,948,35,20,178,1875,52,63,398,2388
SL050,34024444247,161,0,3,0,156,0,3,2,317,6,0,2,325
SL050,34024444249,26,0,2,0,20,0,0,0,46,2,0,0,48
SL050,34024444250,12,0,0,0,7,0,1,0,19,1,0,0,20
SL050,34024444251,139,0,1,13,132,0,2,10,271,3,0,23,297
SL050,34024444252,54,0,1,5,28,0,3,3,82,4,0,8,94
SL050,34024444256,26,0,0,1,18,1,0,1,44,0,1,2,47
SL050,34024444257,93,0,1,2,66,0,1,1,159,2,0,3,164
SL050,34024444258,37,0,0,0,23,0,0,0,60,0,0,0,60
SL050,34024444260,91,2,0,12,57,1,4,10,148,4,3,22,177
SL050,34024444261,410,4,13,21,384,1,11,18,794,24,5,39,862
SL050,34024444262,85,0,0,1,74,0,0,0,159,0,0,1,160
SL050,34024444263,218,1,15,18,216,2,12,12,434,27,3,30,494
SL050,34024444264,150,4,5,23,114,3,5,23,264,10,7,46,327
SL050,34024444265,102,0,3,28,95,1,3,17,197,6,1,45,249
SL050,34024444266,48,2,2,2,63,3,2,3,111,4,5,5,125
SL050,34024444267,33,0,0,5,41,0,0,0,74,0,0,5,79
SL050,34024444268,5,0,0,0,11,0,0,0,16,0,0,0,16
SL050,34084545001,1050,3,9,54,1077,8,17,26,2127,26,11,80,2244
SL050,34084545002,1652,40,32,150,1484,30,20,154,3136,52,70,304,3562
SL050,34084545003,330,2,8,19,301,2,6,24,631,14,4,43,692
SL050,34084545004,326,1,8,12,302,3,10,7,628,18,4,19,669
SL050,34084545005,126,1,2,10,123,0,2,11,249,4,1,21,275
SL050,34084545006,791,5,10,37,804,8,8,40,1595,18,13,77,1703
SL050,34084545007,371,1,5,17,389,0,4,10,760,9,1,27,797
SL050,34084545008,75,0,1,11,69,0,1,5,144,2,0,16,162
SL050,34084545009,266,0,1,6,252,0,8,9,518,9,0,15,542
SL050,34084545010,195,1,5,17,198,1,3,14,393,8,2,31,434
SL050,34084545011,155,0,4,1,140,0,4,1,295,8,0,2,305
SL050,34084545012,345,8,7,28,341,3,10,41,686,17,11,69,783
SL050,34084545013,989,17,38,89,892,13,38,83,1881,76,30,172,2159
SL050,34084545014,2421,23,27,100,2311,21,39,90,4732,66,44,190,5032
SL050,34084545015,367,1,17,26,357,1,24,36,724,41,2,62,829
SL050,34084545016,2889,13,93,171,2833,16,129,197,5722,222,29,368,6341
SL050,34084545017,140,0,1,1,146,0,0,1,286,1,0,2,289
SL050,34084545018,363,7,27,48,319,11,41,40,682,68,18,88,856
SL050,34084545019,4526,50,164,321,4514,52,164,301,9040,328,102,622,10092
SL050,34084545020,678,1,26,58,681,6,26,53,1359,52,7,111,1529
SL050,34084545021,1624,34,46,232,1477,27,51,215,3101,97,61,447,3706
SL050,34084545022,210,1,2,7,202,0,1,7,412,3,1,14,430
SL050,34084545023,1542,12,25,62,1420,12,44,67,2962,69,24,129,3184
SL050,34084545024,651,2,7,12,602,2,7,25,1253,14,4,37,1308
SL050,34084545025,721,25,26,150,712,22,38,95,1433,64,47,245,1789
SL050,34084545026,117,1,1,5,109,0,2,5,226,3,1,10,240
SL050,34084545027,171,0,0,16,152,0,0,8,323,0,0,24,347
SL050,34084545028,2175,23,44,109,2108,17,51,113,4283,95,40,222,4640
SL050,34084545029,99,1,0,3,100,0,3,4,199,3,1,7,210
SL050,34084545030,287,0,4,9,225,0,5,9,512,9,0,18,539
SL050,34084545031,1727,21,46,156,1549,29,61,156,3276,107,50,312,3745
SL050,34084545032,245,2,13,22,244,4,8,18,489,21,6,40,556
SL050,34084545033,184,1,0,5,160,2,1,11,344,1,3,16,364
SL050,34084545034,768,17,24,84,727,17,20,83,1495,44,34,167,1740
SL050,34084545035,166,1,5,11,139,1,6,13,305,11,2,24,342
SL050,34084545036,361,4,2,6,328,3,8,19,689,10,7,25,731
SL050,34084545037,869,15,18,42,858,7,22,41,1727,40,22,83,1872
SL050,34084545038,2243,26,86,114,2038,26,88,140,4281,174,52,254,4761
SL050,34084545039,116,11,0,9,126,2,2,5,242,2,13,14,271
SL050,34084545040,751,13,63,108,619,11,78,100,1370,141,24,208,1743
SL050,34084545041,2335,57,151,310,2050,62,168,289,4385,319,119,599,5422
SL050,34084545042,94,0,2,7,91,0,6,8,185,8,0,15,208
SL050,34084545043,412,2,4,37,411,6,7,38,823,11,8,75,917
SL050,34084545045,794,10,29,65,754,3,23,47,1548,52,13,112,1725
SL050,34084545046,1457,26,10,157,1427,30,12,144,2884,22,56,301,3263
SL050,34084545047,1648,41,56,170,1502,43,58,169,3150,114,84,339,3687
SL050,34084545048,202,2,3,23,168,0,4,16,370,7,2,39,418
SL050,34084545049,241,3,10,4,233,4,2,12,474,12,7,16,509
SL050,34084545050,272,0,3,6,235,1,8,7,507,11,1,13,532
SL050,34084545051,1018,25,25,73,935,16,29,85,1953,54,41,158,2206
SL050,34084545052,2071,2,32,45,2031,4,40,44,4102,72,6,89,4269
SL050,34084545053,4741,40,32,288,4692,41,30,234,9433,62,81,522,10098
SL050,34084545054,2239,84,39,393,2203,76,29,292,4442,68,160,685,5355
SL050,34084545055,607,3,11,72,573,9,11,49,1180,22,12,121,1335
SL050,34084545056,1476,55,119,319,1315,60,111,310,2791,230,115,629,3765
SL050,34084545057,135,0,0,4,117,0,4,1,252,4,0,5,261
SL050,34084545058,197,2,4,6,185,1,1,8,382,5,3,14,404
SL050,34084545059,995,18,29,90,964,10,23,72,1959,52,28,162,2201
SL050,34084545060,96,1,2,8,86,1,5,8,182,7,2,16,207
SL050,34084545061,1455,11,54,128,1328,16,71,136,2783,125,27,264,3199
SL050,34084545062,642,15,16,42,640,10,19,53,1282,35,25,95,1437
SL050,34084545063,233,0,0,11,178,0,1,16,411,1,0,27,439
SL050,34084545064,2421,42,56,225,2375,50,67,213,4796,123,92,438,5449
SL050,34084545065,122,0,0,0,108,0,3,0,230,3,0,0,233
SL050,34084545066,4556,160,275,589,4398,152,288,614,8954,563,312,1203,11032
SL050,34084545067,1343,21,21,123,1328,18,26,136,2671,47,39,259,3016
SL050,34084545068,96,0,0,2,86,0,1,2,182,1,0,4,187
SL050,34084545069,1068,7,32,51,1033,11,36,51,2101,68,18,102,2289
SL050,34084545070,818,6,13,60,810,13,19,42,1628,32,19,102,1781
SL050,34084545071,1052,12,10,53,1016,8,12,73,2068,22,20,126,2236
SL050,34084545072,389,5,10,24,337,4,12,17,726,22,9,41,798
SL050,34084545073,149,0,3,17,147,1,1,16,296,4,1,33,334
SL050,34084545074,204,0,4,9,167,0,2,8,371,6,0,17,394
SL050,34084545075,87,1,1,3,54,0,0,6,141,1,1,9,152
SL050,34084545076,325,3,5,28,277,3,16,23,602,21,6,51,680
SL050,34084545077,324,2,8,17,299,2,8,23,623,16,4,40,683
SL050,34084545078,785,6,12,24,801,5,16,32,1586,28,11,56,1681
SL050,34084545079,201,0,4,6,187,0,2,6,388,6,0,12,406
SL050,34084545080,4,0,0,0,1,0,0,0,5,0,0,0,5
SL050,34084545081,12085,274,636,1243,11589,226,700,1311,23674,1336,500,2554,28064
SL050,34084545082,654,2,4,39,660,1,5,40,1314,9,3,79,1405
SL050,34084545083,306,2,14,17,298,1,15,32,604,29,3,49,685
SL050,34084545084,1282,4,17,50,1182,4,18,43,2464,35,8,93,2600
SL050,34084545085,953,44,18,213,870,51,22,174,1823,40,95,387,2345
SL050,34084545086,280,3,9,12,241,1,13,14,521,22,4,26,573
SL050,34084545087,4876,44,61,300,4871,51,66,263,9747,127,95,563,10532
SL050,34084545088,1471,48,60,160,1373,43,71,175,2844,131,91,335,3401
SL050,34084545089,826,5,6,52,787,7,14,35,1613,20,12,87,1732
SL050,34084545090,180,8,0,3,193,6,1,5,373,1,14,8,396
SL050,34084545091,212,4,2,9,219,3,2,10,431,4,7,19,461
SL050,34084545092,120,0,0,5,122,1,1,6,242,1,1,11,255
SL050,34084545093,80,0,0,0,71,0,0,2,151,0,0,2,153
SL050,34084545094,204,0,2,17,198,1,6,11,402,8,1,28,439
SL050,34084545095,383,1,8,35,374,10,13,29,757,21,11,64,853
SL050,34084545096,594,2,18,33,567,4,13,27,1161,31,6,60,1258
SL050,34084545097,637,0,5,10,593,1,13,6,1230,18,1,16,1265
SL050,34084545098,1266,21,12,124,1172,19,8,80,2438,20,40,204,2702
SL050,34084545099,2292,14,91,148,2154,21,73,164,4446,164,35,312,4957
SL050,34084545100,108,0,0,10,103,0,0,1,211,0,0,11,222
SL050,34084545101,2152,41,21,239,2177,30,29,219,4329,50,71,458,4908
SL050,34084545102,2198,30,63,145,2157,24,63,149,4355,126,54,294,4829
SL050,34084545103,221,0,0,5,176,1,1,3,397,1,1,8,407
SL050,34084545104,247,3,4,14,216,1,9,12,463,13,4,26,506
SL050,34084545105,211,0,5,2,187,0,1,2,398,6,0,4,408
SL050,34084545106,4361,44,104,380,4430,46,86,286,8791,190,90,666,9737
SL050,34084545107,2187,13,30,131,2066,10,62,111,4253,92,23,242,4610
SL050,34084545108,263,0,1,14,230,0,8,22,493,9,0,36,538
SL050,34084545109,1684,17,19,162,1593,27,18,127,3277,37,44,289,3647
SL050,34084545110,1023,3,18,36,893,11,19,39,1916,37,14,75,2042
SL050,34084545111,28,2,0,2,27,2,0,1,55,0,4,3,62
SL050,34084545112,1072,23,2,254,1058,19,8,131,2130,10,42,385,2567
SL050,34084545113,1007,7,11,86,980,7,8,65,1987,19,14,151,2171
SL050,34084545114,302,0,8,5,285,1,12,13,587,20,1,18,626
SL050,34084545115,1555,25,27,164,1535,29,34,117,3090,61,54,281,3486
SL050,34084545116,373,7,16,52,382,7,14,30,755,30,14,82,881
SL050,34084545117,454,0,3,9,401,0,3,13,855,6,0,22,883
SL050,34084545118,1268,8,56,87,1175,12,56,105,2443,112,20,192,2767
SL050,34084545119,2175,43,109,207,1958,38,129,187,4133,238,81,394,4846
SL050,34084545120,71,0,0,3,52,0,3,2,123,3,0,5,131
SL050,34084545121,4304,164,321,804,4130,170,353,821,8434,674,334,1625,11067
SL050,34084545122,3405,58,138,335,3172,46,182,321,6577,320,104,656,7657
SL050,34084545123,2090,11,67,101,1740,17,89,164,3830,156,28,265,4279
SL050,34084545124,1239,2,19,51,1239,2,25,47,2478,44,4,98,2624
SL050,34084545125,1253,2,19,34,1279,3,20,48,2532,39,5,82,2658
SL050,34084545126,137,4,15,21,128,2,13,18,265,28,6,39,338
SL050,34084545127,448,1,9,29,384,3,12,21,832,21,4,50,907
SL050,34084545128,1524,12,25,68,1505,6,40,58,3029,65,18,126,3238
SL050,34084545129,55,1,0,2,55,1,1,4,110,1,2,6,119
SL050,34084545130,164,0,10,10,144,1,6,8,308,16,1,18,343
SL050,34084545131,169,0,1,4,122,0,3,6,291,4,0,10,305
SL050,34084545132,1439,0,36,27,1331,2,41,31,2770,77,2,58,2907
SL050,34084545133,1656,29,43,163,1668,35,49,145,3324,92,64,308,3788
SL050,34084545134,944,20,56,78,926,29,48,87,1870,104,49,165,2188
SL050,34084545135,2515,24,8,129,2449,23,13,117,4964,21,47,246,5278
SL050,34084545136,3443,60,116,350,3366,54,103,319,6809,219,114,669,7811
SL050,34084545137,981,7,7,108,951,17,16,101,1932,23,24,209,2188
SL050,34084545138,600,2,4,14,607,2,8,9,1207,12,4,23,1246
SL050,34084545139,83,0,0,3,71,0,0,4,154,0,0,7,161
SL050,34084545140,645,17,26,88,611,20,24,90,1256,50,37,178,1521
SL050,34084545141,478,0,3,32,466,5,2,20,944,5,5,52,1006
SL050,34084545142,4634,128,61,590,4711,163,83,548,9345,144,291,1138,10918
SL050,34084545143,709,4,28,32,676,4,19,39,1385,47,8,71,1511
SL050,34084545144,445,7,9,48,370,3,14,49,815,23,10,97,945
SL050,34084545145,1565,124,76,546,1455,92,66,282,3020,142,216,828,4206
SL050,34084545146,51,0,0,3,49,0,1,1,100,1,0,4,105
SL050,34084545147,351,1,4,19,330,1,13,22,681,17,2,41,741
SL050,34084545148,158,0,2,3,121,0,4,1,279,6,0,4,289
SL050,34084545149,276,1,5,13,278,3,4,14,554,9,4,27,594
SL050,34084545150,228,0,3,4,196,1,2,4,424,5,1,8,438
SL050,34084545151,291,7,3,59,321,6,6,33,612,9,13,92,726
SL050,34084545152,329,1,5,27,296,6,5,25,625,10,7,52,694
SL050,34084545153,858,3,12,34,849,2,14,33,1707,26,5,67,1805
SL050,34084545154,914,4,35,43,795,1,42,37,1709,77,5,80,1871
SL050,34084545155,191,0,0,15,143,1,4,11,334,4,1,26,365
SL050,34084545156,2006,4,15,117,1962,7,16,111,3968,31,11,228,4238
SL050,34084545157,1328,7,105,106,1167,14,97,122,2495,202,21,228,2946
SL050,34084545158,1464,24,60,101,1404,16,57,91,2868,117,40,192,3217
SL050,34084545159,58,0,1,1,38,0,1,1,96,2,0,2,100
SL050,34084545160,652,3,13,10,652,2,9,12,1304,22,5,22,1353
SL050,34084545161,9629,269,876,1725,8733,239,1016,1768,18362,1892,508,3493,24255
SL050,34084545162,357,5,1,16,297,3,3,16,654,4,8,32,698
SL050,34084545163,4887,41,284,346,4869,50,206,338,9756,490,91,684,11021
SL050,34084545164,101,0,0,2,88,0,0,2,189,0,0,4,193
SL050,34084545165,35698,349,1313,2507,38481,305,1718,2638,74179,3031,654,5145,83009
SL050,34084545166,895,9,40,70,888,6,25,63,1783,65,15,133,1996
SL050,34084545167,787,13,9,81,770,16,16,91,1557,25,29,172,1783
SL050,34084545168,36127,299,1189,2627,38868,295,1555,3322,74995,2744,594,5949,84282
SL050,34084545169,102,1,1,6,99,1,0,3,201,1,2,9,213
SL050,34084545170,115,0,1,6,90,0,1,12,205,2,0,18,225
SL050,34084545171,801,4,19,42,768,9,12,47,1569,31,13,89,1702
SL050,34084545172,360,1,5,7,346,1,4,7,706,9,2,14,731
SL050,34084545173,5656,111,242,535,5789,102,287,556,11445,529,213,1091,13278
SL050,34084545174,168,0,2,4,162,1,2,7,330,4,1,11,346
SL050,34084545175,353,4,1,36,339,9,4,22,692,5,13,58,768
SL050,34084545176,2504,23,88,140,2289,36,106,150,4793,194,59,290,5336
SL050,34084545177,1170,19,4,81,1188,12,9,75,2358,13,31,156,2558
SL050,34084545179,270,1,4,8,281,0,4,18,551,8,1,26,586
SL050,34084545180,1742,73,70,251,1693,58,72,259,3435,142,131,510,4218
SL050,34084545181,1419,2,41,28,1301,5,34,35,2720,75,7,63,2865
SL050,34084545182,520,4,15,33,519,5,8,23,1039,23,9,56,1127
SL050,34084545183,1547,11,72,86,1357,17,84,94,2904,156,28,180,3268
SL050,34084545184,109,0,0,4,113,0,0,3,222,0,0,7,229
SL050,34084545185,4544,35,60,184,4616,15,73,162,9160,133,50,346,9689
SL050,34084545186,1725,6,22,100,1744,10,34,82,3469,56,16,182,3723
SL050,34084545187,2297,21,33,103,2331,16,28,100,4628,61,37,203,4929
SL050,34084545188,1651,44,47,145,1663,36,51,132,3314,98,80,277,3769
SL050,34084545189,376,5,19,45,334,15,21,52,710,40,20,97,867
SL050,34084545190,260,3,0,9,256,1,0,10,516,0,4,19,539
SL050,34084545191,318,0,0,7,288,1,1,5,606,1,1,12,620
SL050,34084545192,1442,42,5,228,1354,45,8,174,2796,13,87,402,3298
SL050,34084545193,357,4,2,12,336,2,2,13,693,4,6,25,728
SL050,34084545194,33,0,1,4,33,0,1,1,66,2,0,5,73
SL050,34084545195,1208,7,18,49,1211,5,17,67,2419,35,12,116,2582
SL050,34084545196,811,21,9,56,809,13,10,64,1620,19,34,120,1793
SL050,34084545197,1138,16,29,96,1066,23,26,102,2204,55,39,198,2496
SL050,34084545198,1054,31,18,124,1002,24,29,108,2056,47,55,232,2390
SL050,34084545199,2067,25,72,170,1709,38,80,190,3776,152,63,360,4351
SL050,34084545200,2708,34,51,268,2655,31,40,196,5363,91,65,464,5983
SL050,34084545201,2214,85,119,288,1996,71,122,269,4210,241,156,557,5164
SL050,34084545202,2434,13,58,116,2250,20,66,126,4684,124,33,242,5083
SL050,34084545203,1624,39,59,194,1572,32,60,179,3196,119,71,373,3759
SL050,34084545204,373,6,9,31,361,2,9,18,734,18,8,49,809
SL050,34084545205,4501,138,320,659,4239,144,316,651,8740,636,282,1310,10968
SL050,34084545901,449,8,25,52,405,1,33,51,854,58,9,103,1024
SL050,34104646001,453,23,10,71,397,21,7,64,850,17,44,135,1046
SL050,34104646002,652,3,27,57,580,2,27,45,1232,54,5,102,1393
SL050,34104646003,571,0,1,14,550,0,6,20,1121,7,0,34,1162
SL050,34104646004,1138,5,18,42,1149,5,21,35,2287,39,10,77,2413
SL050,34104646005,13316,90,393,583,13786,105,437,631,27102,830,195,1214,29341
SL050,34104646006,2598,38,66,231,2647,17,66,245,5245,132,55,476,5908
SL050,34104646007,7503,66,252,317,7449,58,268,357,14952,520,124,674,16270
SL050,34104646008,1482,12,40,135,1526,9,29,96,3008,69,21,231,3329
SL050,34104646009,1802,17,45,69,1869,9,50,83,3671,95,26,152,3944
SL050,34104646010,569,1,25,37,516,2,15,37,1085,40,3,74,1202
SL050,34104646011,4406,78,167,579,4569,70,146,541,8975,313,148,1120,10556
SL050,34104646012,558,0,11,24,501,1,9,23,1059,20,1,47,1127
SL050,34104646013,10291,94,490,963,10638,90,587,1069,20929,1077,184,2032,24222
SL050,34104646014,1770,19,46,112,1829,15,61,131,3599,107,34,243,3983
SL050,34104646015,4467,54,128,326,4410,57,114,352,8877,242,111,678,9908
SL050,34104646016,608,1,8,29,618,3,11,19,1226,19,4,48,1297
SL050,34104646017,18655,318,785,1927,19780,274,845,1809,38435,1630,592,3736,44393
SL050,34104646018,337,0,3,10,294,1,1,8,631,4,1,18,654
SL050,34104646019,5139,82,184,445,5421,68,183,416,10560,367,150,861,11938
SL050,34104646020,2224,44,32,286,2285,32,46,239,4509,78,76,525,5188
SL050,34104646021,14493,69,490,639,14589,70,490,652,29082,980,139,1291,31492
SL050,34104646022,8532,168,524,950,8928,157,591,913,17460,1115,325,1863,20763
SL050,34104646023,194,0,1,31,180,0,7,27,374,8,0,58,440
SL050,34104646024,256,1,2,8,246,0,7,19,502,9,1,27,539
SL050,34104646025,1444,5,30,125,1479,6,39,186,2923,69,11,311,3314
SL050,34104646026,734,2,14,42,691,1,10,38,1425,24,3,80,1532
SL050,34104646027,564,6,6,49,566,10,12,49,1130,18,16,98,1262
SL050,34104646028,215,1,8,21,198,2,5,20,413,13,3,41,470
SL050,34104646029,11940,181,585,853,12233,170,536,787,24173,1121,351,1640,27285
SL050,34104646030,460,8,19,23,471,1,14,23,931,33,9,46,1019
SL050,34104646031,5934,77,200,423,5869,51,213,333,11803,413,128,756,13100
SL050,34104646032,3304,16,93,145,3450,25,122,140,6754,215,41,285,7295
SL050,34104646033,114,3,1,15,109,0,1,15,223,2,3,30,258
SL050,34104646034,1094,10,30,66,1066,10,34,69,2160,64,20,135,2379
SL050,34104646035,4039,40,160,226,3982,38,195,252,8021,355,78,478,8932
SL050,34104646036,341,2,3,7,276,1,2,5,617,5,3,12,637
SL050,34104646037,595,12,26,54,643,3,25,60,1238,51,15,114,1418
SL050,34104646038,190,0,3,5,99,0,1,5,289,4,0,10,303
SL050,34104646039,1203,10,22,86,1208,6,22,81,2411,44,16,167,2638
SL050,34104646040,549,4,8,31,578,1,7,31,1127,15,5,62,1209
SL050,34104646041,200,3,2,6,156,1,1,5,356,3,4,11,374
SL050,34104646042,2033,46,33,215,2059,24,23,213,4092,56,70,428,4646
SL050,34104646043,77,0,4,3,66,0,2,3,143,6,0,6,155
SL050,34104646044,2456,10,38,120,2442,9,53,148,4898,91,19,268,5276
SL050,34104646045,740,4,14,64,709,2,16,55,1449,30,6,119,1604
SL050,34104646046,508,5,16,109,456,3,22,110,964,38,8,219,1229
SL050,34104646047,307,1,2,16,324,1,3,18,631,5,2,34,672
SL050,34104646048,1994,18,88,174,1985,17,111,162,3979,199,35,336,4549
SL050,34104646049,159,0,1,5,143,0,2,4,302,3,0,9,314
SL050,34104646050,107,0,1,0,79,0,2,1,186,3,0,1,190
SL050,34104646051,4913,65,178,399,4705,49,190,379,9618,368,114,778,10878
SL050,34104646052,274,0,3,3,300,2,3,9,574,6,2,12,594
SL050,34104646053,310,0,0,17,307,0,4,10,617,4,0,27,648
SL050,34104646054,6359,62,293,414,6732,70,310,428,13091,603,132,842,14668
SL050,34104646055,767,5,41,67,764,8,39,55,1531,80,13,122,1746
SL050,34104646056,103,1,3,10,89,1,1,16,192,4,2,26,224
SL050,34104646057,277,0,5,9,273,1,8,9,550,13,1,18,582
SL050,34104646058,1011,8,22,43,1018,4,30,32,2029,52,12,75,2168
SL050,34104646059,709,6,18,56,714,4,16,57,1423,34,10,113,1580
SL050,34104646060,5327,56,185,350,5447,48,186,331,10774,371,104,681,11930
SL050,34104646061,223,0,6,5,203,0,11,7,426,17,0,12,455
SL050,34104646062,2731,40,43,172,2651,39,50,173,5382,93,79,345,5899
SL050,34104646063,1058,9,21,49,1026,5,26,47,2084,47,14,96,2241
SL050,34104646064,318,0,14,14,295,1,8,10,613,22,1,24,660
SL050,34104646065,951,2,20,12,908,1,19,18,1859,39,3,30,1931
SL050,34104646066,715,1,26,27,736,4,29,38,1451,55,5,65,1576
SL050,34104646067,1021,4,43,45,1019,12,39,41,2040,82,16,86,2224
SL050,34104646068,219,1,1,5,178,2,5,7,397,6,3,12,418
SL050,34104646069,78,1,0,9,82,1,0,9,160,0,2,18,180
SL050,34104646070,10512,80,557,668,10414,81,552,783,20926,1109,161,1451,23647
SL050,34104646071,260,0,3,1,249,0,1,10,509,4,0,11,524
SL050,34104646072,2070,7,23,31,2015,2,31,35,4085,54,9,66,4214
SL050,34104646073,606,6,17,48,606,3,16,45,1212,33,9,93,1347
SL050,34104646074,1656,6,51,79,1694,11,41,107,3350,92,17,186,3645
SL050,34104646075,85,0,0,0,72,0,1,1,157,1,0,1,159
SL050,34104646076,303,3,7,54,296,5,12,35,599,19,8,89,715
SL050,34104646077,4418,26,109,206,4371,29,129,229,8789,238,55,435,9517
SL050,34104646078,15872,170,707,1376,16878,153,842,1586,32750,1549,323,2962,37584
SL050,34104646079,184,0,6,3,135,0,8,6,319,14,0,9,342
SL050,34104646080,554,0,14,45,520,4,10,48,1074,24,4,93,1195
SL050,34104646081,5910,81,94,714,5954,76,101,658,11864,195,157,1372,13588
SL050,34104646082,3056,25,93,193,2824,26,138,220,5880,231,51,413,6575
SL050,34104646083,8733,141,326,907,9179,114,325,699,17912,651,255,1606,20424
SL050,34104646084,819,7,22,41,928,4,21,34,1747,43,11,75,1876
SL050,34104646085,6602,147,185,792,6697,146,179,766,13299,364,293,1558,15514
SL050,34104646086,45,0,2,2,42,0,2,0,87,4,0,2,93
SL050,34104646087,71,0,0,2,59,0,4,0,130,4,0,2,136
SL050,34104646088,87,0,1,1,79,0,2,2,166,3,0,3,172
SL050,34104646089,1319,2,26,82,1222,3,36,83,2541,62,5,165,2773
SL050,34104646090,993,21,22,121,944,12,19,143,1937,41,33,264,2275
SL050,34104646091,63,0,4,10,53,0,2,13,116,6,0,23,145
SL050,34104646092,155,0,0,5,136,1,0,9,291,0,1,14,306
SL050,34104646093,1259,12,39,106,1234,21,52,107,2493,91,33,213,2830
SL050,34104646094,12203,140,536,857,12553,135,556,847,24756,1092,275,1704,27827
SL050,34104646095,337,4,1,18,308,1,13,14,645,14,5,32,696
SL050,34104646096,172,0,1,7,144,0,3,7,316,4,0,14,334
SL050,34104646097,557,0,5,11,506,1,13,32,1063,18,1,43,1125
SL050,34104646098,1408,19,41,96,1475,14,36,71,2883,77,33,167,3160
SL050,34104646099,445,1,1,3,351,2,5,10,796,6,3,13,818
SL050,34104646100,157,0,2,11,153,0,4,5,310,6,0,16,332
SL050,34104646101,452,2,6,13,494,1,13,11,946,19,3,24,992
SL050,34104646102,10989,83,352,554,11524,89,365,580,22513,717,172,1134,24536
SL050,34104646103,711,0,10,25,770,8,10,27,1481,20,8,52,1561
SL050,34104646104,1097,2,6,22,1067,4,13,28,2164,19,6,50,2239
SL050,34104646105,8877,124,519,1390,9141,101,543,1223,18018,1062,225,2613,21918
SL050,34104646106,756,0,13,4,703,0,14,8,1459,27,0,12,1498
SL050,34104646107,1042,6,40,133,1103,10,35,100,2145,75,16,233,2469
SL050,34104646108,258,0,3,6,214,0,4,9,472,7,0,15,494
SL050,34104646109,3572,62,119,496,3574,63,96,337,7146,215,125,833,8319
SL050,34104646110,12036,195,647,1507,12482,183,688,1370,24518,1335,378,2877,29108
SL050,34104646111,6724,34,352,563,6330,40,385,513,13054,737,74,1076,14941
SL050,34104646112,288,2,2,33,254,2,5,29,542,7,4,62,615
SL050,34104646113,1401,5,51,97,1414,6,56,98,2815,107,11,195,3128
SL050,34104646114,342,3,12,5,315,1,13,13,657,25,4,18,704
SL050,34104646115,198,0,0,5,147,0,0,5,345,0,0,10,355
SL050,34104646116,7659,47,362,712,7964,42,518,746,15623,880,89,1458,18050
SL050,34104646117,340,3,4,11,303,1,11,19,643,15,4,30,692
SL050,34104646118,2070,15,39,245,2155,17,39,220,4225,78,32,465,4800
SL050,34104646119,436,0,7,15,423,3,9,10,859,16,3,25,903
SL050,34104646120,658,2,17,16,702,1,11,25,1360,28,3,41,1432
SL050,34104646121,58,1,2,0,59,0,0,2,117,2,1,2,122
SL050,34104646122,1601,24,46,112,1575,15,54,120,3176,100,39,232,3547
SL050,34104646123,1132,9,56,72,1095,11,46,69,2227,102,20,141,2490
SL050,34104646124,465,3,4,24,449,6,4,24,914,8,9,48,979
SL050,34104646125,485,0,20,8,492,4,11,10,977,31,4,18,1030
SL050,34104646126,3303,27,102,194,3372,29,116,199,6675,218,56,393,7342
SL050,34104646127,1573,25,66,218,1620,17,56,215,3193,122,42,433,3790
SL050,34104646128,925,8,23,65,928,12,23,54,1853,46,20,119,2038
SL050,34104646129,322,5,9,40,260,7,3,36,582,12,12,76,682
SL050,34104646130,483,2,10,15,517,0,15,16,1000,25,2,31,1058
SL050,34104646131,26818,843,2175,6459,28650,741,2293,5850,55468,4468,1584,12309,73829
SL050,34104646132,1331,14,22,60,1303,16,24,58,2634,46,30,118,2828
SL050,34104646133,267,0,6,24,237,2,7,11,504,13,2,35,554
SL050,34104646134,1471,19,71,143,1351,12,65,144,2822,136,31,287,3276
SL050,34104646135,5737,35,186,376,6022,34,242,426,11759,428,69,802,13058
SL050,34104646136,1594,11,56,110,1496,9,58,128,3090,114,20,238,3462
SL050,34104646137,139,0,3,3,146,0,1,5,285,4,0,8,297
SL050,34104646138,219,0,4,9,193,0,8,11,412,12,0,20,444
SL050,34104646139,2598,28,82,196,2710,24,95,181,5308,177,52,377,5914
SL050,34104646140,230,1,11,15,205,2,13,14,435,24,3,29,491
SL050,34104646141,254,0,4,12,226,0,5,7,480,9,0,19,508
SL050,34104646142,414,0,7,12,397,2,5,8,811,12,2,20,845
SL050,34104646143,2421,36,106,317,2398,40,100,284,4819,206,76,601,5702
SL050,34104646144,377,1,7,19,353,1,6,12,730,13,2,31,776
SL050,34104646145,12534,159,304,1197,13181,147,405,1118,25715,709,306,2315,29045
SL050,34104646146,981,16,46,60,929,11,42,60,1910,88,27,120,2145
SL050,34104646147,9953,130,517,1033,9801,105,530,903,19754,1047,235,1936,22972
SL050,34104646148,942,3,27,46,872,3,37,54,1814,64,6,100,1984
SL050,34104646149,205,5,5,48,188,11,2,40,393,7,16,88,504
SL050,34104646150,1118,7,18,78,1060,3,16,73,2178,34,10,151,2373
SL050,34104646151,447,0,7,12,406,1,4,16,853,11,1,28,893
SL050,34104646152,46,2,7,7,43,1,2,10,89,9,3,17,118
SL050,34104646153,251,0,5,15,255,0,6,10,506,11,0,25,542
SL050,34104646154,486,2,10,27,482,0,13,29,968,23,2,56,1049
SL050,34104646155,570,1,27,25,537,2,29,18,1107,56,3,43,1209
SL050,34104646156,1185,14,37,108,1184,17,48,93,2369,85,31,201,2686
SL050,34104646157,1747,11,22,52,1654,6,28,65,3401,50,17,117,3585
SL050,34104646158,618,1,10,28,542,1,11,29,1160,21,2,57,1240
SL050,34104646159,13358,183,504,1083,13760,161,552,1092,27118,1056,344,2175,30693
SL050,34104646160,1085,15,33,60,1150,5,33,58,2235,66,20,118,2439
SL050,34104646161,908,0,28,23,815,3,30,21,1723,58,3,44,1828
SL050,34104646162,698,8,33,94,641,8,24,69,1339,57,16,163,1575
SL050,34104646163,1138,9,27,58,1125,13,38,72,2263,65,22,130,2480
SL050,34104646164,6974,83,309,434,7084,62,344,462,14058,653,145,896,15752
SL050,34104646165,4252,36,156,297,4287,26,180,304,8539,336,62,601,9538
SL050,34104646166,4760,37,115,319,4898,39,171,323,9658,286,76,642,10662
SL050,34104646167,177,0,0,3,161,0,3,2,338,3,0,5,346
SL050,34104646168,1148,6,73,115,1073,8,75,101,2221,148,14,216,2599
SL050,34104646169,17743,215,978,2065,18878,222,1212,1965,36621,2190,437,4030,43278
SL050,34104646170,2024,12,18,107,2012,8,28,109,4036,46,20,216,4318
SL050,34104646171,9529,69,300,770,9759,81,332,962,19288,632,150,1732,21802
SL050,34104646172,3298,71,117,453,3007,67,140,430,6305,257,138,883,7583
SL050,34104646173,773,6,13,28,765,3,22,21,1538,35,9,49,1631
SL050,34104646174,557,6,8,30,548,0,3,28,1105,11,6,58,1180
SL050,34104646175,249,9,5,38,263,3,3,35,512,8,12,73,605
SL050,34104646176,1277,23,27,182,1092,20,38,163,2369,65,43,345,2822
SL050,34104646177,2826,36,95,230,2733,43,109,219,5559,204,79,449,6291
SL050,34104646178,2984,17,88,151,2701,7,107,150,5685,195,24,301,6205
SL050,34104646179,1243,30,44,183,1194,38,40,203,2437,84,68,386,2975
SL050,34104646180,381,2,7,25,392,1,11,19,773,18,3,44,838
SL050,34104646181,9430,283,505,2162,10020,266,519,2014,19450,1024,549,4176,25199
SL050,34104646182,812,4,28,88,717,3,22,92,1529,50,7,180,1766
SL050,34104646183,3545,67,55,457,3498,54,89,460,7043,144,121,917,8225
SL050,34104646184,15257,226,508,1502,15747,219,537,1399,31004,1045,445,2901,35395
SL050,34104646185,216,0,3,7,211,0,3,6,427,6,0,13,446
SL050,34104646186,11496,46,441,553,11662,37,458,616,23158,899,83,1169,25309
SL050,34104646187,723,1,14,59,671,2,18,55,1394,32,3,114,1543
SL050,34104646188,434,10,30,70,402,13,31,57,836,61,23,127,1047
SL050,34104646189,269,0,6,17,259,0,6,19,528,12,0,36,576
SL050,34104646190,30201,266,1463,2324,30390,274,1741,2497,60591,3204,540,4821,69156
SL050,34104646191,1148,21,39,252,1050,18,37,212,2198,76,39,464,2777
SL050,34104646192,446,6,10,19,447,7,14,20,893,24,13,39,969
SL050,34104646193,5214,19,191,228,5213,16,257,271,10427,448,35,499,11409
SL050,34104646194,9549,66,327,497,9310,56,360,544,18859,687,122,1041,20709
SL050,34104646195,1091,21,90,157,1071,25,86,147,2162,176,46,304,2688
SL050,34104646196,72,0,0,5,74,0,2,3,146,2,0,8,156
SL050,34104646197,1136,15,42,44,1118,14,44,46,2254,86,29,90,2459
SL050,34104646198,474,3,12,24,454,0,18,29,928,30,3,53,1014
SL050,34104646199,3457,52,129,302,3312,48,163,377,6769,292,100,679,7840
SL050,34104646200,1050,19,8,159,1089,10,11,191,2139,19,29,350,2537
SL050,34104646201,38,0,0,0,23,0,0,0,61,0,0,0,61
SL050,34104646202,10902,99,446,665,10603,80,539,734,21505,985,179,1399,24068
SL050,34104646203,2068,10,65,111,2058,13,47,110,4126,112,23,221,4482
SL050,34104646204,3808,10,138,224,3958,21,176,231,7766,314,31,455,8566
SL050,34104646205,8376,107,325,753,8594,106,360,834,16970,685,213,1587,19455
SL050,34104646206,332,0,5,11,285,0,16,13,617,21,0,24,662
SL050,34104646207,4024,34,96,238,4145,23,125,244,8169,221,57,482,8929
SL050,34104646208,612,2,24,30,629,2,35,24,1241,59,4,54,1358
SL050,34104646209,1103,2,29,46,1117,2,29,42,2220,58,4,88,2370
SL050,34104646210,197,0,6,14,201,2,7,13,398,13,2,27,440
SL050,34104646211,1047,7,54,62,1058,8,58,101,2105,112,15,163,2395
SL050,34104646212,974,9,20,102,923,16,12,96,1897,32,25,198,2152
SL050,34104646213,9075,86,267,665,9060,82,334,658,18135,601,168,1323,20227
SL050,34104646214,9997,101,402,657,9655,79,434,667,19652,836,180,1324,21992
SL050,34104646215,838,2,22,18,804,3,26,21,1642,48,5,39,1734
SL050,34104646216,3212,8,102,182,3243,12,128,273,6455,230,20,455,7160
SL050,34104646217,519,0,9,32,516,1,10,27,1035,19,1,59,1114
SL050,34104646218,609,1,10,25,571,2,17,27,1180,27,3,52,1262
SL050,34104646219,74,1,2,7,65,0,2,11,139,4,1,18,162
SL050,34104646220,27347,446,1236,3144,28496,406,1414,3180,55843,2650,852,6324,65669
SL050,34104646221,208,0,6,6,199,0,4,10,407,10,0,16,433
SL050,34104646222,232,1,5,2,235,0,5,6,467,10,1,8,486
SL050,34104646223,4462,47,190,291,4698,52,197,308,9160,387,99,599,10245
SL050,34104646224,78,0,4,0,71,0,3,2,149,7,0,2,158
SL050,34104646225,183,0,6,1,183,0,3,3,366,9,0,4,379
SL050,34104646226,16,0,1,1,14,0,0,3,30,1,0,4,35
SL050,34104646227,535,1,19,16,551,3,9,9,1086,28,4,25,1143
SL050,34104646228,1439,2,47,97,1358,9,48,91,2797,95,11,188,3091
SL050,34104646229,573,4,21,35,470,3,20,45,1043,41,7,80,1171
SL050,34104646230,8090,80,329,671,8196,77,339,685,16286,668,157,1356,18467
SL050,34104646231,1368,32,35,222,1390,36,37,205,2758,72,68,427,3325
SL050,34104646232,505,0,17,61,450,3,18,70,955,35,3,131,1124
SL050,34104646233,2177,12,58,134,2271,13,64,155,4448,122,25,289,4884
SL050,34104646234,183,0,6,3,150,0,7,3,333,13,0,6,352
SL050,34104646235,12128,96,416,891,12554,96,432,847,24682,848,192,1738,27460
SL050,34104646236,532,0,8,15,522,1,12,19,1054,20,1,34,1109
SL050,34104646237,4094,28,144,211,4231,28,194,187,8325,338,56,398,9117
SL050,34104646238,7582,98,287,587,7659,69,300,576,15241,587,167,1163,17158
SL050,34104646239,254,1,3,76,238,0,3,75,492,6,1,151,650
SL050,34104646240,121,0,3,20,117,0,2,17,238,5,0,37,280
SL050,34104646241,234,0,3,4,213,0,1,4,447,4,0,8,459
SL050,34104646242,182,6,10,15,169,2,5,8,351,15,8,23,397
SL050,34104646243,79,1,1,2,59,0,4,2,138,5,1,4,148
SL050,34104646244,34950,491,1567,3029,35932,472,1629,3175,70882,3196,963,6204,81245
SL050,34104646245,293,0,15,26,268,1,7,30,561,22,1,56,640
SL050,34104646246,608,2,7,12,595,3,10,17,1203,17,5,29,1254
SL050,34104646247,570,1,6,22,507,1,8,17,1077,14,2,39,1132
SL050,34104646248,3062,27,66,315,2800,31,67,255,5862,133,58,570,6623
SL050,34104646249,5321,41,80,317,5341,39,101,300,10662,181,80,617,11540
SL050,34104646250,306656,4194,21346,44552,340861,3977,26919,42908,647517,48265,8171,87460,791413
SL050,34104646251,1432,9,12,85,1405,5,12,76,2837,24,14,161,3036
SL050,34104646252,65,0,0,0,61,0,0,0,126,0,0,0,126
SL050,34104646253,79,0,1,5,68,0,1,3,147,2,0,8,157
SL050,34104646254,572,9,7,77,504,4,12,57,1076,19,13,134,1242
SL050,34104646255,1830,14,40,211,1940,10,67,191,3770,107,24,402,4303
SL050,34104646256,4400,46,141,365,4035,29,148,386,8435,289,75,751,9550
SL050,34104646257,3102,52,102,245,3198,48,103,245,6300,205,100,490,7095
SL050,34104646258,1583,23,26,183,1551,24,20,169,3134,46,47,352,3579
SL050,34104646259,276,3,3,25,254,0,5,20,530,8,3,45,586
SL050,34104646260,1570,4,30,39,1639,2,48,48,3209,78,6,87,3380
SL050,34104646261,1004,3,22,39,943,3,15,44,1947,37,6,83,2073
SL050,34104646262,120,0,0,0,106,0,0,1,226,0,0,1,227
SL050,34104646263,157,1,0,42,112,0,1,52,269,1,1,94,365
SL050,34104646902,177,0,3,4,201,0,4,3,378,7,0,7,392
SL050,34104646903,3959,26,186,203,3959,17,236,260,7918,422,43,463,8846
SL050,34104646904,445,0,18,20,463,1,14,13,908,32,1,33,974
SL050,34074747001,36,0,0,0,22,0,0,0,58,0,0,0,58
SL050,34074747002,16,0,0,0,6,0,0,1,22,0,0,1,23
SL050,34074747003,129,1,1,11,91,1,0,10,220,1,2,21,244
SL050,34074747004,670,1,11,58,587,1,14,40,1257,25,2,98,1382
SL050,34074747005,305,0,4,36,274,0,2,19,579,6,0,55,640
SL050,34074747006,119,0,1,0,100,0,1,1,219,2,0,1,222
SL050,34074747007,2667,5,79,65,2450,2,108,79,5117,187,7,144,5455
SL050,34074747008,10,0,0,0,11,0,0,0,21,0,0,0,21
SL050,34074747009,67,0,1,0,37,0,0,0,104,1,0,0,105
SL050,34074747010,9403,31,229,221,9103,18,310,317,18506,539,49,538,19632
SL050,34074747011,306,0,0,0,241,0,2,0,547,2,0,0,549
SL050,34074747012,48,1,0,1,55,1,0,2,103,0,2,3,108
SL050,34074747013,54,0,0,0,42,0,0,0,96,0,0,0,96
SL050,34074747014,27,1,2,6,17,0,1,2,44,3,1,8,56
SL050,34074747015,110,2,1,21,78,6,2,24,188,3,8,45,244
SL050,34074747016,34,0,1,0,32,0,1,0,66,2,0,0,68
SL050,34074747017,114,0,0,1,95,0,0,0,209,0,0,1,210
SL050,34074747018,23,0,0,1,14,0,1,0,37,1,0,1,39
SL050,34074747019,47,1,0,5,36,0,0,6,83,0,1,11,95
SL050,34074747020,166,0,1,2,125,0,2,2,291,3,0,4,298
SL050,34074747021,45,0,0,2,35,0,0,2,80,0,0,4,84
SL050,34074747022,26,0,0,0,35,0,0,0,61,0,0,0,61
SL050,34074747023,2008,4,65,47,1906,3,63,58,3914,128,7,105,4154
SL050,34074747024,134,3,0,27,114,1,1,24,248,1,4,51,304
SL050,34074747025,60,0,1,1,56,0,1,1,116,2,0,2,120
SL050,34074747026,27,1,1,11,19,0,1,8,46,2,1,19,68
SL050,34074747027,1803,8,20,47,1717,7,26,65,3520,46,15,112,3693
SL050,34074747028,19,0,0,1,16,0,0,0,35,0,0,1,36
SL050,34074747029,29,0,0,4,21,0,0,4,50,0,0,8,58
SL050,34074747030,562,1,6,33,458,3,8,31,1020,14,4,64,1102
SL050,34074747031,127,0,2,6,86,0,3,4,213,5,0,10,228
SL050,34074747032,88,0,0,2,61,0,1,3,149,1,0,5,155
SL050,34074747033,122,1,0,5,94,0,4,2,216,4,1,7,228
SL050,34074747034,42,0,0,1,29,0,0,0,71,0,0,1,72
SL050,34074747035,536,1,4,1,476,2,3,1,1012,7,3,2,1024
SL050,34074747036,125,1,0,11,98,0,1,8,223,1,1,19,244
SL050,34074747037,84,0,0,0,86,0,2,2,170,2,0,2,174
SL050,34074747038,60,1,0,4,42,0,2,1,102,2,1,5,110
SL050,34074747039,102,0,0,0,76,0,0,1,178,0,0,1,179
SL050,34074747040,33,0,0,0,30,0,0,0,63,0,0,0,63
SL050,34074747041,92,0,2,0,65,0,1,1,157,3,0,1,161
SL050,34074747042,38,0,0,4,17,0,0,6,55,0,0,10,65
SL050,34074747043,171,0,0,7,118,0,4,9,289,4,0,16,309
SL050,34074747044,195,0,2,1,170,0,1,3,365,3,0,4,372
SL050,34074747045,402,2,4,22,398,5,10,18,800,14,7,40,861
SL050,34074747046,74,0,1,7,56,0,2,7,130,3,0,14,147
SL050,34074747047,131,2,2,5,78,0,2,5,209,4,2,10,225
SL050,34074747048,110,0,1,12,87,3,2,10,197,3,3,22,225
SL050,34074747049,54,0,0,0,40,0,0,0,94,0,0,0,94
SL050,34074747050,2462,5,68,99,2348,12,70,96,4810,138,17,195,5160
SL050,34074747051,195,1,2,3,177,1,0,2,372,2,2,5,381
SL050,34074747052,4330,20,108,114,4223,21,113,120,8553,221,41,234,9049
SL050,34074747053,71,0,0,0,70,0,2,1,141,2,0,1,144
SL050,34074747054,362,0,2,9,308,2,4,4,670,6,2,13,691
SL050,34074747055,110,1,2,1,94,0,0,1,204,2,1,2,209
SL050,34074747056,50,0,0,8,37,0,0,5,87,0,0,13,100
SL050,34074747057,158,0,3,15,123,0,3,5,281,6,0,20,307
SL050,34074747058,112,0,1,3,106,0,1,3,218,2,0,6,226
SL050,34074747059,72,2,1,4,37,0,0,10,109,1,2,14,126
SL050,34074747060,136,2,1,12,103,0,0,3,239,1,2,15,257
SL050,34074747061,142,0,1,2,121,0,0,6,263,1,0,8,272
SL050,34074747062,93,1,2,3,71,0,0,3,164,2,1,6,173
SL050,34074747063,56,0,0,1,51,0,0,2,107,0,0,3,110
SL050,34074747064,20,0,0,0,14,0,0,0,34,0,0,0,34
SL050,34074747065,482,0,3,2,418,1,3,4,900,6,1,6,913
SL050,34074747066,795,3,22,24,721,2,34,39,1516,56,5,63,1640
SL050,34074747067,79,0,1,1,69,0,1,5,148,2,0,6,156
SL050,34074747068,16,0,0,1,14,2,0,2,30,0,2,3,35
SL050,34074747069,65,1,0,1,61,0,0,1,126,0,1,2,129
SL050,34074747070,17,0,0,1,14,0,0,2,31,0,0,3,34
SL050,34074747071,246,0,0,2,216,0,3,57,462,3,0,59,524
SL050,34074747073,61,0,0,2,64,0,0,0,125,0,0,2,127
SL050,34074747074,91,0,2,4,64,0,2,3,155,4,0,7,166
SL050,34074747075,2796,27,65,303,2766,36,60,317,5562,125,63,620,6370
SL050,34074747076,10698,31,240,282,10696,37,326,335,21394,566,68,617,22645
SL050,34074747077,156,0,1,1,85,0,3,0,241,4,0,1,246
SL050,34074747078,94,0,0,0,80,0,1,0,174,1,0,0,175
SL050,34074747079,30,0,1,1,27,0,1,1,57,2,0,2,61
SL050,34074747080,21,1,1,4,22,2,1,3,43,2,3,7,55
SL050,34074747081,24,0,0,0,22,0,1,1,46,1,0,1,48
SL050,34074747082,474,14,0,48,445,18,4,42,919,4,32,90,1045
SL050,34074747083,53,3,1,6,35,1,1,7,88,2,4,13,107
SL050,34074747084,603,21,9,164,611,15,14,153,1214,23,36,317,1590
SL050,34074747085,9280,72,146,478,9904,70,203,430,19184,349,142,908,20583
SL050,34074747086,2174,7,16,114,2283,9,24,89,4457,40,16,203,4716
SL050,34074747087,195,3,8,18,179,2,3,20,374,11,5,38,428
SL050,34074747088,56,1,1,1,46,1,2,2,102,3,2,3,110
SL050,34074747089,76,0,1,9,65,0,0,6,141,1,0,15,157
SL050,34074747090,1469,22,35,182,1363,15,35,131,2832,70,37,313,3252
SL050,34074747091,41,0,0,1,34,0,1,1,75,1,0,2,78
SL050,34074747092,66,0,0,3,46,0,0,1,112,0,0,4,116
SL050,34074747093,468,1,5,6,396,0,3,5,864,8,1,11,884
SL050,34074747094,77,1,0,11,56,4,0,9,133,0,5,20,158
SL050,34074747095,26,0,0,0,15,0,0,0,41,0,0,0,41
SL050,34074747096,66,0,2,6,60,0,4,4,126,6,0,10,142
SL050,34074747097,186,1,2,4,164,0,3,6,350,5,1,10,366
SL050,34074747098,323,1,4,12,315,1,3,10,638,7,2,22,669
SL050,34074747099,80,0,0,0,79,0,0,0,159,0,0,0,159
SL050,34074747100,78,0,0,0,61,0,0,0,139,0,0,0,139
SL050,34074747101,979,13,9,42,926,9,12,49,1905,21,22,91,2039
SL050,34074747102,165,0,0,0,127,0,0,2,292,0,0,2,294
SL050,34074747103,157,2,1,13,127,1,1,11,284,2,3,24,313
SL050,34074747104,1585,22,33,157,1623,26,53,155,3208,86,48,312,3654
SL050,34074747105,113,0,1,1,93,0,2,2,206,3,0,3,212
SL050,34074747106,23,0,1,7,23,0,0,3,46,1,0,10,57
SL050,34074747109,95,0,2,3,87,0,1,2,182,3,0,5,190
SL050,34074747110,241,0,1,2,238,0,2,0,479,3,0,2,484
SL050,34074747111,555,0,6,19,538,2,7,15,1093,13,2,34,1142
SL050,34074747112,1545,16,40,104,1461,21,29,106,3006,69,37,210,3322
SL050,34074747113,89,5,0,9,70,2,0,10,159,0,7,19,185
SL050,34074747114,2332,24,34,150,2313,17,54,166,4645,88,41,316,5090
SL050,34074747115,158,2,3,7,124,1,0,3,282,3,3,10,298
SL050,34074747116,245,0,2,4,197,0,5,4,442,7,0,8,457
SL050,34074747117,167,0,1,2,158,0,0,2,325,1,0,4,330
SL050,34074747118,92,2,0,1,70,1,0,1,162,0,3,2,167
SL050,34074747119,49,0,0,1,40,0,1,0,89,1,0,1,91
SL050,34074747121,299,1,1,12,273,0,3,4,572,4,1,16,593
SL050,34074747122,1209,9,28,45,1085,3,17,58,2294,45,12,103,2454
SL050,34074747123,298,0,0,4,236,1,1,1,534,1,1,5,541
SL050,34074747124,234,3,2,22,210,6,3,16,444,5,9,38,496
SL050,34074747125,31,0,0,0,23,0,0,1,54,0,0,1,55
SL050,34074747126,27,0,0,0,21,0,0,0,48,0,0,0,48
SL050,34074747127,79,2,0,7,64,1,1,4,143,1,3,11,158
SL050,34074747128,27,0,0,1,29,2,1,1,56,1,2,2,61
SL050,34074747129,509,3,4,19,454,4,12,14,963,16,7,33,1019
SL050,34074747130,54,0,0,0,50,0,0,1,104,0,0,1,105
SL050,34074747131,95,0,1,1,78,0,4,3,173,5,0,4,182
SL050,34074747132,26,0,1,0,20,0,0,0,46,1,0,0,47
SL050,34074747133,1866,0,42,14,1779,1,43,19,3645,85,1,33,3764
SL050,34074747134,87,0,0,1,69,0,2,2,156,2,0,3,161
SL050,34074747135,56,0,0,0,41,0,0,0,97,0,0,0,97
SL050,34074747137,19,0,0,0,13,0,0,0,32,0,0,0,32
SL050,34074747138,130,0,0,2,100,0,1,2,230,1,0,4,235
SL050,34074747139,557,11,10,85,527,16,11,68,1084,21,27,153,1285
SL050,34074747140,73,0,0,0,41,0,0,0,114,0,0,0,114
SL050,34074747141,74,0,0,0,56,0,0,0,130,0,0,0,130
SL050,34074747142,80,0,0,6,50,0,0,4,130,0,0,10,140
SL050,34074747143,65,0,0,0,52,0,0,0,117,0,0,0,117
SL050,34074747144,45,0,0,3,37,0,0,1,82,0,0,4,86
SL050,34074747145,348,1,1,5,309,2,0,5,657,1,3,10,671
SL050,34074747146,170,1,4,3,153,0,4,4,323,8,1,7,339
SL050,34074747147,59,0,0,1,52,0,0,1,111,0,0,2,113
SL050,34074747148,247,4,2,10,214,0,3,15,461,5,4,25,495
SL050,34074747149,25,0,0,0,25,0,1,0,50,1,0,0,51
SL050,34074747150,136,5,2,18,151,1,2,13,287,4,6,31,328
SL050,34074747151,14,0,0,1,12,0,1,1,26,1,0,2,29
SL050,34074747152,41,0,0,9,36,0,2,3,77,2,0,12,91
SL050,34074747153,58,1,0,1,52,0,0,3,110,0,1,4,115
SL050,34074747154,85,0,0,5,63,0,3,2,148,3,0,7,158
SL050,34074747155,2110,10,56,55,1994,4,55,62,4104,111,14,117,4346
SL050,34074747156,88,0,0,1,78,0,0,1,166,0,0,2,168
SL050,34074747157,289,0,8,13,254,1,8,10,543,16,1,23,583
SL050,34074747158,495,10,4,46,481,8,2,48,976,6,18,94,1094
SL050,34074747159,499,8,4,84,468,9,13,50,967,17,17,134,1135
SL050,34074747160,227,0,2,0,198,0,1,3,425,3,0,3,431
SL050,34074747161,2495,9,64,91,2410,3,89,81,4905,153,12,172,5242
SL050,34074747162,31,0,0,0,24,0,0,0,55,0,0,0,55
SL050,34074747163,142,0,0,0,151,0,1,0,293,1,0,0,294
SL050,34074747164,205,1,0,27,185,1,0,14,390,0,2,41,433
SL050,34074747165,4051,34,68,324,3899,25,105,319,7950,173,59,643,8825
SL050,34074747166,131,1,0,2,130,3,4,4,261,4,4,6,275
SL050,34074747167,125,0,1,1,118,0,2,0,243,3,0,1,247
SL050,34074747168,20,0,0,1,11,0,0,1,31,0,0,2,33
SL050,34074747169,35,0,0,1,34,0,0,1,69,0,0,2,71
SL050,34074747170,22,0,0,2,18,0,0,0,40,0,0,2,42
SL050,34074747171,221,0,0,2,199,0,2,1,420,2,0,3,425
SL050,34074747172,79,0,0,0,69,0,1,1,148,1,0,1,150
SL050,34074747173,532,3,6,48,442,1,12,45,974,18,4,93,1089
SL050,34074747174,154,0,9,1,127,0,4,3,281,13,0,4,298
SL050,34074747175,4098,22,86,158,3918,16,104,145,8016,190,38,303,8547
SL050,34074747176,105,1,0,16,110,1,0,5,215,0,2,21,238
SL050,34074747177,60,0,0,1,41,0,0,0,101,0,0,1,102
SL050,34074747178,94,0,6,4,77,0,5,2,171,11,0,6,188
SL050,34074747179,221,3,6,21,187,5,3,25,408,9,8,46,471
SL050,34074747180,31,0,0,1,28,0,0,1,59,0,0,2,61
SL050,34074747181,95,1,0,7,81,1,1,11,176,1,2,18,197
SL050,34074747182,803,8,11,41,735,5,14,40,1538,25,13,81,1657
SL050,34074747183,64,1,1,1,61,0,0,5,125,1,1,6,133
SL050,34074747184,326,2,8,12,280,1,8,10,606,16,3,22,647
SL050,34074747185,54,0,0,6,36,0,0,4,90,0,0,10,100
SL050,34074747186,130154,653,4007,5568,146331,607,5586,5960,276485,9593,1260,11528,298866
SL050,34074747187,52,0,0,5,35,0,0,2,87,0,0,7,94
SL050,34074747188,58,0,0,1,47,1,0,1,105,0,1,2,108
SL050,34074747189,90,0,0,0,69,0,2,1,159,2,0,1,162
SL050,34074747190,54,0,0,0,59,0,0,0,113,0,0,0,113
SL050,34074747191,69,0,0,0,39,0,0,0,108,0,0,0,108
SL050,34074747192,60,0,1,2,42,0,1,2,102,2,0,4,108
SL050,34074747193,1021,3,23,18,918,4,24,27,1939,47,7,45,2038
SL050,34074747194,165,0,4,6,152,0,3,7,317,7,0,13,337
SL050,34074747195,271,0,1,5,211,0,5,11,482,6,0,16,504
SL050,34074747196,15,0,0,0,19,0,0,0,34,0,0,0,34
SL050,34074747197,512,4,0,30,461,4,3,19,973,3,8,49,1033
SL050,34074747198,43,0,0,4,28,0,2,5,71,2,0,9,82
SL050,34074747199,45,0,0,2,24,0,1,2,69,1,0,4,74
SL050,34074747200,53,0,1,0,28,0,1,0,81,2,0,0,83
SL050,34074747203,30,0,0,5,28,0,0,2,58,0,0,7,65
SL050,34074747204,130,1,2,4,124,0,4,9,254,6,1,13,274
SL050,34074747205,220,3,1,50,184,7,3,37,404,4,10,87,505
SL050,34074747206,45,0,0,1,36,0,0,0,81,0,0,1,82
SL050,34074747207,160,4,0,16,112,3,1,13,272,1,7,29,309
SL050,34074747208,32,0,0,2,29,0,2,2,61,2,0,4,67
SL050,34074747209,23,0,0,0,12,0,0,0,35,0,0,0,35
SL050,34074747210,201,2,1,17,214,8,3,12,415,4,10,29,458
SL050,34074747211,30,0,0,0,25,0,0,0,55,0,0,0,55
SL050,34074747212,198,1,6,12,174,0,1,8,372,7,1,20,400
SL050,34074747213,56,2,0,4,53,2,0,6,109,0,4,10,123
SL050,34074747214,740,8,3,40,749,5,11,50,1489,14,13,90,1606
SL050,34074747215,27,0,0,0,25,0,0,1,52,0,0,1,53
SL050,34074747216,72,0,0,3,51,0,0,2,123,0,0,5,128
SL050,34074747217,1324,4,28,36,1221,5,32,42,2545,60,9,78,2692
SL050,34074747218,577,3,16,14,519,1,14,26,1096,30,4,40,1170
SL050,34074747219,24,0,0,7,18,2,0,7,42,0,2,14,58
SL050,34074747220,87,0,1,2,78,0,1,3,165,2,0,5,172
SL050,34074747221,64,0,1,0,42,0,0,0,106,1,0,0,107
SL050,34074747222,46,0,0,0,39,0,0,0,85,0,0,0,85
SL050,34074747223,91,1,0,2,72,0,0,1,163,0,1,3,167
SL050,34074747224,53,0,0,2,45,0,1,2,98,1,0,4,103
SL050,34074747225,46,0,0,1,34,0,0,2,80,0,0,3,83
SL050,34074747226,94,0,1,1,70,0,0,1,164,1,0,2,167
SL050,34074747227,37,0,0,0,23,0,0,0,60,0,0,0,60
SL050,34074747228,264,1,3,5,233,1,4,3,497,7,2,8,514
SL050,34074747229,110,0,0,3,122,0,1,3,232,1,0,6,239
SL050,34074747230,172,0,2,0,152,1,1,0,324,3,1,0,328
SL050,34074747231,3011,17,65,88,2857,12,70,92,5868,135,29,180,6212
SL050,34074747232,61,0,0,2,50,1,0,0,111,0,1,2,114
SL050,34164848001,3509,27,79,156,3531,17,72,142,7040,151,44,298,7533
SL050,34164848002,4563,15,61,62,4637,6,72,129,9200,133,21,191,9545
SL050,34164848003,8375,126,163,716,8712,111,219,718,17087,382,237,1434,19140
SL050,34164848004,207,0,3,5,186,0,7,11,393,10,0,16,419
SL050,34164848005,65,0,5,2,78,0,2,4,143,7,0,6,156
SL050,34164848006,182,1,6,4,186,0,3,11,368,9,1,15,393
SL050,34164848007,240,0,5,4,191,2,7,11,431,12,2,15,460
SL050,34164848008,385,0,2,8,318,0,11,10,703,13,0,18,734
SL050,34164848009,457,0,7,13,479,0,8,6,936,15,0,19,970
SL050,34164848010,281,0,0,9,265,0,2,10,546,2,0,19,567
SL050,34164848011,5608,25,100,224,5886,20,130,237,11494,230,45,461,12230
SL050,34164848012,1260,6,25,48,1209,2,35,60,2469,60,8,108,2645
SL050,34164848013,44060,337,1217,2935,46759,305,1704,3118,90819,2921,642,6053,100435
SL050,34164848014,718,2,15,22,742,2,19,21,1460,34,4,43,1541
SL050,34164848015,18239,139,369,1028,19343,140,521,983,37582,890,279,2011,40762
SL050,34164848016,3312,16,97,70,3393,13,107,122,6705,204,29,192,7130
SL050,34164848017,7486,49,193,511,7732,59,217,441,15218,410,108,952,16688
SL050,34164848018,529,3,25,128,495,2,19,46,1024,44,5,174,1247
SL050,34164848019,2117,26,35,160,2136,29,40,135,4253,75,55,295,4678
SL050,34164848020,143636,1230,5628,12437,160697,1155,8479,12559,304333,14107,2385,24996,345821
SL050,34164848021,787,6,16,16,763,5,19,25,1550,35,11,41,1637
SL050,34164848022,1369,0,18,21,1222,0,34,51,2591,52,0,72,2715
SL050,34164848023,347,0,9,9,349,2,9,10,696,18,2,19,735
SL050,34164848024,593,2,13,16,587,0,3,28,1180,16,2,44,1242
SL050,34164848025,527,2,7,8,494,3,6,12,1021,13,5,20,1059
SL050,34164848026,732,0,6,12,667,1,10,19,1399,16,1,31,1447
SL050,34164848027,12872,137,422,1079,13582,115,522,907,26454,944,252,1986,29636
SL050,34164848028,401,1,11,11,361,1,20,25,762,31,2,36,831
SL050,34164848029,5414,14,93,139,5353,10,132,149,10767,225,24,288,11304
SL050,34164848030,335,5,9,36,346,4,9,28,681,18,9,64,772
SL050,34164848031,163,1,7,1,167,0,4,3,330,11,1,4,346
SL050,34164848032,3356,24,73,172,3434,27,89,161,6790,162,51,333,7336
SL050,34164848033,129,2,0,3,100,0,1,4,229,1,2,7,239
SL050,34164848034,7240,76,174,425,7361,68,178,368,14601,352,144,793,15890
SL050,34164848035,253,2,6,9,253,2,4,16,506,10,4,25,545
SL050,34164848036,13747,60,223,408,14030,36,317,467,27777,540,96,875,29288
SL050,34164848037,434,0,6,5,364,0,7,13,798,13,0,18,829
SL050,34164848038,653,1,11,12,662,0,9,27,1315,20,1,39,1375
SL050,34164848039,157,1,3,0,153,0,3,3,310,6,1,3,320
SL050,34164848040,800,1,19,14,790,0,19,30,1590,38,1,44,1673
SL050,34164848041,390,1,11,20,378,1,19,20,768,30,2,40,840
SL050,34164848042,809,3,13,29,764,2,27,39,1573,40,5,68,1686
SL050,34164848043,2654,4,75,76,2649,5,105,115,5303,180,9,191,5683
SL050,34164848044,33492,173,1220,1754,36983,158,1912,2584,70475,3132,331,4338,78276
SL050,34164848045,2977,28,61,158,3174,25,77,181,6151,138,53,339,6681
SL050,34164848046,7090,134,208,747,7662,97,287,747,14752,495,231,1494,16972
SL050,34164848047,101,2,2,6,91,3,2,5,192,4,5,11,212
SL050,34164848048,318,1,4,5,294,0,7,7,612,11,1,12,636
SL050,34164848049,359,1,6,17,311,1,8,22,670,14,2,39,725
SL050,34164848050,119,0,5,31,92,0,4,4,211,9,0,35,255
SL050,34164848051,128,0,4,3,108,0,6,5,236,10,0,8,254
SL050,34164848052,953,0,14,14,998,0,22,28,1951,36,0,42,2029
SL050,34164848053,563,1,16,13,548,4,17,29,1111,33,5,42,1191
SL050,34164848054,14174,55,477,660,14644,57,683,745,28818,1160,112,1405,31495
SL050,34164848055,1615,12,23,110,1605,11,29,116,3220,52,23,226,3521
SL050,34164848056,634,0,13,9,548,0,22,15,1182,35,0,24,1241
SL050,34164848057,3259,5,112,215,3337,7,117,206,6596,229,12,421,7258
SL050,34164848058,563,1,8,14,538,2,11,21,1101,19,3,35,1158
SL050,34164848059,247,4,5,15,236,1,1,10,483,6,5,25,519
SL050,34164848060,2117,29,75,287,2108,27,72,219,4225,147,56,506,4934
SL050,34164848061,490,0,9,6,447,0,17,13,937,26,0,19,982
SL050,34164848062,184,1,4,5,170,0,10,7,354,14,1,12,381
SL050,34164848063,208,0,8,4,201,0,4,7,409,12,0,11,432
SL050,34164848064,383,1,8,5,345,0,7,6,728,15,1,11,755
SL050,34164848065,1927,9,36,91,1938,11,34,78,3865,70,20,169,4124
SL050,34164848066,211,1,5,8,186,0,5,7,397,10,1,15,423
SL050,34164848067,706,1,5,50,659,2,12,20,1365,17,3,70,1455
SL050,34164848068,830,0,26,27,892,1,33,26,1722,59,1,53,1835
SL050,34164848069,7611,59,350,532,7925,62,420,595,15536,770,121,1127,17554
SL050,34164848070,309,1,4,5,306,1,10,12,615,14,2,17,648
SL050,34164848071,3557,13,74,87,3619,9,87,121,7176,161,22,208,7567
SL050,34164848072,598,6,14,37,571,7,21,42,1169,35,13,79,1296
SL050,34164848073,3744,12,136,326,3931,9,109,130,7675,245,21,456,8397
SL050,34164848074,1934,21,53,151,1875,22,50,74,3809,103,43,225,4180
SL050,34164848075,1229,7,17,44,1261,12,20,61,2490,37,19,105,2651
SL050,34164848076,177,0,3,6,155,0,7,9,332,10,0,15,357
SL050,34164848077,1954,7,65,108,2020,4,83,122,3974,148,11,230,4363
SL050,34164848078,20603,94,384,874,22355,94,534,888,42958,918,188,1762,45826
SL050,34164848079,256,0,4,8,207,0,5,7,463,9,0,15,487
SL050,34164848080,5615,10,82,114,5874,8,101,149,11489,183,18,263,11953
SL050,34164848081,1139,2,17,47,1132,5,29,58,2271,46,7,105,2429
SL050,34164848082,20629,91,404,915,22358,110,478,810,42987,882,201,1725,45795
SL050,34164848083,3921,8,57,95,4080,10,86,103,8001,143,18,198,8360
SL050,34164848084,12008,89,308,904,12889,85,385,777,24897,693,174,1681,27445
SL050,34164848085,6304,14,168,230,6446,10,203,268,12750,371,24,498,13643
SL050,34164848086,1222,6,12,42,1212,7,19,49,2434,31,13,91,2569
SL050,34164848087,264,0,0,8,225,0,0,14,489,0,0,22,511
SL050,34164848088,79,0,2,11,75,2,2,6,154,4,2,17,177
SL050,34164848089,2023,3,51,59,2031,9,60,83,4054,111,12,142,4319
SL050,34164848090,3400,41,81,206,3543,34,128,251,6943,209,75,457,7684
SL050,34164848091,651,2,7,36,641,4,5,31,1292,12,6,67,1377
SL050,34164848092,468,2,11,18,508,1,12,21,976,23,3,39,1041
SL050,34164848093,505,7,11,56,555,9,16,53,1060,27,16,109,1212
SL050,34164848094,1820,40,39,183,1920,32,50,173,3740,89,72,356,4257
SL050,34164848095,1408,15,26,90,1378,15,40,82,2786,66,30,172,3054
SL050,34164848096,3713,38,85,289,3883,41,81,249,7596,166,79,538,8379
SL050,34164848097,763,1,17,18,771,1,10,34,1534,27,2,52,1615
SL050,34164848901,3054,6,60,96,3124,7,105,93,6178,165,13,189,6545
SL050,34164848902,10642,61,401,660,11112,59,571,716,21754,972,120,1376,24222
SL050,34164848903,1037,2,18,155,1111,2,30,61,2148,48,4,216,2416
SL050,34164848904,2003,6,53,108,2149,5,65,106,4152,118,11,214,4495
SL050,34164848905,1421,11,44,108,1481,7,42,122,2902,86,18,230,3236
SL050,34164848906,430,0,8,20,438,1,9,23,868,17,1,43,929
SL050,34164848907,209,0,5,8,203,0,11,8,412,16,0,16,444
SL050,34164848908,149,0,5,2,144,0,4,5,293,9,0,7,309
SL050,34164848909,120,0,5,3,120,0,1,6,240,6,0,9,255
SL050,34164848910,1605,16,52,145,1641,26,40,118,3246,92,42,263,3643
SL050,34164848911,245,0,7,1,222,0,3,4,467,10,0,5,482
SL050,34164848912,1355,5,20,49,1360,6,36,72,2715,56,11,121,2903
SL050,34164848913,769,0,5,18,657,0,16,27,1426,21,0,45,1492
SL050,34164848914,191,0,3,8,204,2,5,5,395,8,2,13,418
SL050,34164848915,220,0,4,3,193,1,3,3,413,7,1,6,427
SL050,34074949002,30,0,0,0,29,0,1,0,59,1,0,0,60
SL050,34074949003,454,6,18,69,454,1,21,51,908,39,7,120,1074
SL050,34074949004,67,0,0,0,56,0,0,0,123,0,0,0,123
SL050,34074949005,74,0,0,1,54,1,0,0,128,0,1,1,130
SL050,34074949006,79,0,0,0,66,0,0,0,145,0,0,0,145
SL050,34074949007,207,0,1,0,191,0,1,2,398,2,0,2,402
SL050,34074949008,244,0,1,0,210,0,5,2,454,6,0,2,462
SL050,34074949009,214,0,8,4,205,0,2,5,419,10,0,9,438
SL050,34074949010,197,0,4,3,193,0,7,1,390,11,0,4,405
SL050,34074949011,126,0,0,1,102,0,0,0,228,0,0,1,229
SL050,34074949012,36,0,0,0,40,0,0,0,76,0,0,0,76
SL050,34074949013,120,0,0,1,125,0,1,0,245,1,0,1,247
SL050,34074949014,58,0,0,0,57,0,1,0,115,1,0,0,116
SL050,34074949015,113,0,0,0,112,0,3,4,225,3,0,4,232
SL050,34074949016,117,0,1,3,132,2,0,5,249,1,2,8,260
SL050,34074949017,124,0,2,5,126,0,2,2,250,4,0,7,261
SL050,34074949018,151,0,2,6,149,0,4,5,300,6,0,11,317
SL050,34074949019,134,0,3,0,117,0,2,2,251,5,0,2,258
SL050,34074949020,152,0,1,0,127,0,1,0,279,2,0,0,281
SL050,34074949021,8171,52,169,360,8601,49,241,452,16772,410,101,812,18095
SL050,34074949022,166,0,1,5,144,2,1,6,310,2,2,11,325
SL050,34074949023,532,2,9,10,466,0,6,12,998,15,2,22,1037
SL050,34074949024,358,1,1,9,349,1,3,14,707,4,2,23,736
SL050,34074949025,105,1,1,2,69,1,3,2,174,4,2,4,184
SL050,34074949026,120,0,0,1,106,0,0,1,226,0,0,2,228
SL050,34074949027,65,0,1,0,68,0,0,0,133,1,0,0,134
SL050,34074949028,64,0,0,0,44,0,0,0,108,0,0,0,108
SL050,34074949029,339,0,2,0,308,0,4,3,647,6,0,3,656
SL050,34074949030,44,0,0,0,41,0,0,0,85,0,0,0,85
SL050,34074949031,81,1,1,2,73,1,0,1,154,1,2,3,160
SL050,34074949032,137,0,4,1,157,1,3,2,294,7,1,3,305
SL050,34074949033,370,4,4,29,369,2,10,25,739,14,6,54,813
SL050,34074949034,222,0,12,1,204,0,7,9,426,19,0,10,455
SL050,34074949035,123,1,0,2,109,0,0,1,232,0,1,3,236
SL050,34074949036,268,1,11,3,259,2,10,2,527,21,3,5,556
SL050,34074949037,106,0,2,2,89,0,1,2,195,3,0,4,202
SL050,34074949038,56,0,0,0,44,0,2,2,100,2,0,2,104
SL050,34074949039,196,0,3,10,172,0,3,6,368,6,0,16,390
SL050,34074949040,59,0,0,2,58,0,0,2,117,0,0,4,121
SL050,34074949041,252,0,2,7,211,0,2,4,463,4,0,11,478
SL050,34074949042,113,0,0,0,117,0,1,1,230,1,0,1,232
SL050,34074949043,142,0,4,9,138,0,4,6,280,8,0,15,303
SL050,34074949044,46,0,0,2,38,0,1,0,84,1,0,2,87
SL050,34074949046,145,0,0,7,116,0,2,5,261,2,0,12,275
SL050,34074949047,62,0,1,5,48,0,0,5,110,1,0,10,121
SL050,34074949048,59,0,1,0,56,0,0,0,115,1,0,0,116
SL050,34074949050,290,0,4,12,255,0,3,12,545,7,0,24,576
SL050,34074949052,106,0,1,0,86,0,0,1,192,1,0,1,194
SL050,34074949053,518,0,8,17,490,1,12,11,1008,20,1,28,1057
SL050,34074949054,467,0,7,12,475,0,11,10,942,18,0,22,982
SL050,34074949055,54,0,0,2,48,0,1,1,102,1,0,3,106
SL050,34074949056,150,0,2,5,147,0,2,4,297,4,0,9,310
SL050,34074949057,63,0,0,1,47,2,0,2,110,0,2,3,115
SL050,34074949058,168,1,0,1,145,0,5,0,313,5,1,1,320
SL050,34074949059,54,0,0,0,32,0,0,0,86,0,0,0,86
SL050,34074949061,81,0,3,3,66,0,1,2,147,4,0,5,156
SL050,34074949062,54,0,0,0,55,0,1,0,109,1,0,0,110
SL050,34074949063,171,0,4,2,162,0,1,4,333,5,0,6,344
SL050,34074949064,268,0,6,0,243,0,3,4,511,9,0,4,524
SL050,34074949065,558,1,24,39,543,1,29,30,1101,53,2,69,1225
SL050,34074949066,252,1,8,4,241,0,7,6,493,15,1,10,519
SL050,34074949067,202,0,2,1,169,0,1,1,371,3,0,2,376
SL050,34074949068,257,1,0,3,211,1,1,2,468,1,2,5,476
SL050,34074949069,160,0,1,0,175,0,1,2,335,2,0,2,339
SL050,34074949071,385,0,7,8,345,0,5,11,730,12,0,19,761
SL050,34074949075,73,0,0,1,64,0,0,0,137,0,0,1,138
SL050,34074949076,188,2,1,9,163,1,3,8,351,4,3,17,375
SL050,34074949077,94,0,0,0,86,0,0,0,180,0,0,0,180
SL050,34074949078,85,1,0,1,69,0,1,3,154,1,1,4,160
SL050,34074949079,60,0,0,0,46,0,3,1,106,3,0,1,110
SL050,34074949080,366,2,3,5,304,2,12,8,670,15,4,13,702
SL050,34074949081,677,4,18,42,686,12,15,37,1363,33,16,79,1491
SL050,34074949082,187,0,3,2,174,0,11,2,361,14,0,4,379
SL050,34074949083,24,0,0,0,26,0,0,1,50,0,0,1,51
SL050,34074949084,159,0,0,5,140,0,1,5,299,1,0,10,310
SL050,34074949085,513,1,6,16,481,2,16,23,994,22,3,39,1058
SL050,34074949086,66,0,0,0,44,0,2,0,110,2,0,0,112
SL050,34074949087,268,0,2,1,222,0,2,2,490,4,0,3,497
SL050,34074949088,56,0,0,0,40,0,0,0,96,0,0,0,96
SL050,34074949090,105,1,0,2,108,0,1,5,213,1,1,7,222
SL050,34074949091,135,0,1,9,125,1,2,7,260,3,1,16,280
SL050,34074949092,57,0,1,1,62,0,1,0,119,2,0,1,122
SL050,34074949093,155,0,3,8,151,0,1,6,306,4,0,14,324
SL050,34074949094,122,0,0,7,109,1,6,2,231,6,1,9,247
SL050,34074949095,159,0,3,4,145,0,4,5,304,7,0,9,320
SL050,34074949096,86,0,0,1,74,0,0,1,160,0,0,2,162
SL050,34074949097,45,0,0,1,34,0,0,0,79,0,0,1,80
SL050,34074949098,119,0,1,0,94,0,4,0,213,5,0,0,218
SL050,34074949099,58,0,0,0,38,0,2,0,96,2,0,0,98
SL050,34074949100,157,0,2,5,134,0,1,3,291,3,0,8,302
SL050,34074949101,84,0,0,0,75,0,0,0,159,0,0,0,159
SL050,34074949102,100,0,1,2,89,0,0,3,189,1,0,5,195
SL050,34074949103,236,1,4,6,214,0,5,5,450,9,1,11,471
SL050,34074949104,174,0,3,0,135,0,4,0,309,7,0,0,316
SL050,34074949105,79,0,0,0,72,0,0,0,151,0,0,0,151
SL050,34074949107,55,1,0,2,68,1,1,3,123,1,2,5,131
SL050,34074949108,240,0,1,1,236,0,2,2,476,3,0,3,482
SL050,34074949109,315,0,2,7,337,0,4,4,652,6,0,11,669
SL050,34074949110,185,0,3,4,161,0,3,2,346,6,0,6,358
SL050,34074949111,66,0,0,0,58,0,1,1,124,1,0,1,126
SL050,34074949112,68,0,5,0,54,0,1,0,122,6,0,0,128
SL050,34074949113,97,0,0,1,69,0,2,0,166,2,0,1,169
SL050,34074949114,23,0,0,0,18,0,0,0,41,0,0,0,41
SL050,34074949115,102,0,0,3,85,0,2,2,187,2,0,5,194
SL050,34074949116,197,0,4,0,187,0,2,1,384,6,0,1,391
SL050,34074949117,232,1,5,2,223,0,5,1,455,10,1,3,469
SL050,34074949118,114,0,3,4,96,1,1,5,210,4,1,9,224
SL050,34074949119,137,0,1,4,108,0,5,1,245,6,0,5,256
SL050,34074949120,28,0,0,4,26,0,1,5,54,1,0,9,64
SL050,34074949121,210,2,4,7,168,1,10,7,378,14,3,14,409
SL050,34074949122,494,0,6,4,454,1,14,7,948,20,1,11,980
SL050,34074949123,306,0,6,3,278,0,6,4,584,12,0,7,603
SL050,34074949124,150,0,0,0,108,0,0,3,258,0,0,3,261
SL050,34074949125,838,1,16,16,791,3,15,25,1629,31,4,41,1705
SL050,34074949126,142,0,1,0,127,0,3,1,269,4,0,1,274
SL050,34074949127,1463,1,35,17,1322,1,49,19,2785,84,2,36,2907
SL050,34074949128,275,0,11,3,276,0,7,4,551,18,0,7,576
SL050,34074949129,477,10,0,45,413,11,3,44,890,3,21,89,1003
SL050,34074949130,91,0,0,0,83,0,1,1,174,1,0,1,176
SL050,34074949131,135,1,0,1,118,0,4,4,253,4,1,5,263
SL050,34074949132,179,0,3,0,167,0,1,2,346,4,0,2,352
SL050,34074949133,156,0,1,4,138,1,0,6,294,1,1,10,306
SL050,34074949134,100,0,1,1,74,0,3,0,174,4,0,1,179
SL050,34074949135,324,0,1,3,306,0,4,1,630,5,0,4,639
SL050,34074949136,155,0,2,8,167,0,2,8,322,4,0,16,342
SL050,34074949137,101,0,0,3,77,0,0,4,178,0,0,7,185
SL050,34074949138,125,0,1,0,102,0,1,1,227,2,0,1,230
SL050,34074949139,88,0,1,0,72,0,2,1,160,3,0,1,164
SL050,34074949141,170,0,1,0,164,0,1,0,334,2,0,0,336
SL050,34074949142,137,0,2,0,131,0,0,1,268,2,0,1,271
SL050,34074949143,112,0,3,2,112,0,2,7,224,5,0,9,238
SL050,34074949145,114,1,2,7,101,0,4,3,215,6,1,10,232
SL050,34074949146,142,0,2,1,146,0,1,0,288,3,0,1,292
SL050,34074949147,120,2,1,5,120,0,2,5,240,3,2,10,255
SL050,34074949148,125,0,3,1,138,0,5,2,263,8,0,3,274
SL050,34074949149,195,0,1,3,198,0,0,2,393,1,0,5,399
SL050,34074949150,57,0,0,0,72,0,2,2,129,2,0,2,133
SL050,34074949151,356,1,3,4,312,0,10,6,668,13,1,10,692
SL050,34074949152,280,0,2,5,238,0,7,8,518,9,0,13,540
SL050,34074949153,83,0,1,2,78,0,1,2,161,2,0,4,167
SL050,34074949154,70,0,1,0,51,0,1,0,121,2,0,0,123
SL050,34074949155,45,0,0,0,37,0,0,3,82,0,0,3,85
SL050,34074949156,117,0,0,0,108,0,0,1,225,0,0,1,226
SL050,34074949157,108,0,0,0,92,0,0,0,200,0,0,0,200
SL050,34074949158,119,1,1,4,105,0,2,5,224,3,1,9,237
SL050,34074949159,145,0,2,3,134,0,1,3,279,3,0,6,288
SL050,34074949160,20,0,0,0,17,0,0,0,37,0,0,0,37
SL050,34074949162,90,0,0,0,75,0,0,0,165,0,0,0,165
SL050,34074949163,103,0,1,1,100,0,1,1,203,2,0,2,207
SL050,34074949164,74,0,2,4,68,0,5,9,142,7,0,13,162
SL050,34074949165,30,0,0,0,25,0,0,0,55,0,0,0,55
SL050,34074949166,656,2,11,25,663,5,31,16,1319,42,7,41,1409
SL050,34074949167,106,0,1,1,84,0,2,0,190,3,0,1,194
SL050,34074949168,49,0,1,5,47,0,0,3,96,1,0,8,105
SL050,34074949169,19,0,0,0,17,0,1,1,36,1,0,1,38
SL050,34074949170,51,0,1,2,45,0,2,2,96,3,0,4,103
SL050,34074949171,336,0,4,7,305,0,8,8,641,12,0,15,668
SL050,34074949172,269,0,3,3,249,0,0,4,518,3,0,7,528
SL050,34074949173,182,0,5,3,188,0,4,3,370,9,0,6,385
SL050,34074949174,64,0,0,6,68,0,2,6,132,2,0,12,146
SL050,34074949175,117,5,0,16,106,4,6,13,223,6,9,29,267
SL050,34074949176,381,0,0,1,294,3,3,2,675,3,3,3,684
SL050,34074949177,141,0,2,2,128,0,2,3,269,4,0,5,278
SL050,34074949178,461,0,16,10,408,0,16,12,869,32,0,22,923
SL050,34074949179,208,5,0,13,174,3,4,10,382,4,8,23,417
SL050,34074949180,75,1,0,0,77,0,2,1,152,2,1,1,156
SL050,34074949181,195,0,1,0,162,0,4,3,357,5,0,3,365
SL050,34074949183,45,0,1,1,56,0,0,0,101,1,0,1,103
SL050,34074949184,98,0,1,0,77,0,3,1,175,4,0,1,180
SL050,34074949185,89,1,0,5,80,0,1,9,169,1,1,14,185
SL050,34074949186,120,0,1,1,128,0,0,0,248,1,0,1,250
SL050,34074949187,722,2,6,4,649,0,11,7,1371,17,2,11,1401
SL050,34074949188,64,2,2,9,48,2,3,3,112,5,4,12,133
SL050,34074949189,116,0,1,3,95,0,2,2,211,3,0,5,219
SL050,34074949190,27,0,0,1,23,0,0,1,50,0,0,2,52
SL050,34074949191,137,0,2,3,137,0,2,5,274,4,0,8,286
SL050,34074949192,66,1,0,2,67,1,1,3,133,1,2,5,141
SL050,34074949193,229,0,7,4,207,0,11,5,436,18,0,9,463
SL050,34074949194,175,0,0,3,166,0,2,1,341,2,0,4,347
SL050,34074949197,86,0,0,0,83,0,1,0,169,1,0,0,170
SL050,34074949199,126,0,0,0,130,0,1,5,256,1,0,5,262
SL050,34074949200,536,0,2,13,506,0,5,13,1042,7,0,26,1075
SL050,34074949201,153,0,1,0,150,0,3,0,303,4,0,0,307
SL050,34074949202,105,0,2,0,76,0,1,0,181,3,0,0,184
SL050,34074949203,159,0,1,0,145,0,2,1,304,3,0,1,308
SL050,34074949204,25,0,0,0,29,0,1,0,54,1,0,0,55
SL050,34074949205,198,0,2,0,186,0,3,0,384,5,0,0,389
SL050,34074949206,436,6,8,40,434,4,13,36,870,21,10,76,977
SL050,34074949207,122,0,2,5,119,0,3,8,241,5,0,13,259
SL050,34074949208,200,0,9,0,183,0,2,1,383,11,0,1,395
SL050,34074949209,281,0,4,6,218,0,7,4,499,11,0,10,520
SL050,34074949210,247,1,0,6,243,1,1,7,490,1,2,13,506
SL050,34074949214,373,1,7,12,347,0,11,11,720,18,1,23,762
SL050,34074949216,91,0,2,0,64,0,1,0,155,3,0,0,158
SL050,34074949219,3999,28,79,196,4172,19,121,175,8171,200,47,371,8789
SL050,34074949220,75,0,0,3,65,0,1,2,140,1,0,5,146
SL050,34074949221,134,0,2,8,126,0,1,6,260,3,0,14,277
SL050,34074949222,200,0,0,5,192,1,1,4,392,1,1,9,403
SL050,34074949223,370,2,10,73,365,1,11,40,735,21,3,113,872
SL050,34074949224,87,0,4,1,90,0,1,4,177,5,0,5,187
SL050,34074949225,74,0,0,0,63,0,1,2,137,1,0,2,140
SL050,34074949226,140,0,1,0,122,0,0,1,262,1,0,1,264
SL050,34074949227,179,0,1,3,164,1,0,5,343,1,1,8,353
SL050,34074949228,28,0,0,0,19,0,0,0,47,0,0,0,47
SL050,34074949229,64,0,1,1,66,0,1,1,130,2,0,2,134
SL050,34074949230,48,0,0,0,41,0,0,0,89,0,0,0,89
SL050,34074949231,159,1,3,3,172,1,3,4,331,6,2,7,346
SL050,34074949232,43,0,1,6,53,1,1,2,96,2,1,8,107
SL050,34074949233,52,0,0,0,39,0,0,1,91,0,0,1,92
SL050,34074949234,220,0,2,9,184,0,2,12,404,4,0,21,429
SL050,34074949235,193,0,2,0,184,0,3,1,377,5,0,1,383
SL050,34074949236,43,0,2,2,39,0,2,1,82,4,0,3,89
SL050,34074949237,82,0,0,0,73,0,1,0,155,1,0,0,156
SL050,34074949238,105,0,2,0,94,0,4,0,199,6,0,0,205
SL050,34074949239,355,0,1,6,335,1,3,4,690,4,1,10,705
SL050,34074949240,110,0,0,0,91,0,3,1,201,3,0,1,205
SL050,34074949241,137,0,0,3,109,0,2,3,246,2,0,6,254
SL050,34074949242,245,1,1,5,227,0,1,3,472,2,1,8,483
SL050,34074949243,55,0,1,0,51,0,1,1,106,2,0,1,109
SL050,34074949244,27,0,0,2,17,0,0,2,44,0,0,4,48
SL050,34074949245,135,0,0,2,139,0,1,1,274,1,0,3,278
SL050,34074949246,130,0,0,0,103,0,0,0,233,0,0,0,233
SL050,34074949247,214,0,4,0,222,0,1,3,436,5,0,3,444
SL050,34074949248,92,7,1,23,97,4,4,25,189,5,11,48,253
SL050,34074949249,35,0,0,6,31,0,1,2,66,1,0,8,75
SL050,34074949250,679,1,8,67,690,1,13,60,1369,21,2,127,1519
SL050,34074949251,85,0,0,0,73,0,0,0,158,0,0,0,158
SL050,34074949252,161,0,0,1,160,0,0,2,321,0,0,3,324
SL050,34074949255,210,0,0,1,182,0,3,2,392,3,0,3,398
SL050,34074949256,133,1,5,5,128,0,3,5,261,8,1,10,280
SL050,34074949257,160,0,5,3,160,0,5,3,320,10,0,6,336
SL050,34074949258,65,0,1,1,47,0,1,0,112,2,0,1,115
SL050,34074949259,38,0,0,3,34,0,1,1,72,1,0,4,77
SL050,34074949260,394,7,1,23,408,2,4,18,802,5,9,41,857
SL050,34074949261,909,2,12,19,882,2,12,20,1791,24,4,39,1858
SL050,34074949262,200,0,3,8,189,0,2,16,389,5,0,24,418
SL050,34074949263,23,0,1,0,20,0,0,0,43,1,0,0,44
SL050,34074949264,294,0,2,2,274,0,5,2,568,7,0,4,579
SL050,34074949265,63,0,2,0,59,0,2,0,122,4,0,0,126
SL050,34074949266,39,0,2,1,29,0,2,2,68,4,0,3,75
SL050,34074949267,57,0,1,0,46,0,0,0,103,1,0,0,104
SL050,34074949268,214,0,0,3,186,0,0,1,400,0,0,4,404
SL050,34074949269,108,0,1,2,121,0,2,4,229,3,0,6,238
SL050,34074949270,96,0,0,7,58,0,0,7,154,0,0,14,168
SL050,34074949271,106,1,0,1,84,1,0,1,190,0,2,2,194
SL050,34074949272,42,0,0,0,40,0,0,0,82,0,0,0,82
SL050,34074949273,96,0,1,0,88,0,1,4,184,2,0,4,190
SL050,34074949275,27178,91,695,795,31030,77,1016,945,58208,1711,168,1740,61827
SL050,34025050001,52,0,1,5,37,1,0,1,89,1,1,6,97
SL050,34025050002,80,0,0,16,59,0,0,10,139,0,0,26,165
SL050,34025050003,76,0,1,4,60,0,0,5,136,1,0,9,146
SL050,34025050004,278,2,4,48,247,3,8,41,525,12,5,89,631
SL050,34025050005,124,2,0,2,106,0,0,1,230,0,2,3,235
SL050,34025050006,517,2,7,19,503,5,8,24,1020,15,7,43,1085
SL050,34025050007,34,0,0,0,14,1,3,0,48,3,1,0,52
SL050,34025050008,3014,37,90,385,3025,53,141,349,6039,231,90,734,7094
SL050,34025050009,59,0,0,18,45,0,1,10,104,1,0,28,133
SL050,34025050010,40,0,0,1,31,0,0,0,71,0,0,1,72
SL050,34025050011,65,0,2,1,62,0,0,2,127,2,0,3,132
SL050,34025050012,56,0,1,0,48,0,0,3,104,1,0,3,108
SL050,34025050013,118,0,0,4,118,0,5,6,236,5,0,10,251
SL050,34025050014,75,0,2,6,51,0,0,10,126,2,0,16,144
SL050,34025050015,36,0,0,0,27,0,0,0,63,0,0,0,63
SL050,34025050016,31,0,0,1,14,0,0,3,45,0,0,4,49
SL050,34025050017,1116,3,27,44,1031,4,32,55,2147,59,7,99,2312
SL050,34025050018,546,13,11,190,492,19,7,163,1038,18,32,353,1441
SL050,34025050019,32,0,1,0,28,0,0,1,60,1,0,1,62
SL050,34025050020,462,8,21,54,411,10,26,44,873,47,18,98,1036
SL050,34025050021,12,0,0,0,17,0,0,0,29,0,0,0,29
SL050,34025050022,284,1,1,3,267,1,4,6,551,5,2,9,567
SL050,34025050023,112,1,0,11,117,0,1,10,229,1,1,21,252
SL050,34025050024,319,4,4,55,265,4,3,37,584,7,8,92,691
SL050,34025050025,2672,156,135,1015,2644,162,132,903,5316,267,318,1918,7819
SL050,34025050026,240,4,11,33,243,5,3,40,483,14,9,73,579
SL050,34025050027,121,0,0,2,129,0,1,3,250,1,0,5,256
SL050,34025050028,45,0,0,17,29,1,0,3,74,0,1,20,95
SL050,34025050029,359,1,0,23,300,2,1,22,659,1,3,45,708
SL050,34025050030,118,1,2,8,77,1,1,5,195,3,2,13,213
SL050,34025050031,93,1,0,5,54,1,2,4,147,2,2,9,160
SL050,34025050032,141,2,1,22,124,1,0,18,265,1,3,40,309
SL050,34025050033,44,0,0,1,26,0,0,1,70,0,0,2,72
SL050,34025050034,442,8,22,107,457,9,14,80,899,36,17,187,1139
SL050,34025050035,43,0,0,0,27,0,3,0,70,3,0,0,73
SL050,34025050036,52,0,0,0,43,0,0,1,95,0,0,1,96
SL050,34025050037,84,0,2,10,52,1,1,6,136,3,1,16,156
SL050,34025050038,781,9,15,120,752,14,22,80,1533,37,23,200,1793
SL050,34025050039,280,4,2,24,212,2,3,16,492,5,6,40,543
SL050,34025050040,45,0,1,1,34,1,0,1,79,1,1,2,83
SL050,34025050041,7,0,1,0,4,0,0,0,11,1,0,0,12
SL050,34025050042,7,0,0,0,10,0,0,0,17,0,0,0,17
SL050,34025050043,154,0,1,9,126,0,3,7,280,4,0,16,300
SL050,34025050044,116,0,2,5,129,0,3,6,245,5,0,11,261
SL050,34025050045,694,14,11,49,689,10,9,52,1383,20,24,101,1528
SL050,34025050046,97,0,1,12,79,0,2,7,176,3,0,19,198
SL050,34025050047,32,1,0,0,14,0,0,0,46,0,1,0,47
SL050,34025050048,18,0,0,0,15,0,0,0,33,0,0,0,33
SL050,34025050050,60,0,1,0,36,0,1,0,96,2,0,0,98
SL050,34025050051,461,0,2,17,446,0,6,16,907,8,0,33,948
SL050,34025050052,47,0,3,8,37,0,0,2,84,3,0,10,97
SL050,34025050053,365,4,4,34,356,4,4,37,721,8,8,71,808
SL050,34025050054,36,0,0,0,20,0,0,0,56,0,0,0,56
SL050,34025050055,2174,47,66,222,2125,27,62,199,4299,128,74,421,4922
SL050,34025050056,257,0,4,10,199,3,8,17,456,12,3,27,498
SL050,34025050057,801,6,5,35,775,3,9,31,1576,14,9,66,1665
SL050,34025050058,33,0,0,0,29,0,0,1,62,0,0,1,63
SL050,34025050059,473,8,7,39,423,4,5,46,896,12,12,85,1005
SL050,34025050060,101,1,2,15,81,0,4,13,182,6,1,28,217
SL050,34025050061,103,0,1,7,104,0,1,1,207,2,0,8,217
SL050,34025050062,1124,14,32,63,1083,12,39,65,2207,71,26,128,2432
SL050,34025050063,40,0,0,1,31,0,0,0,71,0,0,1,72
SL050,34025050064,246,0,6,11,219,2,7,7,465,13,2,18,498
SL050,34025050065,19,0,0,0,13,0,0,0,32,0,0,0,32
SL050,34025050066,1842,25,43,145,1566,20,61,189,3408,104,45,334,3891
SL050,34025050067,7844,218,279,1524,8157,184,285,1544,16001,564,402,3068,20035
SL050,34025050068,1169,34,29,268,1078,40,28,215,2247,57,74,483,2861
SL050,34025050069,43,0,1,0,29,0,0,2,72,1,0,2,75
SL050,34025050070,33,0,0,0,23,0,1,2,56,1,0,2,59
SL050,34025050071,73,1,0,6,60,1,0,8,133,0,2,14,149
SL050,34025050072,84,2,1,6,74,1,3,6,158,4,3,12,177
SL050,34025050073,1223,46,26,360,1219,61,28,313,2442,54,107,673,3276
SL050,34025050074,3552,173,150,1043,3579,160,108,760,7131,258,333,1803,9525
SL050,34025050075,51,0,0,7,30,0,0,4,81,0,0,11,92
SL050,34025050076,42,0,0,9,32,0,1,6,74,1,0,15,90
SL050,34025050077,114,0,0,0,105,0,2,0,219,2,0,0,221
SL050,34025050078,130,2,3,5,114,1,2,8,244,5,3,13,265
SL050,34025050079,136,3,1,10,110,2,4,5,246,5,5,15,271
SL050,34025050080,22,0,0,0,13,0,0,0,35,0,0,0,35
SL050,34025050081,288,2,7,13,258,0,10,14,546,17,2,27,592
SL050,34025050082,47,0,0,4,36,1,1,4,83,1,1,8,93
SL050,34025050083,49,1,0,3,50,3,0,6,99,0,4,9,112
SL050,34025050084,37,0,0,1,26,0,1,0,63,1,0,1,65
SL050,34025050085,103,0,0,0,94,0,0,1,197,0,0,1,198
SL050,34025050086,110,0,0,5,64,0,3,1,174,3,0,6,183
SL050,34025050087,18,0,0,3,13,0,0,3,31,0,0,6,37
SL050,34025050088,172,2,4,17,148,1,2,21,320,6,3,38,367
SL050,34025050089,5867,97,235,475,5395,99,297,590,11262,532,196,1065,13055
SL050,34025050090,78,0,2,2,82,0,0,4,160,2,0,6,168
SL050,34025050091,20,0,0,0,19,0,0,0,39,0,0,0,39
SL050,34025050092,170,6,2,87,176,8,1,58,346,3,14,145,508
SL050,34025050093,54,2,1,5,46,1,0,4,100,1,3,9,113
SL050,34025050094,848,9,36,90,862,10,36,105,1710,72,19,195,1996
SL050,34025050095,7010,185,168,1090,6951,180,224,797,13961,392,365,1887,16605
SL050,34025050096,19,0,0,0,16,0,1,0,35,1,0,0,36
SL050,34025050098,85,1,1,9,77,1,2,13,162,3,2,22,189
SL050,34025050099,1833,39,86,319,1790,40,66,229,3623,152,79,548,4402
SL050,34025050100,173,0,1,1,162,1,3,4,335,4,1,5,345
SL050,34025050101,443,4,10,55,455,14,12,33,898,22,18,88,1026
SL050,34025050102,491,9,9,110,446,10,14,63,937,23,19,173,1152
SL050,34025050104,177,2,1,8,189,0,3,6,366,4,2,14,386
SL050,34025050105,164,0,0,15,158,0,3,14,322,3,0,29,354
SL050,34025050106,73,0,3,4,56,0,4,1,129,7,0,5,141
SL050,34025050107,569,3,8,35,563,8,15,39,1132,23,11,74,1240
SL050,34025050108,30,0,0,5,19,0,0,0,49,0,0,5,54
SL050,34025050109,60,0,1,0,37,0,0,1,97,1,0,1,99
SL050,34025050110,193,1,2,15,163,0,3,7,356,5,1,22,384
SL050,34025050111,107,0,1,3,86,1,2,2,193,3,1,5,202
SL050,34025050113,352,2,1,67,314,1,4,52,666,5,3,119,793
SL050,34025050114,62,2,2,2,49,0,2,2,111,4,2,4,121
SL050,34025050115,1995,45,62,251,1881,34,42,233,3876,104,79,484,4543
SL050,34025050116,99,2,0,21,83,3,4,17,182,4,5,38,229
SL050,34025050117,77,4,2,3,60,0,1,7,137,3,4,10,154
SL050,34025050118,1228,10,27,59,1209,11,20,64,2437,47,21,123,2628
SL050,34025050119,506,6,1,11,443,8,4,16,949,5,14,27,995
SL050,34025050120,30,0,0,0,24,0,0,0,54,0,0,0,54
SL050,34025050121,154,0,1,6,141,0,0,4,295,1,0,10,306
SL050,34025050122,40,0,0,0,26,0,1,0,66,1,0,0,67
SL050,34025050123,257,11,12,30,243,2,10,32,500,22,13,62,597
SL050,34025050124,239,7,1,27,206,4,0,22,445,1,11,49,506
SL050,34025050125,197,2,1,12,175,0,6,11,372,7,2,23,404
SL050,34025050126,1281,11,25,143,1305,20,22,157,2586,47,31,300,2964
SL050,34025050128,17,0,1,1,10,0,0,2,27,1,0,3,31
SL050,34025050129,123,1,15,8,114,0,8,11,237,23,1,19,280
SL050,34025050130,217,0,2,22,183,0,2,10,400,4,0,32,436
SL050,34025050131,124,0,1,3,103,0,2,4,227,3,0,7,237
SL050,34025050132,502,1,25,30,458,2,22,32,960,47,3,62,1072
SL050,34025050133,58,0,0,1,48,0,1,3,106,1,0,4,111
SL050,34025050134,65,0,1,1,64,0,1,0,129,2,0,1,132
SL050,34025050135,50,0,2,1,45,0,1,1,95,3,0,2,100
SL050,34025050136,314,7,2,39,267,5,2,25,581,4,12,64,661
SL050,34025050137,564,4,2,15,538,5,6,28,1102,8,9,43,1162
SL050,34025050138,31,0,0,0,22,0,0,0,53,0,0,0,53
SL050,34025050139,181,0,1,8,139,1,1,11,320,2,1,19,342
SL050,34025050140,90,0,2,0,70,0,3,1,160,5,0,1,166
SL050,34025050141,63,0,1,0,58,1,0,4,121,1,1,4,127
SL050,34025050142,13,0,0,1,13,0,0,1,26,0,0,2,28
SL050,34025050143,319,3,3,115,290,4,4,25,609,7,7,140,763
SL050,34025050144,23,0,1,0,9,0,1,1,32,2,0,1,35
SL050,34025050146,122,2,1,4,97,0,4,7,219,5,2,11,237
SL050,34025050147,438,3,13,19,431,3,5,33,869,18,6,52,945
SL050,34025050148,167,0,0,1,139,0,1,2,306,1,0,3,310
SL050,34025050149,21,0,0,0,13,0,0,0,34,0,0,0,34
SL050,34025050150,369,9,5,40,354,3,4,43,723,9,12,83,827
SL050,34025050151,351,1,2,14,306,1,3,23,657,5,2,37,701
SL050,34025050152,804,14,7,253,780,12,7,130,1584,14,26,383,2007
SL050,34025050153,542,8,4,33,513,3,5,25,1055,9,11,58,1133
SL050,34025050154,66,1,2,15,53,0,1,13,119,3,1,28,151
SL050,34025050155,63,0,0,0,35,0,2,0,98,2,0,0,100
SL050,34025050156,127,0,2,5,113,0,4,8,240,6,0,13,259
SL050,34025050157,158,0,3,7,142,0,10,3,300,13,0,10,323
SL050,34025050159,351,9,8,93,362,10,8,101,713,16,19,194,942
SL050,34025050160,1278,69,17,248,1205,29,20,217,2483,37,98,465,3083
SL050,34025050161,54,0,1,0,43,0,0,0,97,1,0,0,98
SL050,34025050162,78,1,0,12,77,2,1,10,155,1,3,22,181
SL050,34025050163,2648,20,76,150,2487,18,98,166,5135,174,38,316,5663
SL050,34025050164,212,2,4,11,214,3,8,11,426,12,5,22,465
SL050,34025050165,1011,11,12,133,1040,6,12,76,2051,24,17,209,2301
SL050,34025050166,136,1,0,1,125,2,2,4,261,2,3,5,271
SL050,34025050167,129,0,2,6,93,0,1,9,222,3,0,15,240
SL050,34025050168,14,0,1,4,12,0,0,1,26,1,0,5,32
SL050,34025050169,196,2,0,33,179,1,3,18,375,3,3,51,432
SL050,34025050170,226,0,0,5,168,1,1,12,394,1,1,17,413
SL050,34025050171,57,0,1,0,35,0,1,0,92,2,0,0,94
SL050,34025050172,108,0,1,12,78,0,2,11,186,3,0,23,212
SL050,34025050173,95,0,0,6,54,0,0,4,149,0,0,10,159
SL050,34025050174,50,0,0,3,35,3,0,3,85,0,3,6,94
SL050,34025050175,495,5,8,29,518,3,15,24,1013,23,8,53,1097
SL050,34025050176,122,2,10,28,93,2,4,21,215,14,4,49,282
SL050,34025050177,170,1,1,6,148,0,2,6,318,3,1,12,334
SL050,34025050178,148,3,1,34,153,0,3,20,301,4,3,54,362
SL050,34025050179,129,0,3,0,109,0,2,2,238,5,0,2,245
SL050,34025050180,61,0,2,1,61,0,2,3,122,4,0,4,130
SL050,34025050181,595,12,13,64,545,12,14,78,1140,27,24,142,1333
SL050,34025050182,2362,52,124,317,2114,36,134,340,4476,258,88,657,5479
SL050,34025050183,192,1,0,16,163,2,0,11,355,0,3,27,385
SL050,34025050184,60,0,1,1,39,0,2,4,99,3,0,5,107
SL050,34025050185,97,1,0,6,64,0,2,4,161,2,1,10,174
SL050,34025050186,24,0,0,1,15,0,0,0,39,0,0,1,40
SL050,34025050187,37,0,2,2,22,0,0,3,59,2,0,5,66
SL050,34025050188,17,0,0,1,9,0,0,2,26,0,0,3,29
SL050,34025050189,411,8,2,100,364,7,8,62,775,10,15,162,962
SL050,34025050190,415,5,6,23,379,2,4,16,794,10,7,39,850
SL050,34025050191,257,2,2,8,253,0,4,14,510,6,2,22,540
SL050,34025050192,158,1,0,18,116,4,2,26,274,2,5,44,325
SL050,34025050193,385,1,13,14,382,0,20,12,767,33,1,26,827
SL050,34025050194,52,1,1,10,32,1,0,9,84,1,2,19,106
SL050,34025050195,35,0,0,3,19,0,0,2,54,0,0,5,59
SL050,34025050196,62,0,0,0,54,0,1,1,116,1,0,1,118
SL050,34025050197,58,0,1,4,38,0,1,2,96,2,0,6,104
SL050,34025050198,30,0,0,3,19,0,0,0,49,0,0,3,52
SL050,34025050199,176,0,17,8,170,4,12,8,346,29,4,16,395
SL050,34025050200,281,6,1,45,259,4,5,33,540,6,10,78,634
SL050,34025050201,266,10,2,32,255,11,3,22,521,5,21,54,601
SL050,34025050202,74,0,1,8,66,1,1,7,140,2,1,15,158
SL050,34025050203,602,1,11,11,639,0,15,14,1241,26,1,25,1293
SL050,34025050204,1403,24,73,287,1364,26,79,253,2767,152,50,540,3509
SL050,34025050205,42,1,0,1,42,0,1,3,84,1,1,4,90
SL050,34025050206,292,2,2,12,242,0,5,22,534,7,2,34,577
SL050,34025050207,49,0,0,0,47,0,0,1,96,0,0,1,97
SL050,34025050208,1041,20,50,106,984,14,58,100,2025,108,34,206,2373
SL050,34025050209,1780,29,62,138,1622,20,78,179,3402,140,49,317,3908
SL050,34025050210,22,0,0,1,14,0,0,0,36,0,0,1,37
SL050,34025050211,142,0,5,25,103,2,5,21,245,10,2,46,303
SL050,34025050212,14,0,0,0,22,0,0,0,36,0,0,0,36
SL050,34025050213,51,0,0,3,43,1,1,2,94,1,1,5,101
SL050,34025050214,13,0,0,2,6,0,0,1,19,0,0,3,22
SL050,34025050215,12,0,0,0,9,0,0,0,21,0,0,0,21
SL050,34025050216,137,0,5,10,122,0,2,8,259,7,0,18,284
SL050,34025050217,253,2,1,45,237,3,2,31,490,3,5,76,574
SL050,34025050218,74,0,0,0,46,0,0,0,120,0,0,0,120
SL050,34025050219,2818,28,102,214,2649,29,118,215,5467,220,57,429,6173
SL050,34025050220,26,0,0,0,17,0,0,1,43,0,0,1,44
SL050,34025050221,26,0,0,0,9,0,0,1,35,0,0,1,36
SL050,34025050222,932,1,16,41,911,1,13,33,1843,29,2,74,1948
SL050,34025050223,519,0,6,26,501,3,5,21,1020,11,3,47,1081
SL050,34025050224,43,0,0,2,29,0,0,0,72,0,0,2,74
SL050,34025050225,929,49,12,496,833,46,16,434,1762,28,95,930,2815
SL050,34025050227,57,0,0,2,51,3,0,6,108,0,3,8,119
SL050,34025050228,152,0,4,18,132,1,2,16,284,6,1,34,325
SL050,34025050229,32,0,1,4,34,0,0,1,66,1,0,5,72
SL050,34025050230,632,0,10,21,620,1,11,29,1252,21,1,50,1324
SL050,34025050231,140,0,5,10,128,1,3,17,268,8,1,27,304
SL050,34025050232,94,0,0,1,100,0,2,1,194,2,0,2,198
SL050,34025050233,62,0,1,0,46,0,1,2,108,2,0,2,112
SL050,34025050234,160,0,1,0,124,0,0,1,284,1,0,1,286
SL050,34025050235,1461,8,30,106,1346,17,53,113,2807,83,25,219,3134
SL050,34025050236,56,0,1,6,38,1,2,4,94,3,1,10,108
SL050,34025050237,66,0,0,1,56,0,2,0,122,2,0,1,125
SL050,34025050238,45,0,3,5,42,0,0,3,87,3,0,8,98
SL050,34025050239,39,0,0,0,22,0,0,0,61,0,0,0,61
SL050,34025050240,550,4,7,28,547,6,5,23,1097,12,10,51,1170
SL050,34025050241,333,6,5,30,288,6,6,17,621,11,12,47,691
SL050,34025050242,56,0,2,0,37,0,0,0,93,2,0,0,95
SL050,34025050243,189,1,0,18,148,1,0,13,337,0,2,31,370
SL050,34025050244,107,4,4,21,95,2,1,19,202,5,6,40,253
SL050,34025050245,47,0,0,0,41,0,0,0,88,0,0,0,88
SL050,34025050246,20,0,0,0,11,0,0,0,31,0,0,0,31
SL050,34025050247,488,1,20,14,524,2,17,23,1012,37,3,37,1089
SL050,34025050248,286,1,10,15,249,5,12,10,535,22,6,25,588
SL050,34025050249,177,2,1,7,127,0,0,9,304,1,2,16,323
SL050,34025050250,30,0,2,0,29,0,1,1,59,3,0,1,63
SL050,34025050251,4688,48,184,283,4802,37,185,282,9490,369,85,565,10509
SL050,34025050252,2850,74,88,435,2894,70,86,417,5744,174,144,852,6914
SL050,34025050253,220,3,2,36,183,2,9,30,403,11,5,66,485
SL050,34025050254,103,0,0,1,85,0,1,2,188,1,0,3,192
SL050,34025050255,113,0,0,0,100,0,1,0,213,1,0,0,214
SL050,34025050256,45,0,0,1,36,2,0,2,81,0,2,3,86
SL050,34025050257,96,0,0,1,72,1,2,0,168,2,1,1,172
SL050,34025050258,34,0,1,0,23,0,1,2,57,2,0,2,61
SL050,34025050259,35,0,0,0,28,0,0,0,63,0,0,0,63
SL050,34025050260,21,0,0,0,11,0,0,0,32,0,0,0,32
SL050,34025050261,121,1,3,5,109,0,2,9,230,5,1,14,250
SL050,34025050262,709,5,8,23,660,3,9,29,1369,17,8,52,1446
SL050,34025050263,114,0,0,4,74,0,1,13,188,1,0,17,206
SL050,34025050264,89,1,0,12,62,1,1,14,151,1,2,26,180
SL050,34025050265,51,0,1,1,34,0,0,2,85,1,0,3,89
SL050,34025050266,74,0,0,0,45,0,1,0,119,1,0,0,120
SL050,34025050267,294,0,4,9,330,1,7,5,624,11,1,14,650
SL050,34025050268,28,0,1,3,20,0,1,2,48,2,0,5,55
SL050,34025050269,166,9,2,54,152,5,4,26,318,6,14,80,418
SL050,34025050270,20,0,0,0,17,0,1,0,37,1,0,0,38
SL050,34025050271,141,0,2,5,120,1,1,1,261,3,1,6,271
SL050,34025050272,8195,85,359,619,8117,102,418,707,16312,777,187,1326,18602
SL050,34025050273,15,0,0,0,15,0,0,0,30,0,0,0,30
SL050,34025050274,36,0,0,0,28,0,0,0,64,0,0,0,64
SL050,34025050275,67,0,2,0,40,0,3,0,107,5,0,0,112
SL050,34025050276,59,0,0,9,67,0,0,7,126,0,0,16,142
SL050,34025050277,28,0,0,5,29,0,0,6,57,0,0,11,68
SL050,34025050278,112,0,1,1,98,0,1,2,210,2,0,3,215
SL050,34025050279,40,0,0,3,40,1,0,6,80,0,1,9,90
SL050,34025050280,177,1,0,5,164,0,2,11,341,2,1,16,360
SL050,34025050281,40,0,0,0,34,0,0,0,74,0,0,0,74
SL050,34025050282,29,0,0,10,34,0,0,4,63,0,0,14,77
SL050,34025050283,47,1,0,3,33,0,1,3,80,1,1,6,88
SL050,34025050284,77,0,6,11,66,0,4,6,143,10,0,17,170
SL050,34025050285,358,3,11,32,377,3,13,33,735,24,6,65,830
SL050,34025050286,42,0,0,6,42,0,2,7,84,2,0,13,99
SL050,34025050287,156,4,0,15,123,1,2,18,279,2,5,33,319
SL050,34025050288,2142,12,51,145,2045,15,74,177,4187,125,27,322,4661
SL050,34025050289,22,0,1,1,21,0,1,0,43,2,0,1,46
SL050,34025050290,203,3,4,29,199,3,1,21,402,5,6,50,463
SL050,34025050291,51,2,0,3,43,0,0,3,94,0,2,6,102
SL050,34025050292,74,8,1,71,67,6,1,46,141,2,14,117,274
SL050,34025050293,230,0,0,16,200,2,3,15,430,3,2,31,466
SL050,34025050294,35,0,0,1,31,0,0,1,66,0,0,2,68
SL050,34025050295,28,0,0,0,21,0,0,0,49,0,0,0,49
SL050,34025050296,213,2,2,11,209,1,7,10,422,9,3,21,455
SL050,34025050297,274230,3965,12988,27994,298437,3851,15584,29831,572667,28572,7816,57825,666880
SL050,34025050298,3249,105,106,870,3128,90,123,694,6377,229,195,1564,8365
SL050,34025050901,76,0,4,7,46,0,4,3,122,8,0,10,140
SL050,34025050902,48,0,2,0,36,0,0,0,84,2,0,0,86
SL050,34025050903,1287,7,17,39,1263,7,28,48,2550,45,14,87,2696
SL050,34185151001,37092,541,3149,2395,36029,436,3032,2470,73121,6181,977,4865,85144
SL050,34195252001,32274,1583,4758,5150,30739,1349,5112,5419,63013,9870,2932,10569,86384
