SUMLEV,Geo,CED_V4,CED_V5,CED_V6,CED_V7,CED_V8,CED_V9,CED_V10
SL010,34,46722980,40336076,19804474,20531602,6386904,3092128,3294776
SL030,3401,8384408,7596307,3745607,3850700,788101,388291,399810
SL030,3402,1308728,1140870,562655,578215,167858,82843,85015
SL030,3403,1028244,952779,457071,495708,75465,33667,41798
SL030,3404,1128908,878114,439690,438424,250794,122113,128681
SL030,3405,2127685,1732652,861678,870974,395033,192354,202679
SL030,3406,580229,531118,259277,271841,49111,22287,26824
SL030,3407,2409164,2229507,1102344,1127163,179657,84019,95638
SL030,3408,2026807,1828726,916257,912469,198081,97942,100139
SL030,3409,7600065,6219475,3043157,3176318,1380590,687169,693421
SL030,3410,4963703,4148152,2043637,2104515,815551,402746,412805
SL030,3411,1072863,1028356,510408,517948,44507,20847,23660
SL030,3412,2701743,2479780,1197056,1282724,221963,103553,118410
SL030,3413,6578079,5358732,2593823,2764909,1219347,554049,665298
SL030,3414,1478509,1251888,619365,632523,226621,120778,105843
SL030,3415,647554,555256,275596,279660,92298,44873,47425
SL030,3416,2199088,1992558,970873,1021685,206530,97877,108653
SL030,3417,315675,271763,134490,137273,43912,21268,22644
SL030,3418,85144,74098,37633,36465,11046,5544,5502
SL030,3419,86384,65945,33857,32088,20439,9908,10531
SL040,340104,709340,562908,280151,282757,146432,81168,65264
SL040,340111,1238714,1175851,581160,594691,62863,30197,32666
SL040,340114,785240,756007,371465,384542,29233,13620,15613
SL040,340118,912075,833565,409739,423826,78510,39579,38931
SL040,340121,519932,471650,234469,237181,48282,23244,25038
SL040,340123,638099,617307,304804,312503,20792,10745,10047
SL040,340129,1641121,1339680,660563,679117,301441,144295,157146
SL040,340141,1939887,1839339,903256,936083,100548,45443,55105
SL040,340222,219345,190907,95861,95046,28438,14738,13700
SL040,340244,134572,119128,60271,58857,15444,7789,7655
SL040,340250,954811,830835,406523,424312,123976,60316,63660
SL040,340333,1028244,952779,457071,495708,75465,33667,41798
SL040,340407,1128908,878114,439690,438424,250794,122113,128681
SL040,340535,1109175,921413,460608,460805,187762,91947,95815
SL040,340538,1018510,811239,401070,410169,207271,100407,106864
SL040,340639,580229,531118,259277,271841,49111,22287,26824
SL040,340705,158498,146458,73900,72558,12040,5638,6402
SL040,340709,357070,323815,162481,161334,33255,15856,17399
SL040,340724,463746,431721,210771,220950,32025,14875,17150
SL040,340734,162035,153233,76262,76971,8802,4061,4741
SL040,340737,331473,310131,151468,158663,21342,9597,11745
SL040,340740,153342,135096,68321,66775,18246,8658,9588
SL040,340742,88600,78597,39785,38812,10003,5015,4988
SL040,340747,519851,484778,237041,247737,35073,16315,18758
SL040,340749,174549,165678,82315,83363,8871,4004,4867
SL040,340802,388786,357827,178453,179374,30959,15705,15254
SL040,340813,499100,465512,230158,235354,33588,16498,17090
SL040,340816,197222,176310,88570,87740,20912,10429,10483
SL040,340819,254308,215199,109706,105493,39109,19148,19961
SL040,340845,687391,613878,309370,304508,73513,36162,37351
SL040,340908,5609350,4610098,2243423,2366675,999252,490043,509209
SL040,340917,761947,596870,296111,300759,165077,84579,80498
SL040,340925,432866,353287,175884,177403,79579,43625,35954
SL040,340943,795902,659220,327739,331481,136682,68922,67760
SL040,341003,1838819,1443156,714338,728818,395663,196759,198904
SL040,341012,576898,489146,243351,245795,87752,43008,44744
SL040,341046,2547986,2215850,1085948,1129902,332136,162979,169157
SL040,341106,676376,650406,322750,327656,25970,11886,14084
SL040,341110,396487,377950,187658,190292,18537,8961,9576
SL040,341215,1119351,1029916,495366,534550,89435,41271,48164
SL040,341227,331327,307531,149324,158207,23796,11323,12473
SL040,341232,309293,275548,132766,142782,33745,15660,18085
SL040,341236,941772,866785,419600,447185,74987,35299,39688
SL040,341328,6578079,5358732,2593823,2764909,1219347,554049,665298
SL040,341430,1478509,1251888,619365,632523,226621,120778,105843
SL040,341531,647554,555256,275596,279660,92298,44873,47425
SL040,341601,328868,291487,143776,147711,37381,18399,18982
SL040,341620,720592,652083,319204,332879,68509,32492,36017
SL040,341648,1149628,1048988,507893,541095,100640,46986,53654
SL040,341726,315675,271763,134490,137273,43912,21268,22644
SL040,341851,85144,74098,37633,36465,11046,5544,5502
SL040,341952,86384,65945,33857,32088,20439,9908,10531
SL050,34160101001,2887,2581,1350,1231,306,157,149
SL050,34160101002,10286,9504,4675,4829,782,400,382
SL050,34160101003,1483,1433,750,683,50,24,26
SL050,34160101004,1831,1717,860,857,114,52,62
SL050,34160101006,219,207,107,100,12,8,4
SL050,34160101008,982,932,506,426,50,29,21
SL050,34160101009,1643,1510,764,746,133,69,64
SL050,34160101010,2967,2875,1456,1419,92,47,45
SL050,34160101011,286,244,135,109,42,24,18
SL050,34160101013,883,836,464,372,47,29,18
SL050,34160101014,443,421,227,194,22,11,11
SL050,34160101016,511,478,287,191,33,16,17
SL050,34160101017,1040,959,506,453,81,42,39
SL050,34160101018,1753,1675,908,767,78,44,34
SL050,34160101019,181,176,94,82,5,2,3
SL050,34160101020,381,361,210,151,20,12,8
SL050,34160101021,603,572,299,273,31,17,14
SL050,34160101022,1025,947,469,478,78,44,34
SL050,34160101023,348,311,156,155,37,14,23
SL050,34160101027,517,496,272,224,21,9,12
SL050,34160101028,1445,1287,676,611,158,83,75
SL050,34160101030,158,155,87,68,3,1,2
SL050,34160101031,1505,1348,698,650,157,78,79
SL050,34160101032,667,579,299,280,88,42,46
SL050,34160101033,857,761,389,372,96,52,44
SL050,34160101034,196,176,87,89,20,13,7
SL050,34160101036,18205,17033,8432,8601,1172,547,625
SL050,34160101037,717,673,378,295,44,21,23
SL050,34160101039,229,215,108,107,14,5,9
SL050,34160101041,209,175,92,83,34,25,9
SL050,34160101042,1162,1095,569,526,67,32,35
SL050,34160101043,3368,2942,1499,1443,426,219,207
SL050,34160101044,257,247,148,99,10,4,6
SL050,34160101046,780,731,419,312,49,28,21
SL050,34160101047,1374,1219,664,555,155,81,74
SL050,34160101049,151,140,80,60,11,7,4
SL050,34160101051,5018,4440,2200,2240,578,297,281
SL050,34160101052,319,294,143,151,25,12,13
SL050,34160101053,709,679,379,300,30,11,19
SL050,34160101054,1336,1215,623,592,121,65,56
SL050,34160101055,991,899,498,401,92,48,44
SL050,34160101056,229,225,128,97,4,1,3
SL050,34160101057,299,259,133,126,40,17,23
SL050,34160101058,1869,1675,889,786,194,103,91
SL050,34160101059,249176,217988,106084,111904,31188,15274,15914
SL050,34160101060,269,236,117,119,33,22,11
SL050,34160101061,186,177,97,80,9,7,2
SL050,34160101062,400,357,192,165,43,22,21
SL050,34160101063,2313,2177,1139,1038,136,54,82
SL050,34160101901,3333,3042,1574,1468,291,147,144
SL050,34160101902,872,813,460,353,59,31,28
SL050,34080202001,757,702,332,370,55,31,24
SL050,34080202002,529,488,279,209,41,21,20
SL050,34080202003,173050,159978,77984,81994,13072,6629,6443
SL050,34080202004,693,655,337,318,38,20,18
SL050,34080202005,650,598,317,281,52,22,30
SL050,34080202006,655,639,347,292,16,9,7
SL050,34080202007,1199,1118,598,520,81,41,40
SL050,34080202008,1405,1352,701,651,53,23,30
SL050,34080202009,24537,23175,11567,11608,1362,648,714
SL050,34080202010,2275,2102,1091,1011,173,92,81
SL050,34080202011,638,607,325,282,31,16,15
SL050,34080202012,2360,2226,1137,1089,134,68,66
SL050,34080202013,150,130,73,57,20,12,8
SL050,34080202014,409,388,197,191,21,11,10
SL050,34080202015,1864,1728,884,844,136,57,79
SL050,34080202016,610,599,322,277,11,4,7
SL050,34080202017,873,856,455,401,17,7,10
SL050,34080202018,1057,920,461,459,137,77,60
SL050,34080202019,2837,2739,1402,1337,98,45,53
SL050,34080202020,508,467,254,213,41,25,16
SL050,34080202021,1275,1147,602,545,128,67,61
SL050,34080202022,344,336,190,146,8,4,4
SL050,34080202023,588,551,290,261,37,21,16
SL050,34080202024,4522,3995,2017,1978,527,274,253
SL050,34080202025,10003,8924,4541,4383,1079,548,531
SL050,34080202026,1182,993,518,475,189,83,106
SL050,34080202027,330,319,172,147,11,5,6
SL050,34080202028,128,125,64,61,3,0,3
SL050,34080202029,4182,3919,2049,1870,263,134,129
SL050,34080202030,3624,3518,1770,1748,106,49,57
SL050,34080202031,674,643,316,327,31,11,20
SL050,34080202032,297,269,156,113,28,12,16
SL050,34080202033,2489,2246,1159,1087,243,144,99
SL050,34080202034,1816,1550,789,761,266,123,143
SL050,34080202035,2448,2295,1183,1112,153,76,77
SL050,34080202036,110,100,52,48,10,6,4
SL050,34080202037,30268,26792,13324,13468,3476,1800,1676
SL050,34080202038,349,303,156,147,46,25,21
SL050,34080202039,1184,1139,590,549,45,20,25
SL050,34080202040,621,585,316,269,36,16,20
SL050,34080202041,360,354,191,163,6,4,2
SL050,34080202042,928,905,438,467,23,10,13
SL050,34080202043,1398,1320,685,635,78,36,42
SL050,34080202044,1200,1170,615,555,30,11,19
SL050,34080202045,4665,4287,2199,2088,378,188,190
SL050,34080202046,1359,1284,653,631,75,45,30
SL050,34080202047,113,113,62,51,0,0,0
SL050,34080202048,1537,1359,687,672,178,112,66
SL050,34080202049,840,819,425,394,21,10,11
SL050,34080202050,96,95,53,42,1,0,1
SL050,34080202051,2042,1893,952,941,149,84,65
SL050,34080202052,548,519,277,242,29,15,14
SL050,34080202053,3513,3429,1753,1676,84,40,44
SL050,34080202054,518,429,223,206,89,48,41
SL050,34080202055,1222,1212,671,541,10,5,5
SL050,34080202056,2028,1888,954,934,140,68,72
SL050,34080202057,2352,2264,1137,1127,88,32,56
SL050,34080202058,360,347,191,156,13,3,10
SL050,34080202059,331,327,179,148,4,2,2
SL050,34080202060,1420,1395,821,574,25,11,14
SL050,34080202061,696,671,345,326,25,14,11
SL050,34080202062,446,433,236,197,13,11,2
SL050,34080202063,1635,1553,817,736,82,36,46
SL050,34080202064,401,385,196,189,16,9,7
SL050,34080202065,489,488,258,230,1,0,1
SL050,34080202066,254,243,130,113,11,3,8
SL050,34080202067,1357,1316,682,634,41,14,27
SL050,34080202068,363,355,196,159,8,4,4
SL050,34080202069,15515,13780,6944,6836,1735,891,844
SL050,34080202070,501,450,235,215,51,30,21
SL050,34080202071,1153,1081,550,531,72,37,35
SL050,34080202072,1790,1708,875,833,82,45,37
SL050,34080202073,6255,5765,2934,2831,490,264,226
SL050,34080202074,7738,6887,3460,3427,851,495,356
SL050,34080202075,1943,1855,952,903,88,52,36
SL050,34080202076,355,354,179,175,1,0,1
SL050,34080202077,57,56,34,22,1,0,1
SL050,34080202078,1115,1053,554,499,62,31,31
SL050,34080202079,4112,3368,1736,1632,744,341,403
SL050,34080202080,589,551,284,267,38,23,15
SL050,34080202081,25241,22574,11149,11425,2667,1314,1353
SL050,34080202082,95,93,57,36,2,1,1
SL050,34080202083,226,224,135,89,2,2,0
SL050,34080202084,340,326,168,158,14,6,8
SL050,34080202085,340,334,172,162,6,2,4
SL050,34080202086,2674,2641,1358,1283,33,13,20
SL050,34080202901,2786,2658,1334,1324,128,67,61
SL050,34100303001,661,372,197,175,289,149,140
SL050,34100303002,4713,4295,2143,2152,418,201,217
SL050,34100303003,551,516,277,239,35,17,18
SL050,34100303004,936,680,370,310,256,123,133
SL050,34100303005,12042,9786,4908,4878,2256,1264,992
SL050,34100303006,1298,558,286,272,740,359,381
SL050,34100303007,229,191,94,97,38,21,17
SL050,34100303008,180,174,91,83,6,3,3
SL050,34100303009,58977,54837,26710,28127,4140,2096,2044
SL050,34100303010,407,382,182,200,25,16,9
SL050,34100303011,20053,9521,4858,4663,10532,5089,5443
SL050,34100303012,2838,1385,714,671,1453,713,740
SL050,34100303013,1341,1257,624,633,84,47,37
SL050,34100303014,331577,269034,130083,138951,62543,30512,32031
SL050,34100303015,20542,16126,8097,8029,4416,2301,2115
SL050,34100303016,104,93,49,44,11,5,6
SL050,34100303017,491,451,213,238,40,24,16
SL050,34100303018,21995,14416,7065,7351,7579,3691,3888
SL050,34100303019,20537,18937,9561,9376,1600,763,837
SL050,34100303020,122,100,52,48,22,13,9
SL050,34100303021,7113,6755,3374,3381,358,188,170
SL050,34100303022,156,148,74,74,8,3,5
SL050,34100303023,1703,1590,806,784,113,60,53
SL050,34100303024,5361,4701,2342,2359,660,347,313
SL050,34100303025,1940,1575,838,737,365,173,192
SL050,34100303026,1983,1444,728,716,539,277,262
SL050,34100303027,178,156,73,83,22,16,6
SL050,34100303028,1118,1057,540,517,61,26,35
SL050,34100303029,444,233,118,115,211,110,101
SL050,34100303030,1110,623,311,312,487,245,242
SL050,34100303031,67558,46619,23010,23609,20939,10571,10368
SL050,34100303032,108,108,59,49,0,0,0
SL050,34100303033,149,128,62,66,21,12,9
SL050,34100303034,3357,1700,811,889,1657,823,834
SL050,34100303035,742,697,364,333,45,20,25
SL050,34100303036,94,92,42,50,2,1,1
SL050,34100303037,490,379,190,189,111,51,60
SL050,34100303038,413,372,186,186,41,19,22
SL050,34100303039,96,81,48,33,15,7,8
SL050,34100303040,410,285,139,146,125,51,74
SL050,34100303041,10768,7041,3455,3586,3727,1809,1918
SL050,34100303042,4130,1661,836,825,2469,1203,1266
SL050,34100303043,3651,3480,1705,1775,171,87,84
SL050,34100303044,6702,5510,2740,2770,1192,640,552
SL050,34100303045,418,229,117,112,189,104,85
SL050,34100303046,2925,1935,994,941,990,504,486
SL050,34100303047,21633,11276,5733,5543,10357,5167,5190
SL050,34100303048,7257,5523,2778,2745,1734,930,804
SL050,34100303049,18864,15106,7547,7559,3758,2055,1703
SL050,34100303050,27893,21870,10788,11082,6023,2777,3246
SL050,34100303051,428,396,202,194,32,16,16
SL050,34100303052,1214,1164,582,582,50,27,23
SL050,34100303053,9880,8686,4397,4289,1194,619,575
SL050,34100303054,435,355,175,180,80,48,32
SL050,34100303055,8631,6653,3333,3320,1978,986,992
SL050,34100303056,11456,10152,5086,5066,1304,736,568
SL050,34100303057,208,171,101,70,37,17,20
SL050,34100303058,7226,5980,3046,2934,1246,652,594
SL050,34100303059,28957,25441,12752,12689,3516,1888,1628
SL050,34100303060,121,109,62,47,12,6,6
SL050,34100303061,1718,1275,635,640,443,215,228
SL050,34100303062,685,250,123,127,435,233,202
SL050,34100303063,41733,30345,14932,15413,11388,5313,6075
SL050,34100303064,7383,6190,3085,3105,1193,604,589
SL050,34100303065,230625,202368,99902,102466,28257,14430,13827
SL050,34100303066,52404,48459,23629,24830,3945,1920,2025
SL050,34100303067,101,97,49,48,4,3,1
SL050,34100303068,53,46,27,19,7,2,5
SL050,34100303069,6381,3717,1933,1784,2664,1298,1366
SL050,34100303070,4131,2535,1245,1290,1596,824,772
SL050,34100303071,5893,4666,2333,2333,1227,641,586
SL050,34100303072,471,421,217,204,50,24,26
SL050,34100303073,258,240,134,106,18,10,8
SL050,34100303074,2489,2026,1051,975,463,259,204
SL050,34100303075,209,156,78,78,53,26,27
SL050,34100303076,15058,10251,5063,5188,4807,2295,2512
SL050,34100303077,2474,1579,789,790,895,467,428
SL050,34100303078,1132,553,303,250,579,282,297
SL050,34100303079,23403,21521,10762,10759,1882,958,924
SL050,34100303080,1986,1595,823,772,391,186,205
SL050,34100303081,2683,1704,863,841,979,475,504
SL050,34100303082,27224,14566,7254,7312,12658,6274,6384
SL050,34100303083,6875,6391,3104,3287,484,238,246
SL050,34100303084,596,554,273,281,42,20,22
SL050,34100303085,1051,327,171,156,724,358,366
SL050,34100303086,229,172,92,80,57,30,27
SL050,34100303088,7944,6948,3591,3357,996,581,415
SL050,34100303089,12175,11275,5637,5638,900,440,460
SL050,34100303090,25009,21429,10735,10694,3580,1723,1857
SL050,34100303091,493,275,129,146,218,104,114
SL050,34100303092,9328,8289,4089,4200,1039,538,501
SL050,34100303093,25725,23494,11641,11853,2231,1162,1069
SL050,34100303094,18242,11355,5866,5489,6887,3339,3548
SL050,34100303095,6815,5534,2802,2732,1281,616,665
SL050,34100303096,7475,6840,3408,3432,635,326,309
SL050,34100303097,2111,1137,562,575,974,474,500
SL050,34100303098,738,559,286,273,179,87,92
SL050,34100303099,76778,51632,25593,26039,25146,12551,12595
SL050,34100303100,908,551,271,280,357,172,185
SL050,34100303101,7490,5693,2813,2880,1797,904,893
SL050,34100303102,10052,8328,4138,4190,1724,898,826
SL050,34100303103,301,284,148,136,17,10,7
SL050,34100303104,34479,32839,16363,16476,1640,758,882
SL050,34100303105,7845,6650,3363,3287,1195,599,596
SL050,34100303106,713,633,344,289,80,43,37
SL050,34100303107,4850,3186,1633,1553,1664,866,798
SL050,34100303109,4418,3719,1849,1870,699,358,341
SL050,34100303110,644,365,192,173,279,136,143
SL050,34100303111,7797,6722,3422,3300,1075,585,490
SL050,34100303112,1147,710,365,345,437,224,213
SL050,34100303113,16560,5166,2629,2537,11394,5764,5630
SL050,34100303114,2376,1864,974,890,512,256,256
SL050,34100303115,389,275,136,139,114,57,57
SL050,34100303116,1585,1340,686,654,245,127,118
SL050,34100303117,648,411,212,199,237,119,118
SL050,34100303118,7943,2938,1539,1399,5005,2491,2514
SL050,34100303119,23518,19720,9622,10098,3798,1754,2044
SL050,34100303120,5811,2989,1541,1448,2822,1408,1414
SL050,34100303121,31745,25406,12815,12591,6339,3101,3238
SL050,34100303122,57785,52198,25966,26232,5587,2622,2965
SL050,34100303123,9771,9064,4566,4498,707,354,353
SL050,34100303124,585,510,267,243,75,41,34
SL050,34100303125,581,399,207,192,182,96,86
SL050,34100303127,627,389,196,193,238,128,110
SL050,34100303128,10722,4895,2453,2442,5827,2878,2949
SL050,34100303129,1564,1357,723,634,207,101,106
SL050,34100303130,56,45,24,21,11,6,5
SL050,34100303131,336,211,101,110,125,63,62
SL050,34100303132,654,545,293,252,109,55,54
SL050,34100303133,82599,46349,23085,23264,36250,17953,18297
SL050,34100303134,164,148,81,67,16,9,7
SL050,34100303135,224,194,100,94,30,17,13
SL050,34100303136,589,450,244,206,139,75,64
SL050,34100303137,820,690,351,339,130,56,74
SL050,34100303138,4520,3639,1808,1831,881,439,442
SL050,34100303139,33969,26679,13310,13369,7290,3639,3651
SL050,34100303140,33983,31211,15588,15623,2772,1404,1368
SL050,34100303901,2864,1245,609,636,1619,751,868
SL050,34100303902,21418,13005,6516,6489,8413,4465,3948
SL050,34100303903,4844,3109,1600,1509,1735,853,882
SL050,34100303904,1933,1672,868,804,261,120,141
SL050,34010404001,1235,1137,583,554,98,50,48
SL050,34010404002,1150,1110,577,533,40,23,17
SL050,34010404003,24859,21710,10838,10872,3149,1801,1348
SL050,34010404004,753,458,241,217,295,143,152
SL050,34010404005,621,604,299,305,17,8,9
SL050,34010404006,11696,8241,4146,4095,3455,1877,1578
SL050,34010404007,814,797,408,389,17,9,8
SL050,34010404008,528,497,270,227,31,18,13
SL050,34010404009,135,134,59,75,1,0,1
SL050,34010404010,648,630,327,303,18,13,5
SL050,34010404011,3615,3287,1647,1640,328,164,164
SL050,34010404012,212,210,109,101,2,2,0
SL050,34010404013,196851,172238,83129,89109,24613,12824,11789
SL050,34010404014,176,160,82,78,16,9,7
SL050,34010404015,133,127,75,52,6,4,2
SL050,34010404016,3169,2483,1230,1253,686,365,321
SL050,34010404017,4586,1468,747,721,3118,1564,1554
SL050,34010404018,321,292,147,145,29,10,19
SL050,34010404019,232,226,122,104,6,2,4
SL050,34010404020,284,276,148,128,8,2,6
SL050,34010404021,206,189,92,97,17,9,8
SL050,34010404022,927,387,197,190,540,266,274
SL050,34010404023,117,114,56,58,3,2,1
SL050,34010404024,4357,4067,2013,2054,290,144,146
SL050,34010404026,68,66,39,27,2,0,2
SL050,34010404027,248,228,124,104,20,6,14
SL050,34010404028,243,241,139,102,2,1,1
SL050,34010404029,12381,10968,5506,5462,1413,761,652
SL050,34010404030,1202,1172,614,558,30,15,15
SL050,34010404031,3228,2541,1304,1237,687,326,361
SL050,34010404032,7757,6807,3486,3321,950,491,459
SL050,34010404033,121,114,56,58,7,3,4
SL050,34010404034,143,134,78,56,9,5,4
SL050,34010404035,13776,10335,5225,5110,3441,1943,1498
SL050,34010404036,283,252,128,124,31,15,16
SL050,34010404037,1525,1409,698,711,116,64,52
SL050,34010404038,4031,3773,1858,1915,258,129,129
SL050,34010404041,418,342,200,142,76,36,40
SL050,34010404043,642,581,333,248,61,30,31
SL050,34010404044,1992,1767,908,859,225,138,87
SL050,34010404045,1992,1922,962,960,70,43,27
SL050,34010404046,975,939,495,444,36,17,19
SL050,34010404047,3027,2759,1431,1328,268,144,124
SL050,34010404048,2803,1703,859,844,1100,558,542
SL050,34010404049,8838,6562,3339,3223,2276,1223,1053
SL050,34010404050,1031,876,454,422,155,99,56
SL050,34010404051,486,475,229,246,11,7,4
SL050,34010404052,17418,16580,8481,8099,838,388,450
SL050,34010404053,18816,14816,7275,7541,4000,2084,1916
SL050,34010404054,390,375,204,171,15,8,7
SL050,34010404055,429,403,200,203,26,13,13
SL050,34010404056,169,163,95,68,6,4,2
SL050,34010404057,1538,1493,746,747,45,21,24
SL050,34010404058,390,365,194,171,25,11,14
SL050,34010404059,1431,1116,529,587,315,171,144
SL050,34010404060,546,455,243,212,91,56,35
SL050,34010404061,766,704,342,362,62,35,27
SL050,34010404062,5539,5220,2662,2558,319,181,138
SL050,34010404063,1261,1188,604,584,73,45,28
SL050,34010404064,6301,3209,1596,1613,3092,1489,1603
SL050,34010404065,460,378,186,192,82,45,37
SL050,34010404066,30122,18750,9636,9114,11372,6982,4390
SL050,34010404067,596,583,295,288,13,4,9
SL050,34010404068,180,166,91,75,14,9,5
SL050,34010404069,6212,5593,2872,2721,619,322,297
SL050,34010404070,2238,1729,913,816,509,259,250
SL050,34010404071,419,400,204,196,19,12,7
SL050,34010404072,1055,347,170,177,708,360,348
SL050,34010404073,362,347,205,142,15,7,8
SL050,34010404074,4018,3638,1855,1783,380,183,197
SL050,34010404075,9502,6376,3251,3125,3126,1715,1411
SL050,34010404076,1621,1452,744,708,169,107,62
SL050,34010404077,304,301,162,139,3,1,2
SL050,34010404078,1364,1267,639,628,97,51,46
SL050,34010404079,94925,68449,34298,34151,26476,14740,11736
SL050,34010404080,218,200,97,103,18,10,8
SL050,34010404081,432,395,201,194,37,18,19
SL050,34010404082,300,270,141,129,30,16,14
SL050,34010404083,2035,1952,1004,948,83,31,52
SL050,34010404084,393,373,197,176,20,9,11
SL050,34010404085,463,411,206,205,52,28,24
SL050,34010404086,2389,1943,1011,932,446,243,203
SL050,34010404087,217,180,100,80,37,20,17
SL050,34010404088,3704,2868,1466,1402,836,450,386
SL050,34010404089,963,786,384,402,177,79,98
SL050,34010404090,324,273,135,138,51,24,27
SL050,34010404091,381,356,179,177,25,13,12
SL050,34010404092,3569,3334,1664,1670,235,105,130
SL050,34010404093,3384,2249,1173,1076,1135,561,574
SL050,34010404094,233,207,123,84,26,13,13
SL050,34010404095,836,747,371,376,89,44,45
SL050,34010404096,329,283,149,134,46,23,23
SL050,34010404097,253,245,133,112,8,4,4
SL050,34010404098,1938,1636,840,796,302,155,147
SL050,34010404099,6630,5607,2722,2885,1023,509,514
SL050,34010404100,15837,11231,5716,5515,4606,2336,2270
SL050,34010404101,5791,5351,2716,2635,440,223,217
SL050,34010404102,25405,18098,9136,8962,7307,4411,2896
SL050,34010404103,2893,1683,835,848,1210,606,604
SL050,34010404901,570,524,284,240,46,23,23
SL050,34010404902,84710,60752,30362,30390,23958,14100,9858
SL050,34010404903,9003,6004,2980,3024,2999,2047,952
SL050,34010404904,2933,2279,1127,1152,654,401,253
SL050,34070505001,202,187,99,88,15,14,1
SL050,34070505002,2517,2167,1133,1034,350,165,185
SL050,34070505005,190,190,100,90,0,0,0
SL050,34070505007,119,116,63,53,3,0,3
SL050,34070505008,233,224,111,113,9,4,5
SL050,34070505010,168,161,83,78,7,2,5
SL050,34070505012,135,134,69,65,1,0,1
SL050,34070505013,972,824,417,407,148,78,70
SL050,34070505014,6454,5994,2937,3057,460,198,262
SL050,34070505015,75,72,35,37,3,0,3
SL050,34070505016,8069,7665,3738,3927,404,181,223
SL050,34070505017,86,86,49,37,0,0,0
SL050,34070505018,26,24,14,10,2,1,1
SL050,34070505019,57657,52449,25082,27367,5208,2390,2818
SL050,34070505021,2368,2189,1061,1128,179,84,95
SL050,34070505022,1889,1756,917,839,133,59,74
SL050,34070505023,186,186,103,83,0,0,0
SL050,34070505024,206,204,106,98,2,2,0
SL050,34070505025,90,90,50,40,0,0,0
SL050,34070505026,199,189,103,86,10,3,7
SL050,34070505027,323,290,149,141,33,15,18
SL050,34070505029,108,107,63,44,1,1,0
SL050,34070505030,43,43,22,21,0,0,0
SL050,34070505033,193,192,102,90,1,0,1
SL050,34070505034,16,14,8,6,2,0,2
SL050,34070505035,114,110,56,54,4,1,3
SL050,34070505036,126,121,60,61,5,2,3
SL050,34070505037,248,245,142,103,3,0,3
SL050,34070505038,120,115,68,47,5,3,2
SL050,34070505039,44,44,27,17,0,0,0
SL050,34070505040,65,63,42,21,2,1,1
SL050,34070505041,1196,1098,577,521,98,44,54
SL050,34070505042,157,152,75,77,5,2,3
SL050,34070505043,84,83,43,40,1,1,0
SL050,34070505044,275,270,148,122,5,2,3
SL050,34070505045,82,82,43,39,0,0,0
SL050,34070505046,48,47,26,21,1,0,1
SL050,34070505047,4998,4687,2379,2308,311,149,162
SL050,34070505048,112,112,63,49,0,0,0
SL050,34070505049,452,434,232,202,18,7,11
SL050,34070505051,181,179,97,82,2,1,1
SL050,34070505052,92,90,48,42,2,0,2
SL050,34070505053,84,83,46,37,1,0,1
SL050,34070505054,1429,1351,700,651,78,42,36
SL050,34070505055,637,586,313,273,51,25,26
SL050,34070505056,95,94,53,41,1,0,1
SL050,34070505057,3056,2722,1395,1327,334,181,153
SL050,34070505058,76,76,43,33,0,0,0
SL050,34070505059,100,100,60,40,0,0,0
SL050,34070505060,109,109,56,53,0,0,0
SL050,34070505061,329,317,166,151,12,6,6
SL050,34070505062,179,178,91,87,1,1,0
SL050,34070505063,32,32,20,12,0,0,0
SL050,34070505064,106,104,60,44,2,0,2
SL050,34070505065,496,481,257,224,15,7,8
SL050,34070505066,491,476,261,215,15,10,5
SL050,34070505067,79,79,47,32,0,0,0
SL050,34070505069,79,78,44,34,1,1,0
SL050,34070505070,33,28,15,13,5,2,3
SL050,34070505072,106,103,55,48,3,2,1
SL050,34070505073,307,303,168,135,4,0,4
SL050,34070505074,751,733,387,346,18,4,14
SL050,34070505075,121,113,53,60,8,3,5
SL050,34070505076,601,582,306,276,19,6,13
SL050,34070505077,165,162,88,74,3,0,3
SL050,34070505078,105,103,59,44,2,0,2
SL050,34070505079,63,63,37,26,0,0,0
SL050,34070505080,43,43,21,22,0,0,0
SL050,34070505081,40,40,28,12,0,0,0
SL050,34070505082,587,556,303,253,31,14,17
SL050,34070505083,155,149,79,70,6,3,3
SL050,34070505084,68,68,40,28,0,0,0
SL050,34070505085,36,36,17,19,0,0,0
SL050,34070505086,77,77,48,29,0,0,0
SL050,34070505087,161,157,53,104,4,1,3
SL050,34070505088,31,31,15,16,0,0,0
SL050,34070505089,511,500,246,254,11,6,5
SL050,34070505090,78,78,38,40,0,0,0
SL050,34070505092,169,164,90,74,5,4,1
SL050,34070505093,405,355,206,149,50,24,26
SL050,34070505094,135,135,74,61,0,0,0
SL050,34070505095,267,255,143,112,12,5,7
SL050,34070505096,78,75,46,29,3,1,2
SL050,34070505097,518,512,273,239,6,1,5
SL050,34070505099,512,505,285,220,7,2,5
SL050,34070505100,295,279,147,132,16,8,8
SL050,34070505101,290,278,163,115,12,4,8
SL050,34070505102,2164,2018,1056,962,146,67,79
SL050,34070505103,67,66,33,33,1,1,0
SL050,34070505104,34,34,20,14,0,0,0
SL050,34070505105,363,353,191,162,10,6,4
SL050,34070505106,29,29,15,14,0,0,0
SL050,34070505107,54,54,33,21,0,0,0
SL050,34070505108,40,40,21,19,0,0,0
SL050,34070505109,487,485,255,230,2,0,2
SL050,34070505110,844,771,387,384,73,44,29
SL050,34070505112,110,106,54,52,4,2,2
SL050,34070505113,64,62,30,32,2,0,2
SL050,34070505114,1440,1406,720,686,34,12,22
SL050,34070505115,596,541,279,262,55,31,24
SL050,34070505116,102,101,51,50,1,0,1
SL050,34070505117,208,208,119,89,0,0,0
SL050,34070505118,74,73,39,34,1,1,0
SL050,34070505119,27,27,18,9,0,0,0
SL050,34070505120,31,30,19,11,1,1,0
SL050,34070505121,317,303,161,142,14,4,10
SL050,34070505122,122,116,60,56,6,2,4
SL050,34070505123,105,102,51,51,3,1,2
SL050,34070505124,99,96,45,51,3,0,3
SL050,34070505125,61,61,31,30,0,0,0
SL050,34070505126,60,58,35,23,2,1,1
SL050,34070505127,704,668,374,294,36,20,16
SL050,34070505128,395,377,200,177,18,7,11
SL050,34070505129,124,117,71,46,7,2,5
SL050,34070505130,95,95,50,45,0,0,0
SL050,34070505131,92,92,54,38,0,0,0
SL050,34070505132,1006,955,495,460,51,25,26
SL050,34070505133,73,73,38,35,0,0,0
SL050,34070505134,50,50,30,20,0,0,0
SL050,34070505135,394,376,199,177,18,9,9
SL050,34070505136,94,93,49,44,1,1,0
SL050,34070505138,334,317,164,153,17,8,9
SL050,34070505139,67,64,35,29,3,2,1
SL050,34070505140,128,120,65,55,8,6,2
SL050,34070505141,103,100,57,43,3,0,3
SL050,34070505142,96,96,45,51,0,0,0
SL050,34070505143,62,59,31,28,3,0,3
SL050,34070505144,77,73,40,33,4,2,2
SL050,34070505145,50,49,28,21,1,0,1
SL050,34070505147,161,159,90,69,2,1,1
SL050,34070505148,22,22,11,11,0,0,0
SL050,34070505149,101,99,59,40,2,0,2
SL050,34070505151,98,89,45,44,9,5,4
SL050,34070505152,753,723,387,336,30,11,19
SL050,34070505153,93,93,50,43,0,0,0
SL050,34070505154,34,33,23,10,1,1,0
SL050,34070505155,46,41,26,15,5,4,1
SL050,34070505156,310,271,162,109,39,18,21
SL050,34070505157,247,231,128,103,16,6,10
SL050,34070505158,336,319,172,147,17,10,7
SL050,34070505159,236,233,116,117,3,0,3
SL050,34070505160,321,316,175,141,5,1,4
SL050,34070505161,777,623,313,310,154,86,68
SL050,34070505162,90,90,47,43,0,0,0
SL050,34070505163,1878,1754,875,879,124,49,75
SL050,34070505164,16,15,8,7,1,0,1
SL050,34070505165,434,412,206,206,22,7,15
SL050,34070505166,168,159,87,72,9,5,4
SL050,34070505167,279,245,139,106,34,16,18
SL050,34070505168,5139,4422,2238,2184,717,378,339
SL050,34070505169,251,247,144,103,4,1,3
SL050,34070505170,55,53,27,26,2,0,2
SL050,34070505171,69,69,34,35,0,0,0
SL050,34070505172,184,129,73,56,55,30,25
SL050,34070505173,63,57,35,22,6,4,2
SL050,34070505174,75,71,40,31,4,1,3
SL050,34070505175,172,160,94,66,12,4,8
SL050,34070505176,272,254,138,116,18,12,6
SL050,34070505177,154,148,75,73,6,6,0
SL050,34070505178,402,383,201,182,19,10,9
SL050,34070505179,232,227,112,115,5,2,3
SL050,34070505180,72,67,36,31,5,3,2
SL050,34070505181,43,40,28,12,3,1,2
SL050,34070505182,844,801,422,379,43,22,21
SL050,34070505183,140,132,69,63,8,5,3
SL050,34070505184,272,240,136,104,32,16,16
SL050,34070505185,113,109,57,52,4,1,3
SL050,34070505186,1811,1734,843,891,77,26,51
SL050,34070505187,2057,1943,971,972,114,54,60
SL050,34070505188,45,45,28,17,0,0,0
SL050,34070505189,482,429,225,204,53,29,24
SL050,34070505190,49,49,30,19,0,0,0
SL050,34070505191,126,121,62,59,5,2,3
SL050,34070505192,107,104,66,38,3,0,3
SL050,34070505193,181,181,103,78,0,0,0
SL050,34070505194,146,145,82,63,1,0,1
SL050,34070505195,227,224,133,91,3,2,1
SL050,34070505196,65,62,27,35,3,1,2
SL050,34070505197,116,109,61,48,7,3,4
SL050,34070505198,75,75,35,40,0,0,0
SL050,34070505199,42,38,20,18,4,2,2
SL050,34070505200,43,42,21,21,1,0,1
SL050,34070505201,553,547,296,251,6,1,5
SL050,34070505204,726,642,325,317,84,48,36
SL050,34070505205,86,83,41,42,3,2,1
SL050,34070505206,30,30,18,12,0,0,0
SL050,34070505207,747,716,373,343,31,15,16
SL050,34070505208,36,36,22,14,0,0,0
SL050,34070505209,80,80,48,32,0,0,0
SL050,34070505210,86,83,41,42,3,2,1
SL050,34070505211,473,458,245,213,15,6,9
SL050,34070505212,199,188,103,85,11,8,3
SL050,34070505213,105,100,62,38,5,2,3
SL050,34070505214,37,32,19,13,5,2,3
SL050,34070505215,174,172,104,68,2,0,2
SL050,34070505216,189,189,109,80,0,0,0
SL050,34070505217,55,55,30,25,0,0,0
SL050,34070505218,125,118,64,54,7,4,3
SL050,34070505219,44,41,24,17,3,2,1
SL050,34070505220,428,401,217,184,27,9,18
SL050,34070505221,365,348,184,164,17,8,9
SL050,34070505222,141,136,73,63,5,3,2
SL050,34070505224,111,111,58,53,0,0,0
SL050,34070505225,403,387,212,175,16,7,9
SL050,34070505226,73,73,44,29,0,0,0
SL050,34070505227,436,373,201,172,63,33,30
SL050,34070505228,176,176,109,67,0,0,0
SL050,34070505229,75,71,38,33,4,2,2
SL050,34070505230,65,63,33,30,2,2,0
SL050,34070505231,171,170,99,71,1,1,0
SL050,34070505232,111,110,58,52,1,0,1
SL050,34070505233,250,245,137,108,5,3,2
SL050,34070505234,43,42,21,21,1,1,0
SL050,34070505235,124,123,68,55,1,1,0
SL050,34070505236,113,111,65,46,2,1,1
SL050,34070505237,165,165,95,70,0,0,0
SL050,34070505238,837,819,437,382,18,9,9
SL050,34070505239,251,238,129,109,13,5,8
SL050,34070505240,4542,3900,1964,1936,642,288,354
SL050,34070505241,4097,3568,1838,1730,529,252,277
SL050,34070505242,796,785,408,377,11,3,8
SL050,34070505243,85,84,47,37,1,1,0
SL050,34070505244,41,41,26,15,0,0,0
SL050,34070505245,435,399,205,194,36,17,19
SL050,34070505246,60,59,33,26,1,0,1
SL050,34070505247,239,238,130,108,1,1,0
SL050,34070505249,105,103,55,48,2,0,2
SL050,34070505251,67,61,39,22,6,3,3
SL050,34070505252,62,61,37,24,1,0,1
SL050,34070505253,85,83,40,43,2,1,1
SL050,34070505254,213,204,102,102,9,4,5
SL050,34070505256,117,114,59,55,3,3,0
SL050,34070505257,132,127,69,58,5,2,3
SL050,34070505258,132,122,70,52,10,6,4
SL050,34070505259,122,122,61,61,0,0,0
SL050,34070505260,103,103,57,46,0,0,0
SL050,34070505261,39,39,22,17,0,0,0
SL050,34070505262,363,352,189,163,11,2,9
SL050,34070505263,166,161,93,68,5,3,2
SL050,34070505264,58,58,34,24,0,0,0
SL050,34070505265,87,84,50,34,3,2,1
SL050,34070505266,97,93,53,40,4,0,4
SL050,34070505267,115,114,59,55,1,1,0
SL050,34070505901,251,246,135,111,5,2,3
SL050,34070505902,314,304,179,125,10,4,6
SL050,34070505903,147,146,82,64,1,1,0
SL050,34070505904,122,121,69,52,1,0,1
SL050,34070505905,254,249,125,124,5,2,3
SL050,34110606001,798,771,408,363,27,10,17
SL050,34110606002,5461,5173,2567,2606,288,139,149
SL050,34110606003,893,884,441,443,9,2,7
SL050,34110606004,1880,1848,931,917,32,14,18
SL050,34110606005,2029,1967,1032,935,62,26,36
SL050,34110606006,5340,5217,2604,2613,123,63,60
SL050,34110606007,1704,1677,845,832,27,14,13
SL050,34110606008,730,714,351,363,16,8,8
SL050,34110606009,245,236,131,105,9,2,7
SL050,34110606010,1240,1232,601,631,8,6,2
SL050,34110606011,33468,30349,15038,15311,3119,1550,1569
SL050,34110606012,4126,3946,2006,1940,180,96,84
SL050,34110606013,293,291,149,142,2,1,1
SL050,34110606014,7891,7731,3858,3873,160,56,104
SL050,34110606015,150530,142870,69429,73441,7660,3559,4101
SL050,34110606016,3580,3548,1811,1737,32,11,21
SL050,34110606017,293,293,156,137,0,0,0
SL050,34110606018,841,817,408,409,24,9,15
SL050,34110606019,2360,2303,1169,1134,57,23,34
SL050,34110606020,2128,2103,1092,1011,25,9,16
SL050,34110606021,1052,1049,539,510,3,0,3
SL050,34110606022,3085,3021,1495,1526,64,29,35
SL050,34110606023,4929,4848,2412,2436,81,29,52
SL050,34110606024,1331,1325,678,647,6,1,5
SL050,34110606025,6241,6086,3021,3065,155,80,75
SL050,34110606026,969,956,487,469,13,3,10
SL050,34110606027,769,745,373,372,24,10,14
SL050,34110606028,4967,4874,2409,2465,93,33,60
SL050,34110606029,1373,1344,685,659,29,8,21
SL050,34110606030,186,182,94,88,4,2,2
SL050,34110606031,551,538,270,268,13,6,7
SL050,34110606032,67,67,33,34,0,0,0
SL050,34110606033,1483,1461,755,706,22,7,15
SL050,34110606034,191,189,92,97,2,2,0
SL050,34110606035,972,955,492,463,17,6,11
SL050,34110606036,5921,5711,2828,2883,210,91,119
SL050,34110606037,2119,1884,995,889,235,126,109
SL050,34110606038,916,911,469,442,5,2,3
SL050,34110606039,2182,2168,1061,1107,14,4,10
SL050,34110606040,1238,1145,560,585,93,47,46
SL050,34110606041,567,562,292,270,5,1,4
SL050,34110606042,1210,1202,583,619,8,4,4
SL050,34110606043,768,750,385,365,18,10,8
SL050,34110606044,37010,35269,17560,17709,1741,708,1033
SL050,34110606045,569,545,273,272,24,14,10
SL050,34110606046,1459,1444,715,729,15,5,10
SL050,34110606047,1031,1019,526,493,12,2,10
SL050,34110606048,938,930,449,481,8,2,6
SL050,34110606049,1150,1127,552,575,23,8,15
SL050,34110606050,4918,4777,2353,2424,141,66,75
SL050,34110606051,1879,1797,892,905,82,39,43
SL050,34110606052,4784,4688,2334,2354,96,33,63
SL050,34110606053,697,676,346,330,21,4,17
SL050,34110606054,6774,6579,3283,3296,195,84,111
SL050,34110606055,2311,2300,1137,1163,11,5,6
SL050,34110606056,522,511,276,235,11,1,10
SL050,34110606057,599,594,311,283,5,1,4
SL050,34110606058,2401,2385,1201,1184,16,5,11
SL050,34110606059,2041,1995,997,998,46,16,30
SL050,34110606060,7006,6836,3454,3382,170,76,94
SL050,34110606061,1247,1236,618,618,11,4,7
SL050,34110606062,653,642,361,281,11,7,4
SL050,34110606063,3485,3420,1719,1701,65,29,36
SL050,34110606064,941,927,486,441,14,6,8
SL050,34110606065,343,337,173,164,6,1,5
SL050,34110606066,1950,1917,968,949,33,14,19
SL050,34110606067,2264,2224,1116,1108,40,18,22
SL050,34110606068,489,481,234,247,8,4,4
SL050,34110606069,3639,3585,1814,1771,54,18,36
SL050,34110606070,9367,9139,4511,4628,228,99,129
SL050,34110606071,284,279,141,138,5,2,3
SL050,34110606072,2757,2734,1402,1332,23,12,11
SL050,34110606073,860,856,446,410,4,0,4
SL050,34110606074,5758,5570,2780,2790,188,81,107
SL050,34110606075,526,514,273,241,12,7,5
SL050,34110606076,970,958,472,486,12,6,6
SL050,34110606077,374,358,197,161,16,6,10
SL050,34110606078,569,561,291,270,8,3,5
SL050,34110606079,763,754,388,366,9,3,6
SL050,34110606080,2276,2231,1118,1113,45,16,29
SL050,34110606081,1207,1196,617,579,11,4,7
SL050,34110606082,472,462,250,212,10,4,6
SL050,34110606083,59352,56887,27835,29052,2465,1123,1342
SL050,34110606084,1300,1272,644,628,28,15,13
SL050,34110606085,4254,4112,2124,1988,142,65,77
SL050,34110606086,1367,1347,648,699,20,11,9
SL050,34110606087,2415,2343,1153,1190,72,24,48
SL050,34110606088,15614,15149,7495,7654,465,226,239
SL050,34110606089,719,710,362,348,9,3,6
SL050,34110606090,949,936,476,460,13,6,7
SL050,34110606091,4444,4284,2183,2101,160,75,85
SL050,34110606092,666,656,323,333,10,7,3
SL050,34110606093,5195,5116,2571,2545,79,30,49
SL050,34110606094,1734,1729,890,839,5,2,3
SL050,34110606095,11986,11560,5741,5819,426,236,190
SL050,34110606096,235,222,119,103,13,4,9
SL050,34110606097,2729,2616,1363,1253,113,52,61
SL050,34110606098,686,675,337,338,11,5,6
SL050,34110606099,1360,1358,703,655,2,2,0
SL050,34110606100,949,939,448,491,10,2,8
SL050,34110606101,512,492,249,243,20,10,10
SL050,34110606102,1188,1164,574,590,24,11,13
SL050,34110606103,5876,5768,2880,2888,108,53,55
SL050,34110606104,745,723,363,360,22,11,11
SL050,34110606105,698,681,350,331,17,6,11
SL050,34110606106,500,493,253,240,7,3,4
SL050,34110606107,1868,1851,931,920,17,7,10
SL050,34110606108,2731,2658,1343,1315,73,34,39
SL050,34110606109,4650,4491,2272,2219,159,82,77
SL050,34110606110,159,157,79,78,2,0,2
SL050,34110606111,622,608,314,294,14,6,8
SL050,34110606112,443,432,222,210,11,4,7
SL050,34110606113,3357,3186,1573,1613,171,91,80
SL050,34110606114,141,140,71,69,1,1,0
SL050,34110606115,1473,1447,716,731,26,11,15
SL050,34110606116,1800,1756,883,873,44,24,20
SL050,34110606117,1664,1647,802,845,17,9,8
SL050,34110606118,175,175,100,75,0,0,0
SL050,34110606119,837,819,427,392,18,6,12
SL050,34110606120,4059,3956,2012,1944,103,44,59
SL050,34110606121,4176,3965,2001,1964,211,108,103
SL050,34110606122,8126,7924,4008,3916,202,96,106
SL050,34110606123,5475,5357,2706,2651,118,50,68
SL050,34110606124,1921,1905,946,959,16,5,11
SL050,34110606125,1912,1891,956,935,21,6,15
SL050,34110606126,2645,2542,1264,1278,103,53,50
SL050,34110606127,3420,3286,1641,1645,134,63,71
SL050,34110606128,5376,5232,2627,2605,144,54,90
SL050,34110606129,681,673,338,335,8,3,5
SL050,34110606130,215,215,111,104,0,0,0
SL050,34110606131,1265,1234,633,601,31,15,16
SL050,34110606132,973,961,459,502,12,6,6
SL050,34110606133,2264,2193,1125,1068,71,43,28
SL050,34110606134,633,619,330,289,14,4,10
SL050,34110606135,1401,1380,712,668,21,8,13
SL050,34110606136,1777,1746,866,880,31,13,18
SL050,34110606137,1074,1037,535,502,37,20,17
SL050,34110606138,1179,1149,565,584,30,12,18
SL050,34110606139,578,567,300,267,11,5,6
SL050,34110606140,731,685,347,338,46,21,25
SL050,34110606141,2008,1981,988,993,27,6,21
SL050,34110606142,281,280,150,130,1,0,1
SL050,34110606143,4176,4101,2065,2036,75,36,39
SL050,34110606144,603,598,298,300,5,1,4
SL050,34110606145,1060,1047,529,518,13,5,8
SL050,34110606146,1224,1190,607,583,34,13,21
SL050,34110606147,367,364,179,185,3,1,2
SL050,34110606148,1152,1142,560,582,10,5,5
SL050,34110606149,12926,12491,6157,6334,435,208,227
SL050,34110606150,913,909,470,439,4,0,4
SL050,34110606151,1243,1226,601,625,17,2,15
SL050,34110606152,1504,1491,755,736,13,6,7
SL050,34110606153,25759,24425,11943,12482,1334,585,749
SL050,34110606154,3401,3310,1658,1652,91,42,49
SL050,34110606155,2168,2119,1133,986,49,24,25
SL050,34110606156,1383,1367,709,658,16,6,10
SL050,34110606157,444,430,221,209,14,5,9
SL050,34110606158,16776,16052,7809,8243,724,277,447
SL050,34110606159,2805,2789,1390,1399,16,9,7
SL050,34110606160,3606,3422,1729,1693,184,81,103
SL050,34110606161,310,306,156,150,4,1,3
SL050,34110606162,3508,3463,1762,1701,45,21,24
SL050,34110606901,2734,2561,1311,1250,173,87,86
SL050,34110606902,2033,1991,1008,983,42,24,18
SL050,34110606903,2518,2439,1194,1245,79,43,36
SL050,34040707001,5494,4334,2113,2221,1160,545,615
SL050,34040707002,9012,7633,3840,3793,1379,680,699
SL050,34040707003,19793,13645,6973,6672,6148,3001,3147
SL050,34040707004,5529,4681,2416,2265,848,406,442
SL050,34040707005,11004,7798,3964,3834,3206,1506,1700
SL050,34040707006,7671,6227,3111,3116,1444,733,711
SL050,34040707007,503,436,232,204,67,33,34
SL050,34040707008,8316,7383,3689,3694,933,441,492
SL050,34040707009,1054,855,447,408,199,98,101
SL050,34040707010,6714,5934,2956,2978,780,328,452
SL050,34040707011,49333,32463,16712,15751,16870,8015,8855
SL050,34040707012,2612,2225,1116,1109,387,186,201
SL050,34040707013,10610,8527,4268,4259,2083,1000,1083
SL050,34040707014,11600,8703,4476,4227,2897,1431,1466
SL050,34040707015,29223,25259,12625,12634,3964,1858,2106
SL050,34040707016,4008,3628,1834,1794,380,178,202
SL050,34040707017,1271,1016,516,500,255,108,147
SL050,34040707018,620,410,196,214,210,97,113
SL050,34040707019,211,178,114,64,33,15,18
SL050,34040707020,5020,4365,2186,2179,655,292,363
SL050,34040707021,318,251,139,112,67,32,35
SL050,34040707022,17497,14127,7091,7036,3370,1710,1660
SL050,34040707023,4695,4409,2215,2194,286,120,166
SL050,34040707024,12216,8064,4237,3827,4152,2191,1961
SL050,34040707025,678,536,265,271,142,67,75
SL050,34040707026,49727,35194,17691,17503,14533,7293,7240
SL050,34040707027,32137,25744,12860,12884,6393,3309,3084
SL050,34040707028,1289,1050,529,521,239,123,116
SL050,34040707029,5858,5119,2573,2546,739,368,371
SL050,34040707030,2243,1894,953,941,349,178,171
SL050,34040707031,36358,29118,14823,14295,7240,3621,3619
SL050,34040707032,28592,22969,11249,11720,5623,2741,2882
SL050,34040707033,42631,33677,16797,16880,8954,4473,4481
SL050,34040707034,1455,1304,678,626,151,60,91
SL050,34040707035,2143,1811,928,883,332,180,152
SL050,34040707036,36725,33763,17162,16601,2962,1333,1629
SL050,34040707037,4788,3711,1914,1797,1077,514,563
SL050,34040707038,2867,2337,1177,1160,530,272,258
SL050,34040707039,6931,5787,2902,2885,1144,602,542
SL050,34040707040,409661,316571,155297,161274,93090,44355,48735
SL050,34040707041,2825,2467,1203,1264,358,196,162
SL050,34040707042,16189,12442,6254,6188,3747,1805,1942
SL050,34040707043,5339,4219,2134,2085,1120,588,532
SL050,34040707044,13026,10481,5243,5238,2545,1380,1165
SL050,34040707045,1967,1577,796,781,390,178,212
SL050,34040707046,25779,18923,9982,8941,6856,3547,3309
SL050,34040707047,3195,2742,1416,1326,453,199,254
SL050,34040707048,26496,20553,10679,9874,5943,2984,2959
SL050,34040707049,2083,1788,871,917,295,152,143
SL050,34040707050,6200,4051,2088,1963,2149,1065,1084
SL050,34040707051,8405,6444,3201,3243,1961,950,1011
SL050,34040707052,6892,5538,2829,2709,1354,665,689
SL050,34040707053,1671,1435,728,707,236,103,133
SL050,34040707054,36457,26461,13514,12947,9996,5003,4993
SL050,34040707055,11958,8724,4495,4229,3234,1613,1621
SL050,34040707056,7167,6366,3199,3167,801,365,436
SL050,34040707057,12112,8472,4277,4195,3640,1812,1828
SL050,34040707058,3981,3423,1726,1697,558,268,290
SL050,34040707059,4877,3518,1759,1759,1359,715,644
SL050,34040707060,3764,3144,1570,1574,620,296,324
SL050,34040707061,14041,11038,5627,5411,3003,1423,1580
SL050,34040707062,11378,8934,4548,4386,2444,1148,1296
SL050,34040707063,1945,1506,797,709,439,192,247
SL050,34040707064,7348,6133,3157,2976,1215,566,649
SL050,34040707065,3176,2706,1373,1333,470,233,237
SL050,34040707901,860,703,362,341,157,89,68
SL050,34040707902,1370,1190,598,592,180,85,95
SL050,34090808001,12334,11116,5646,5470,1218,602,616
SL050,34090808002,277,272,146,126,5,2,3
SL050,34090808003,9764,8588,4217,4371,1176,534,642
SL050,34090808004,273,255,139,116,18,7,11
SL050,34090808005,8496,7698,3921,3777,798,364,434
SL050,34090808006,15533,13255,6454,6801,2278,1082,1196
SL050,34090808007,8838,8095,4096,3999,743,343,400
SL050,34090808008,219,203,102,101,16,8,8
SL050,34090808009,12295,11434,5632,5802,861,421,440
SL050,34090808010,5648,5112,2563,2549,536,288,248
SL050,34090808011,2250,2128,1057,1071,122,63,59
SL050,34090808012,2250,2029,1007,1022,221,113,108
SL050,34090808013,1669,1470,763,707,199,124,75
SL050,34090808014,2501,2330,1115,1215,171,89,82
SL050,34090808015,217741,182489,88913,93576,35252,18179,17073
SL050,34090808016,2152,2054,1025,1029,98,50,48
SL050,34090808017,3783,3396,1711,1685,387,196,191
SL050,34090808018,3205,2989,1463,1526,216,123,93
SL050,34090808019,1620343,1227613,578076,649537,392730,187886,204844
SL050,34090808020,6961,6355,3174,3181,606,266,340
SL050,34090808021,74,70,45,25,4,1,3
SL050,34090808022,16199,13873,6740,7133,2326,1239,1087
SL050,34090808023,9003,8491,4332,4159,512,255,257
SL050,34090808024,456,403,227,176,53,30,23
SL050,34090808025,2027,1857,1011,846,170,84,86
SL050,34090808026,257,240,135,105,17,7,10
SL050,34090808027,965,921,472,449,44,20,24
SL050,34090808028,1376,1253,671,582,123,55,68
SL050,34090808029,4664,4239,2146,2093,425,200,225
SL050,34090808030,7348,6349,3158,3191,999,468,531
SL050,34090808031,3547,2797,1390,1407,750,400,350
SL050,34090808032,2859,2291,1119,1172,568,261,307
SL050,34090808033,17449,15445,7619,7826,2004,1050,954
SL050,34090808034,946,910,473,437,36,15,21
SL050,34090808035,18728,14339,6904,7435,4389,2248,2141
SL050,34090808036,191,188,93,95,3,2,1
SL050,34090808037,2497,2320,1153,1167,177,112,65
SL050,34090808038,2095,1895,926,969,200,99,101
SL050,34090808039,515,467,246,221,48,26,22
SL050,34090808040,14583,12841,6256,6585,1742,819,923
SL050,34090808041,16317,12364,6188,6176,3953,2270,1683
SL050,34090808042,2995,2787,1423,1364,208,98,110
SL050,34090808043,4481,3991,2092,1899,490,218,272
SL050,34090808044,5211,4810,2380,2430,401,192,209
SL050,34090808045,96,94,45,49,2,0,2
SL050,34090808046,18165,16385,8035,8350,1780,857,923
SL050,34090808047,4652,4391,2134,2257,261,137,124
SL050,34090808048,783,692,349,343,91,49,42
SL050,34090808049,1572,1519,753,766,53,27,26
SL050,34090808050,165,160,89,71,5,3,2
SL050,34090808051,24036,22475,11156,11319,1561,699,862
SL050,34090808052,165,156,80,76,9,6,3
SL050,34090808053,3599,3362,1722,1640,237,119,118
SL050,34090808054,12332,11416,5796,5620,916,448,468
SL050,34090808055,728,666,347,319,62,30,32
SL050,34090808056,66375,49373,24326,25047,17002,8421,8581
SL050,34090808057,72,70,40,30,2,1,1
SL050,34090808058,2247,2064,1047,1017,183,100,83
SL050,34090808059,446,427,220,207,19,8,11
SL050,34090808060,156,153,90,63,3,0,3
SL050,34090808061,2053,1950,1010,940,103,55,48
SL050,34090808062,1319,1266,640,626,53,26,27
SL050,34090808063,610,579,282,297,31,13,18
SL050,34090808064,2418,2170,1081,1089,248,127,121
SL050,34090808065,1534,1417,706,711,117,66,51
SL050,34090808066,1865,1722,854,868,143,63,80
SL050,34090808067,7423,6895,3395,3500,528,248,280
SL050,34090808068,8970,8170,4122,4048,800,373,427
SL050,34090808069,4458,4176,2182,1994,282,122,160
SL050,34090808070,339,328,169,159,11,4,7
SL050,34090808071,306,299,147,152,7,4,3
SL050,34090808072,14643,12736,6493,6243,1907,864,1043
SL050,34090808073,87173,70340,33972,36368,16833,8254,8579
SL050,34090808074,14992,12970,6571,6399,2022,983,1039
SL050,34090808075,5281,4875,2483,2392,406,198,208
SL050,34090808076,22045,19756,9949,9807,2289,1204,1085
SL050,34090808077,46355,38284,18487,19797,8071,3657,4414
SL050,34090808078,258,252,128,124,6,2,4
SL050,34090808079,393,382,188,194,11,5,6
SL050,34090808080,42,40,25,15,2,0,2
SL050,34090808081,466,436,231,205,30,14,16
SL050,34090808082,1467,1358,697,661,109,56,53
SL050,34090808083,2276,2198,1125,1073,78,31,47
SL050,34090808084,1439,1367,712,655,72,31,41
SL050,34090808085,1354,1203,617,586,151,85,66
SL050,34090808086,19768,17008,8513,8495,2760,1490,1270
SL050,34090808087,169,156,83,73,13,7,6
SL050,34090808088,16227,14445,7038,7407,1782,823,959
SL050,34090808089,46705,40034,19631,20403,6671,3285,3386
SL050,34090808090,167,155,86,69,12,7,5
SL050,34090808091,7371,6537,3311,3226,834,389,445
SL050,34090808092,4834,4317,2117,2200,517,279,238
SL050,34090808093,26,26,15,11,0,0,0
SL050,34090808094,2130,1924,972,952,206,105,101
SL050,34090808095,80,76,54,22,4,2,2
SL050,34090808096,60981,48717,23592,25125,12264,6431,5833
SL050,34090808097,1481,1374,695,679,107,55,52
SL050,34090808098,3168,2950,1471,1479,218,153,65
SL050,34090808099,887,807,424,383,80,34,46
SL050,34090808100,2654,2542,1309,1233,112,51,61
SL050,34090808101,261068,184540,89214,95326,76528,36852,39676
SL050,34090808102,39540,33837,16417,17420,5703,2976,2727
SL050,34090808103,841,793,405,388,48,26,22
SL050,34090808104,863,751,397,354,112,72,40
SL050,34090808105,13367,11278,5496,5782,2089,1099,990
SL050,34090808106,9838,8719,4371,4348,1119,536,583
SL050,34090808107,15111,14344,7377,6967,767,361,406
SL050,34090808108,6480,6159,3158,3001,321,141,180
SL050,34090808109,276,263,127,136,13,8,5
SL050,34090808110,18439,15709,7803,7906,2730,1414,1316
SL050,34090808111,271,256,131,125,15,9,6
SL050,34090808112,20194,15768,7680,8088,4426,2388,2038
SL050,34090808113,76250,61431,29634,31797,14819,7677,7142
SL050,34090808114,27850,22296,11087,11209,5554,3092,2462
SL050,34090808115,4794,4447,2240,2207,347,170,177
SL050,34090808116,704,664,333,331,40,21,19
SL050,34090808117,3124,2962,1474,1488,162,69,93
SL050,34090808118,23340,20413,9918,10495,2927,1348,1579
SL050,34090808119,8641,8031,4036,3995,610,302,308
SL050,34090808120,9291,8775,4445,4330,516,221,295
SL050,34090808121,126988,105016,51176,53840,21972,11769,10203
SL050,34090808122,2331,2103,1055,1048,228,115,113
SL050,34090808123,25687,23508,11508,12000,2179,991,1188
SL050,34090808124,51133,43338,21199,22139,7795,3953,3842
SL050,34090808125,35599,30329,14943,15386,5270,2579,2691
SL050,34090808126,11819,10678,5295,5383,1141,537,604
SL050,34090808127,2955,2619,1328,1291,336,173,163
SL050,34090808128,677,652,345,307,25,12,13
SL050,34090808129,620,586,295,291,34,21,13
SL050,34090808130,129,127,65,62,2,1,1
SL050,34090808131,968,871,445,426,97,47,50
SL050,34090808132,465,435,220,215,30,17,13
SL050,34090808133,154,132,73,59,22,15,7
SL050,34090808134,1109,943,470,473,166,81,85
SL050,34090808135,8784,7895,3842,4053,889,456,433
SL050,34090808136,16263,14140,7039,7101,2123,1128,995
SL050,34090808137,321,302,157,145,19,9,10
SL050,34090808138,6190,5303,2639,2664,887,508,379
SL050,34090808139,223,213,117,96,10,4,6
SL050,34090808140,5966,5565,2739,2826,401,178,223
SL050,34090808141,6023,5468,2704,2764,555,284,271
SL050,34090808142,160,154,78,76,6,3,3
SL050,34090808143,3608,3406,1741,1665,202,106,96
SL050,34090808144,837,801,387,414,36,18,18
SL050,34090808145,3611,3282,1695,1587,329,160,169
SL050,34090808146,1787,1647,879,768,140,62,78
SL050,34090808147,23779,21154,10554,10600,2625,1306,1319
SL050,34090808148,3729,2911,1521,1390,818,441,377
SL050,34090808149,1188,1124,557,567,64,30,34
SL050,34090808150,310,295,151,144,15,5,10
SL050,34090808151,537,514,259,255,23,9,14
SL050,34090808152,136,131,72,59,5,3,2
SL050,34090808153,730,704,360,344,26,15,11
SL050,34090808154,908,835,415,420,73,40,33
SL050,34090808155,9256,8551,4314,4237,705,338,367
SL050,34090808156,14636,13443,6613,6830,1193,547,646
SL050,34090808157,11486,10506,5265,5241,980,460,520
SL050,34090808158,4103,3707,1841,1866,396,190,206
SL050,34090808159,19041,17456,8719,8737,1585,832,753
SL050,34090808160,412,370,188,182,42,22,20
SL050,34090808161,15362,13982,7124,6858,1380,724,656
SL050,34090808162,2930,2630,1363,1267,300,139,161
SL050,34090808163,26659,21816,10713,11103,4843,2541,2302
SL050,34090808164,1259,1159,581,578,100,53,47
SL050,34090808165,2177,2057,1053,1004,120,56,64
SL050,34090808166,1101,1047,515,532,54,20,34
SL050,34090808167,8389,7742,3894,3848,647,336,311
SL050,34090808168,458,397,223,174,61,35,26
SL050,34090808169,64132,56540,27666,28874,7592,3747,3845
SL050,34090808170,545,529,280,249,16,8,8
SL050,34090808171,2537,2352,1177,1175,185,96,89
SL050,34090808172,28071,23586,11424,12162,4485,2296,2189
SL050,34090808174,518,493,246,247,25,11,14
SL050,34090808175,4094,3775,1879,1896,319,145,174
SL050,34090808176,207,193,103,90,14,10,4
SL050,34090808177,60,54,29,25,6,3,3
SL050,34090808178,539,520,268,252,19,6,13
SL050,34090808179,747,710,369,341,37,17,20
SL050,34090808180,38347,32891,16167,16724,5456,2813,2643
SL050,34090808181,10666,9939,4961,4978,727,353,374
SL050,34090808182,3801,3547,1839,1708,254,120,134
SL050,34090808183,6197,5525,2680,2845,672,359,313
SL050,34090808184,76423,63891,31766,32125,12532,6074,6458
SL050,34090808185,232,221,124,97,11,5,6
SL050,34090808187,211734,181780,88353,93427,29954,14574,15380
SL050,34090808188,161,159,89,70,2,1,1
SL050,34090808189,155,152,83,69,3,1,2
SL050,34090808190,265,261,151,110,4,3,1
SL050,34090808191,6636,6151,2956,3195,485,238,247
SL050,34090808192,7532,7111,3542,3569,421,197,224
SL050,34090808193,1313,1194,615,579,119,62,57
SL050,34090808194,36669,30629,14992,15637,6040,3036,3004
SL050,34090808195,87,85,43,42,2,1,1
SL050,34090808196,27332,23826,11732,12094,3506,1820,1686
SL050,34090808197,10877,9392,4682,4710,1485,688,797
SL050,34090808198,6095,5578,2780,2798,517,252,265
SL050,34090808199,840,754,399,355,86,47,39
SL050,34090808200,82904,73026,35721,37305,9878,4880,4998
SL050,34090808201,532,489,239,250,43,21,22
SL050,34090808202,17754,15187,7496,7691,2567,1337,1230
SL050,34090808203,3344,2982,1561,1421,362,182,180
SL050,34090808204,4107,3923,1996,1927,184,78,106
SL050,34090808205,90664,75228,37138,38090,15436,6968,8468
SL050,34090808206,989,906,428,478,83,46,37
SL050,34090808207,2749,2495,1246,1249,254,113,141
SL050,34090808208,7800,7121,3598,3523,679,322,357
SL050,34090808209,8722,8190,4053,4137,532,277,255
SL050,34090808210,6184,5351,2700,2651,833,432,401
SL050,34090808211,44474,39667,19319,20348,4807,2217,2590
SL050,34090808212,600,571,300,271,29,16,13
SL050,34090808213,8593,7985,3989,3996,608,267,341
SL050,34090808214,9013,8326,4124,4202,687,311,376
SL050,34090808215,3475,3123,1523,1600,352,198,154
SL050,34090808216,30,28,17,11,2,1,1
SL050,34090808217,34084,30087,14736,15351,3997,1833,2164
SL050,34090808218,10820,9866,4940,4926,954,482,472
SL050,34090808219,20764,18635,9056,9579,2129,962,1167
SL050,34090808220,3096,2950,1457,1493,146,72,74
SL050,34090808221,17494,15029,7281,7748,2465,1080,1385
SL050,34090808222,2598,2403,1234,1169,195,89,106
SL050,34090808223,2371,2191,1105,1086,180,85,95
SL050,34090808224,1131,986,515,471,145,75,70
SL050,34090808225,113,112,56,56,1,0,1
SL050,34090808226,1206,1168,600,568,38,16,22
SL050,34090808227,3231,2934,1437,1497,297,154,143
SL050,34090808228,344,337,175,162,7,4,3
SL050,34090808229,600,580,293,287,20,7,13
SL050,34090808230,10429,9266,4645,4621,1163,561,602
SL050,34090808231,30658,24876,12473,12403,5782,2838,2944
SL050,34090808232,2338,2210,1088,1122,128,73,55
SL050,34090808233,2419,2188,1119,1069,231,132,99
SL050,34090808234,4371,4073,2034,2039,298,134,164
SL050,34090808235,5178,4454,2221,2233,724,342,382
SL050,34090808236,2179,1902,975,927,277,144,133
SL050,34090808237,2107,1912,916,996,195,111,84
SL050,34090808238,19939,18497,9131,9366,1442,623,819
SL050,34090808239,637,594,313,281,43,19,24
SL050,34090808240,12866,11562,5695,5867,1304,627,677
SL050,34090808241,79,77,45,32,2,1,1
SL050,34090808242,258,241,125,116,17,2,15
SL050,34090808243,187,184,95,89,3,1,2
SL050,34090808244,8179,7699,3813,3886,480,205,275
SL050,34090808245,118821,89073,43448,45625,29748,15401,14347
SL050,34090808246,2226,1939,989,950,287,141,146
SL050,34090808247,1309,1240,633,607,69,37,32
SL050,34090808248,7192,6732,3384,3348,460,217,243
SL050,34090808249,379,342,170,172,37,21,16
SL050,34090808250,9874,8786,4359,4427,1088,581,507
SL050,34090808251,7503,6369,3209,3160,1134,593,541
SL050,34090808252,32839,29792,14723,15069,3047,1444,1603
SL050,34090808253,143,139,71,68,4,1,3
SL050,34090808254,2141,2019,1022,997,122,61,61
SL050,34090808255,183,179,88,91,4,2,2
SL050,34090808256,882,848,425,423,34,14,20
SL050,34090808257,128,118,64,54,10,5,5
SL050,34090808258,1024,965,485,480,59,31,28
SL050,34090808259,9325,8270,4126,4144,1055,547,508
SL050,34090808260,25705,22725,11360,11365,2980,1573,1407
SL050,34090808261,3381,2876,1475,1401,505,225,280
SL050,34090808262,9274,8138,4004,4134,1136,616,520
SL050,34090808263,27901,25231,12503,12728,2670,1343,1327
SL050,34090808264,6372,5477,2772,2705,895,422,473
SL050,34090808265,2014,1902,942,960,112,51,61
SL050,34090808266,57740,50422,24892,25530,7318,3367,3951
SL050,34090808267,8957,8293,4189,4104,664,343,321
SL050,34090808268,1152,1101,538,563,51,29,22
SL050,34090808269,3472,3255,1661,1594,217,85,132
SL050,34090808270,28969,21002,10396,10606,7967,4080,3887
SL050,34090808271,79,78,33,45,1,1,0
SL050,34090808272,205,195,112,83,10,3,7
SL050,34090808273,3025,2840,1469,1371,185,87,98
SL050,34090808274,5895,5431,2658,2773,464,216,248
SL050,34090808275,320,304,152,152,16,7,9
SL050,34090808276,333,294,151,143,39,23,16
SL050,34090808277,202,195,112,83,7,3,4
SL050,34090808278,6412,5830,2912,2918,582,276,306
SL050,34090808279,218535,185074,90981,94093,33461,16559,16902
SL050,34090808280,111,100,53,47,11,5,6
SL050,34090808281,6312,5695,2808,2887,617,285,332
SL050,34090808282,8709,8168,3921,4247,541,249,292
SL050,34090808283,8131,7315,3640,3675,816,384,432
SL050,34090808284,16937,15060,7651,7409,1877,925,952
SL050,34090808285,14172,12310,6007,6303,1862,1014,848
SL050,34090808286,3716,3525,1826,1699,191,85,106
SL050,34090808287,1430,1322,679,643,108,57,51
SL050,34090808288,2281,1951,1042,909,330,177,153
SL050,34090808289,5945,5513,2744,2769,432,197,235
SL050,34090808290,2069,1987,998,989,82,40,42
SL050,34090808291,6486,6083,3145,2938,403,195,208
SL050,34090808292,1399,1257,651,606,142,78,64
SL050,34090808293,246,242,136,106,4,3,1
SL050,34090808294,2854,2584,1303,1281,270,124,146
SL050,34090808295,14877,13565,6824,6741,1312,617,695
SL050,34090808296,2530,2304,1186,1118,226,111,115
SL050,34090808297,170,162,90,72,8,5,3
SL050,34090808298,45040,32318,15570,16748,12722,7056,5666
SL050,34090808299,430,422,222,200,8,4,4
SL050,34090808300,7480,7139,3561,3578,341,146,195
SL050,34090808301,66168,59311,29409,29902,6857,3376,3481
SL050,34090808302,12361,11370,5692,5678,991,486,505
SL050,34090808303,308,297,138,159,11,5,6
SL050,34090808304,1106,1016,535,481,90,47,43
SL050,34090808305,40055,32807,15904,16903,7248,3648,3600
SL050,34090808306,688,630,311,319,58,32,26
SL050,34090808307,66274,56816,27400,29416,9458,4679,4779
SL050,34090808308,164,162,85,77,2,1,1
SL050,34090808901,279,254,126,128,25,13,12
SL050,34090808902,5339,5027,2577,2450,312,124,188
SL050,34090808903,244,240,132,108,4,1,3
SL050,34090808904,13417,12361,6080,6281,1056,485,571
SL050,34090808905,2982,2720,1356,1364,262,102,160
SL050,34070909001,27,26,19,7,1,0,1
SL050,34070909003,219,203,100,103,16,10,6
SL050,34070909006,57,57,35,22,0,0,0
SL050,34070909007,61,56,36,20,5,2,3
SL050,34070909009,214,209,109,100,5,2,3
SL050,34070909010,36,35,25,10,1,1,0
SL050,34070909011,77,75,46,29,2,0,2
SL050,34070909012,100,99,57,42,1,0,1
SL050,34070909013,53,49,28,21,4,3,1
SL050,34070909014,186,184,109,75,2,2,0
SL050,34070909016,105,101,59,42,4,1,3
SL050,34070909017,135,96,50,46,39,24,15
SL050,34070909018,32523,28739,14101,14638,3784,1704,2080
SL050,34070909019,161,151,94,57,10,5,5
SL050,34070909020,326,269,146,123,57,30,27
SL050,34070909021,56,53,33,20,3,1,2
SL050,34070909022,73,63,39,24,10,3,7
SL050,34070909023,1684,1615,863,752,69,32,37
SL050,34070909024,182,166,99,67,16,8,8
SL050,34070909025,126,120,61,59,6,4,2
SL050,34070909026,408,395,245,150,13,7,6
SL050,34070909027,49,48,29,19,1,0,1
SL050,34070909029,172,163,93,70,9,5,4
SL050,34070909030,129,123,71,52,6,4,2
SL050,34070909032,112,111,60,51,1,0,1
SL050,34070909033,73,72,45,27,1,0,1
SL050,34070909034,311,290,164,126,21,9,12
SL050,34070909035,342,323,194,129,19,7,12
SL050,34070909036,34,34,19,15,0,0,0
SL050,34070909037,109,108,63,45,1,1,0
SL050,34070909038,143,115,63,52,28,13,15
SL050,34070909039,67,56,37,19,11,4,7
SL050,34070909041,33,33,19,14,0,0,0
SL050,34070909043,194,186,110,76,8,5,3
SL050,34070909044,53,51,27,24,2,1,1
SL050,34070909045,285,279,154,125,6,5,1
SL050,34070909046,25,25,16,9,0,0,0
SL050,34070909047,67,65,33,32,2,1,1
SL050,34070909048,1816,1542,791,751,274,135,139
SL050,34070909050,55,55,31,24,0,0,0
SL050,34070909051,184,177,96,81,7,4,3
SL050,34070909052,29,28,20,8,1,1,0
SL050,34070909054,98,97,60,37,1,1,0
SL050,34070909055,55,54,30,24,1,1,0
SL050,34070909056,6675,5659,2814,2845,1016,509,507
SL050,34070909057,173,171,113,58,2,1,1
SL050,34070909058,543,507,278,229,36,21,15
SL050,34070909059,175921,159028,75779,83249,16893,7949,8944
SL050,34070909060,149,144,76,68,5,3,2
SL050,34070909061,169,157,86,71,12,8,4
SL050,34070909062,53,52,26,26,1,0,1
SL050,34070909063,233,224,135,89,9,3,6
SL050,34070909064,433,338,184,154,95,43,52
SL050,34070909065,162,152,90,62,10,8,2
SL050,34070909066,61,61,45,16,0,0,0
SL050,34070909067,470,451,238,213,19,8,11
SL050,34070909068,27,27,15,12,0,0,0
SL050,34070909070,33,33,24,9,0,0,0
SL050,34070909071,44,43,25,18,1,0,1
SL050,34070909072,411,379,210,169,32,13,19
SL050,34070909073,1313,1230,686,544,83,36,47
SL050,34070909074,1101,1045,543,502,56,26,30
SL050,34070909075,112,106,60,46,6,5,1
SL050,34070909076,25,25,19,6,0,0,0
SL050,34070909077,33,33,16,17,0,0,0
SL050,34070909078,37,36,21,15,1,0,1
SL050,34070909079,50,50,30,20,0,0,0
SL050,34070909082,36,34,20,14,2,1,1
SL050,34070909083,32,32,18,14,0,0,0
SL050,34070909084,185,178,115,63,7,4,3
SL050,34070909085,632,567,309,258,65,36,29
SL050,34070909086,792,739,424,315,53,29,24
SL050,34070909088,62,62,38,24,0,0,0
SL050,34070909090,52,52,28,24,0,0,0
SL050,34070909091,803,755,394,361,48,23,25
SL050,34070909093,177,172,94,78,5,0,5
SL050,34070909094,54,54,33,21,0,0,0
SL050,34070909095,115,114,56,58,1,1,0
SL050,34070909098,575,526,296,230,49,17,32
SL050,34070909100,57,55,36,19,2,1,1
SL050,34070909101,78,75,45,30,3,1,2
SL050,34070909102,33,33,22,11,0,0,0
SL050,34070909103,224,209,116,93,15,8,7
SL050,34070909104,44,44,23,21,0,0,0
SL050,34070909105,101,100,57,43,1,1,0
SL050,34070909108,545,487,276,211,58,23,35
SL050,34070909109,1352,1291,740,551,61,28,33
SL050,34070909110,80,77,49,28,3,1,2
SL050,34070909112,112,110,68,42,2,1,1
SL050,34070909113,545,506,271,235,39,18,21
SL050,34070909114,95,85,48,37,10,5,5
SL050,34070909115,98,93,54,39,5,1,4
SL050,34070909117,85,70,38,32,15,5,10
SL050,34070909119,45,41,15,26,4,1,3
SL050,34070909120,42,40,23,17,2,1,1
SL050,34070909122,95,89,56,33,6,4,2
SL050,34070909123,44,41,25,16,3,2,1
SL050,34070909124,1696,1652,869,783,44,22,22
SL050,34070909125,608,593,355,238,15,8,7
SL050,34070909127,52,51,30,21,1,1,0
SL050,34070909128,84,83,49,34,1,0,1
SL050,34070909129,101,97,64,33,4,2,2
SL050,34070909130,76,73,46,27,3,1,2
SL050,34070909131,653,579,308,271,74,34,40
SL050,34070909132,181,173,108,65,8,4,4
SL050,34070909133,45,45,25,20,0,0,0
SL050,34070909134,254,238,131,107,16,2,14
SL050,34070909135,41,36,19,17,5,3,2
SL050,34070909136,227,200,113,87,27,11,16
SL050,34070909137,235,199,103,96,36,15,21
SL050,34070909138,83,78,42,36,5,3,2
SL050,34070909139,107,106,69,37,1,0,1
SL050,34070909140,126,116,75,41,10,2,8
SL050,34070909141,775,741,388,353,34,12,22
SL050,34070909143,29,23,17,6,6,1,5
SL050,34070909144,45,44,29,15,1,0,1
SL050,34070909148,100,90,47,43,10,4,6
SL050,34070909149,37,35,26,9,2,2,0
SL050,34070909151,548,520,297,223,28,13,15
SL050,34070909152,310,243,137,106,67,34,33
SL050,34070909154,155,147,86,61,8,3,5
SL050,34070909155,26,26,16,10,0,0,0
SL050,34070909159,69,55,33,22,14,10,4
SL050,34070909160,91,90,58,32,1,1,0
SL050,34070909162,156,145,76,69,11,6,5
SL050,34070909163,669,605,336,269,64,35,29
SL050,34070909164,180,158,98,60,22,11,11
SL050,34070909166,105,105,61,44,0,0,0
SL050,34070909167,58,57,35,22,1,1,0
SL050,34070909168,337,304,167,137,33,15,18
SL050,34070909169,103,102,69,33,1,0,1
SL050,34070909170,223,217,118,99,6,2,4
SL050,34070909172,136,132,68,64,4,2,2
SL050,34070909173,133,131,73,58,2,2,0
SL050,34070909174,932,864,471,393,68,36,32
SL050,34070909175,121,121,82,39,0,0,0
SL050,34070909176,62,61,41,20,1,1,0
SL050,34070909177,1405,1326,725,601,79,39,40
SL050,34070909178,45,45,29,16,0,0,0
SL050,34070909179,41,41,22,19,0,0,0
SL050,34070909180,137,132,73,59,5,3,2
SL050,34070909181,307,303,159,144,4,1,3
SL050,34070909182,78,77,45,32,1,0,1
SL050,34070909183,49,47,30,17,2,1,1
SL050,34070909184,8,8,6,2,0,0,0
SL050,34070909189,131,129,72,57,2,0,2
SL050,34070909190,86,84,46,38,2,2,0
SL050,34070909191,33,33,20,13,0,0,0
SL050,34070909192,55,55,31,24,0,0,0
SL050,34070909194,2560,2311,1171,1140,249,110,139
SL050,34070909195,60,58,38,20,2,1,1
SL050,34070909196,147,145,88,57,2,1,1
SL050,34070909197,168,149,97,52,19,12,7
SL050,34070909198,112,109,64,45,3,1,2
SL050,34070909199,100,95,53,42,5,3,2
SL050,34070909200,52,52,31,21,0,0,0
SL050,34070909201,29,27,21,6,2,0,2
SL050,34070909202,22,22,14,8,0,0,0
SL050,34070909206,56,55,32,23,1,0,1
SL050,34070909208,211,204,108,96,7,3,4
SL050,34070909209,5816,5188,2647,2541,628,311,317
SL050,34070909211,1611,1497,810,687,114,56,58
SL050,34070909213,313,302,167,135,11,5,6
SL050,34070909214,733,685,412,273,48,26,22
SL050,34070909215,402,376,217,159,26,10,16
SL050,34070909216,429,401,211,190,28,11,17
SL050,34070909217,386,368,212,156,18,10,8
SL050,34070909218,451,412,229,183,39,15,24
SL050,34070909219,35477,31602,15482,16120,3875,1951,1924
SL050,34070909220,71,69,46,23,2,1,1
SL050,34070909221,669,614,344,270,55,25,30
SL050,34070909223,44,43,29,14,1,0,1
SL050,34070909224,164,158,86,72,6,3,3
SL050,34070909225,87,84,51,33,3,1,2
SL050,34070909226,59,59,36,23,0,0,0
SL050,34070909227,148,121,66,55,27,12,15
SL050,34070909228,172,167,90,77,5,2,3
SL050,34070909229,224,202,110,92,22,11,11
SL050,34070909230,35,35,18,17,0,0,0
SL050,34070909231,65,65,47,18,0,0,0
SL050,34070909232,158,144,85,59,14,8,6
SL050,34070909235,189,155,86,69,34,24,10
SL050,34070909236,37,37,22,15,0,0,0
SL050,34070909238,1024,992,523,469,32,15,17
SL050,34070909239,55,52,29,23,3,2,1
SL050,34070909241,328,274,149,125,54,28,26
SL050,34070909242,78,72,40,32,6,4,2
SL050,34070909243,77,77,47,30,0,0,0
SL050,34070909244,50,46,24,22,4,1,3
SL050,34070909246,721,642,333,309,79,38,41
SL050,34070909247,24,24,12,12,0,0,0
SL050,34070909248,82,82,48,34,0,0,0
SL050,34070909249,52,52,29,23,0,0,0
SL050,34070909250,282,268,145,123,14,7,7
SL050,34070909251,436,402,225,177,34,14,20
SL050,34070909253,117,114,66,48,3,3,0
SL050,34070909255,90,87,51,36,3,1,2
SL050,34070909256,438,368,198,170,70,55,15
SL050,34070909257,94,91,55,36,3,2,1
SL050,34070909258,174,172,91,81,2,2,0
SL050,34070909259,251,238,142,96,13,7,6
SL050,34070909261,527,498,249,249,29,12,17
SL050,34070909262,167,162,90,72,5,1,4
SL050,34070909265,38,35,21,14,3,1,2
SL050,34070909266,103,97,64,33,6,2,4
SL050,34070909267,111,111,66,45,0,0,0
SL050,34070909268,111,96,54,42,15,8,7
SL050,34070909269,36,32,20,12,4,1,3
SL050,34070909270,167,162,94,68,5,2,3
SL050,34070909272,294,278,150,128,16,5,11
SL050,34070909273,53,53,33,20,0,0,0
SL050,34070909274,1169,1128,568,560,41,18,23
SL050,34070909275,179,175,106,69,4,4,0
SL050,34070909276,495,449,248,201,46,21,25
SL050,34070909277,115,114,77,37,1,1,0
SL050,34070909279,238,189,110,79,49,32,17
SL050,34070909280,24,24,14,10,0,0,0
SL050,34070909281,154,148,77,71,6,3,3
SL050,34070909283,46,45,24,21,1,0,1
SL050,34070909287,267,248,146,102,19,8,11
SL050,34070909288,111,98,57,41,13,6,7
SL050,34070909289,1690,1518,815,703,172,77,95
SL050,34070909292,79,78,48,30,1,0,1
SL050,34070909294,114,112,68,44,2,1,1
SL050,34070909295,57,57,28,29,0,0,0
SL050,34070909297,376,352,208,144,24,9,15
SL050,34070909298,87,82,47,35,5,2,3
SL050,34070909301,803,756,401,355,47,25,22
SL050,34070909302,108,105,64,41,3,2,1
SL050,34070909303,83,80,49,31,3,2,1
SL050,34070909304,208,201,109,92,7,2,5
SL050,34070909306,112,106,57,49,6,4,2
SL050,34070909307,115,105,67,38,10,5,5
SL050,34070909308,68,65,37,28,3,2,1
SL050,34070909309,349,318,166,152,31,19,12
SL050,34070909310,11,11,8,3,0,0,0
SL050,34070909311,59,59,37,22,0,0,0
SL050,34070909312,107,103,58,45,4,2,2
SL050,34070909314,94,94,60,34,0,0,0
SL050,34070909315,523,465,236,229,58,33,25
SL050,34070909316,115,110,70,40,5,3,2
SL050,34070909317,19,18,6,12,1,1,0
SL050,34070909318,60,59,38,21,1,0,1
SL050,34070909321,2185,1915,968,947,270,136,134
SL050,34070909323,65,61,41,20,4,2,2
SL050,34070909325,193,185,112,73,8,5,3
SL050,34070909326,183,170,97,73,13,9,4
SL050,34070909327,36,36,18,18,0,0,0
SL050,34070909328,65,64,31,33,1,0,1
SL050,34070909329,131,128,75,53,3,1,2
SL050,34070909330,1955,1671,868,803,284,139,145
SL050,34070909332,169,150,84,66,19,8,11
SL050,34070909334,51,49,40,9,2,1,1
SL050,34070909335,88,87,55,32,1,0,1
SL050,34070909337,142,122,72,50,20,7,13
SL050,34070909338,298,274,159,115,24,9,15
SL050,34070909339,141,125,71,54,16,11,5
SL050,34070909340,79,76,55,21,3,1,2
SL050,34070909343,101,98,60,38,3,1,2
SL050,34070909345,140,124,78,46,16,9,7
SL050,34070909346,99,98,65,33,1,0,1
SL050,34070909347,145,140,71,69,5,3,2
SL050,34070909348,141,139,74,65,2,0,2
SL050,34070909350,537,487,264,223,50,27,23
SL050,34070909351,62,61,45,16,1,0,1
SL050,34070909352,104,103,65,38,1,1,0
SL050,34070909353,91,80,49,31,11,5,6
SL050,34070909354,35,35,26,9,0,0,0
SL050,34070909355,85,85,46,39,0,0,0
SL050,34070909356,45,41,27,14,4,1,3
SL050,34070909358,279,259,165,94,20,7,13
SL050,34070909360,25,25,20,5,0,0,0
SL050,34070909361,114,112,62,50,2,2,0
SL050,34070909362,245,239,132,107,6,3,3
SL050,34070909363,995,972,555,417,23,7,16
SL050,34070909365,31,28,21,7,3,1,2
SL050,34070909366,77,75,44,31,2,1,1
SL050,34070909368,23,21,15,6,2,1,1
SL050,34070909369,490,469,244,225,21,11,10
SL050,34070909372,268,259,139,120,9,4,5
SL050,34070909373,448,435,251,184,13,7,6
SL050,34070909374,103,101,65,36,2,1,1
SL050,34070909375,38,38,21,17,0,0,0
SL050,34070909377,782,758,410,348,24,12,12
SL050,34070909378,29,28,16,12,1,1,0
SL050,34070909380,80,74,35,39,6,3,3
SL050,34070909381,34,31,18,13,3,2,1
SL050,34070909382,24,24,17,7,0,0,0
SL050,34070909384,346,317,174,143,29,15,14
SL050,34070909386,65,64,37,27,1,0,1
SL050,34070909387,126,122,79,43,4,2,2
SL050,34070909388,30,29,16,13,1,0,1
SL050,34070909389,68,61,35,26,7,4,3
SL050,34070909390,657,618,338,280,39,18,21
SL050,34070909391,458,374,202,172,84,40,44
SL050,34070909392,57,56,31,25,1,1,0
SL050,34070909394,809,752,389,363,57,25,32
SL050,34070909395,134,130,80,50,4,1,3
SL050,34070909396,160,154,83,71,6,2,4
SL050,34070909398,79,79,52,27,0,0,0
SL050,34070909400,369,347,190,157,22,11,11
SL050,34070909403,104,103,62,41,1,0,1
SL050,34070909405,136,135,75,60,1,0,1
SL050,34070909406,333,307,176,131,26,13,13
SL050,34070909407,29,29,17,12,0,0,0
SL050,34070909408,42,42,26,16,0,0,0
SL050,34070909409,126,108,57,51,18,10,8
SL050,34070909410,3739,3448,1769,1679,291,142,149
SL050,34070909411,157,149,93,56,8,3,5
SL050,34070909412,948,843,461,382,105,54,51
SL050,34070909413,477,451,236,215,26,11,15
SL050,34070909414,195,185,108,77,10,6,4
SL050,34070909415,321,293,166,127,28,10,18
SL050,34070909416,50,49,28,21,1,0,1
SL050,34070909417,42,42,24,18,0,0,0
SL050,34070909418,83,83,42,41,0,0,0
SL050,34070909419,76,71,47,24,5,1,4
SL050,34070909421,239,236,138,98,3,1,2
SL050,34070909422,17,15,8,7,2,1,1
SL050,34070909423,29,29,19,10,0,0,0
SL050,34070909424,42,36,22,14,6,3,3
SL050,34070909425,549,519,286,233,30,15,15
SL050,34070909427,1527,1456,812,644,71,31,40
SL050,34070909428,105,104,61,43,1,0,1
SL050,34070909429,59,53,41,12,6,3,3
SL050,34070909430,24,21,13,8,3,2,1
SL050,34070909431,119,117,72,45,2,1,1
SL050,34070909432,191,187,108,79,4,2,2
SL050,34070909433,61,60,39,21,1,0,1
SL050,34070909434,1785,1667,873,794,118,65,53
SL050,34070909437,309,289,156,133,20,11,9
SL050,34070909438,673,626,331,295,47,23,24
SL050,34070909439,1406,1291,703,588,115,60,55
SL050,34070909440,88,85,52,33,3,2,1
SL050,34070909441,71,71,42,29,0,0,0
SL050,34070909442,438,409,223,186,29,13,16
SL050,34070909443,175,167,84,83,8,1,7
SL050,34070909444,68,68,35,33,0,0,0
SL050,34070909445,45,45,32,13,0,0,0
SL050,34070909446,12,12,7,5,0,0,0
SL050,34070909447,46,44,27,17,2,1,1
SL050,34070909448,217,209,127,82,8,6,2
SL050,34070909449,108,103,61,42,5,2,3
SL050,34070909450,30,29,19,10,1,0,1
SL050,34070909451,278,247,126,121,31,18,13
SL050,34070909454,41,41,27,14,0,0,0
SL050,34070909455,45,45,28,17,0,0,0
SL050,34070909456,150,135,74,61,15,6,9
SL050,34070909458,644,617,344,273,27,14,13
SL050,34070909460,189,185,111,74,4,1,3
SL050,34070909463,276,259,159,100,17,11,6
SL050,34070909464,40,39,23,16,1,0,1
SL050,34070909466,112,111,65,46,1,0,1
SL050,34070909467,75,65,46,19,10,4,6
SL050,34070909471,194,182,93,89,12,5,7
SL050,34070909472,58,57,35,22,1,1,0
SL050,34070909473,87,87,50,37,0,0,0
SL050,34070909476,74,74,47,27,0,0,0
SL050,34070909478,43,43,30,13,0,0,0
SL050,34070909480,112,111,57,54,1,1,0
SL050,34070909482,31,31,19,12,0,0,0
SL050,34070909483,226,221,115,106,5,2,3
SL050,34070909485,58,58,36,22,0,0,0
SL050,34070909901,383,359,190,169,24,10,14
SL050,34070909902,480,465,269,196,15,8,7
SL050,34070909903,4207,3684,1900,1784,523,252,271
SL050,34070909904,514,498,293,205,16,7,9
SL050,34070909905,427,407,237,170,20,7,13
SL050,34070909906,1443,1360,753,607,83,45,38
SL050,34070909907,2007,1874,1005,869,133,66,67
SL050,34070909908,498,466,275,191,32,15,17
SL050,34111010001,335,328,184,144,7,5,2
SL050,34111010002,403,394,203,191,9,4,5
SL050,34111010003,580,563,287,276,17,7,10
SL050,34111010004,801,791,393,398,10,6,4
SL050,34111010005,607,592,308,284,15,4,11
SL050,34111010006,1401,1390,720,670,11,3,8
SL050,34111010007,663,644,324,320,19,13,6
SL050,34111010008,1480,1438,721,717,42,17,25
SL050,34111010009,225,220,110,110,5,2,3
SL050,34111010010,2646,2560,1342,1218,86,42,44
SL050,34111010011,576,564,282,282,12,7,5
SL050,34111010012,620,600,282,318,20,6,14
SL050,34111010013,305,291,155,136,14,8,6
SL050,34111010014,2085,2045,1012,1033,40,14,26
SL050,34111010015,753,704,344,360,49,23,26
SL050,34111010016,370,369,194,175,1,0,1
SL050,34111010017,831,816,409,407,15,7,8
SL050,34111010018,1850,1834,940,894,16,8,8
SL050,34111010019,1765,1628,832,796,137,70,67
SL050,34111010020,1838,1807,891,916,31,10,21
SL050,34111010021,5851,5796,2886,2910,55,26,29
SL050,34111010022,444,441,221,220,3,1,2
SL050,34111010023,736,722,384,338,14,6,8
SL050,34111010024,776,753,354,399,23,11,12
SL050,34111010025,407,407,209,198,0,0,0
SL050,34111010026,729,690,354,336,39,24,15
SL050,34111010027,77,75,42,33,2,1,1
SL050,34111010028,91,78,45,33,13,5,8
SL050,34111010029,437,421,226,195,16,6,10
SL050,34111010030,500,477,252,225,23,8,15
SL050,34111010031,187,185,105,80,2,1,1
SL050,34111010032,1867,1848,919,929,19,7,12
SL050,34111010033,434,426,228,198,8,4,4
SL050,34111010034,349,342,172,170,7,4,3
SL050,34111010035,2151,2088,1071,1017,63,33,30
SL050,34111010036,345,333,182,151,12,7,5
SL050,34111010037,96068,91885,44236,47649,4183,1815,2368
SL050,34111010038,78,78,39,39,0,0,0
SL050,34111010039,428,415,212,203,13,5,8
SL050,34111010040,490,480,251,229,10,1,9
SL050,34111010041,1185,1157,609,548,28,12,16
SL050,34111010042,62,61,24,37,1,1,0
SL050,34111010043,856,836,408,428,20,13,7
SL050,34111010044,1634,1569,831,738,65,29,36
SL050,34111010045,1019,1009,497,512,10,3,7
SL050,34111010046,208,207,109,98,1,1,0
SL050,34111010047,1110,1072,534,538,38,18,20
SL050,34111010048,230,214,102,112,16,11,5
SL050,34111010049,4500,4401,2180,2221,99,37,62
SL050,34111010050,1124,1081,546,535,43,25,18
SL050,34111010051,386,377,191,186,9,3,6
SL050,34111010052,163,155,77,78,8,4,4
SL050,34111010053,301,301,164,137,0,0,0
SL050,34111010054,581,572,281,291,9,4,5
SL050,34111010055,815,798,413,385,17,7,10
SL050,34111010056,585,570,287,283,15,6,9
SL050,34111010057,140,140,85,55,0,0,0
SL050,34111010058,1381,1162,593,569,219,122,97
SL050,34111010059,375,374,181,193,1,1,0
SL050,34111010060,1053,992,513,479,61,29,32
SL050,34111010061,1854,1834,943,891,20,7,13
SL050,34111010062,449,435,229,206,14,7,7
SL050,34111010063,170,169,83,86,1,1,0
SL050,34111010064,1650,1580,810,770,70,28,42
SL050,34111010065,190,180,102,78,10,3,7
SL050,34111010066,185,175,104,71,10,5,5
SL050,34111010067,12531,12026,5940,6086,505,224,281
SL050,34111010068,846,797,415,382,49,27,22
SL050,34111010069,864,851,427,424,13,8,5
SL050,34111010070,728,697,349,348,31,15,16
SL050,34111010071,120,118,71,47,2,0,2
SL050,34111010072,915,873,450,423,42,16,26
SL050,34111010073,849,843,443,400,6,2,4
SL050,34111010075,275,254,140,114,21,10,11
SL050,34111010076,953,907,453,454,46,25,21
SL050,34111010077,725,708,369,339,17,6,11
SL050,34111010078,392,389,214,175,3,0,3
SL050,34111010079,984,958,505,453,26,13,13
SL050,34111010080,403,396,204,192,7,4,3
SL050,34111010081,128,128,71,57,0,0,0
SL050,34111010082,2054,2043,1019,1024,11,1,10
SL050,34111010083,98,93,50,43,5,2,3
SL050,34111010084,1493,1434,737,697,59,37,22
SL050,34111010085,363,350,183,167,13,3,10
SL050,34111010086,335,333,174,159,2,1,1
SL050,34111010087,1887,1792,896,896,95,35,60
SL050,34111010088,204,200,107,93,4,0,4
SL050,34111010089,1529,1518,764,754,11,6,5
SL050,34111010090,536,521,274,247,15,7,8
SL050,34111010091,387,382,200,182,5,3,2
SL050,34111010092,299,290,152,138,9,3,6
SL050,34111010093,457,445,223,222,12,5,7
SL050,34111010094,255,243,127,116,12,4,8
SL050,34111010095,342,341,176,165,1,0,1
SL050,34111010096,4052,3874,1924,1950,178,68,110
SL050,34111010097,102,99,60,39,3,2,1
SL050,34111010098,396,393,205,188,3,1,2
SL050,34111010099,647,633,315,318,14,7,7
SL050,34111010100,906,874,428,446,32,16,16
SL050,34111010101,216,211,106,105,5,2,3
SL050,34111010102,564,557,273,284,7,3,4
SL050,34111010103,489,474,235,239,15,7,8
SL050,34111010104,6477,5832,2870,2962,645,362,283
SL050,34111010105,2868,2740,1373,1367,128,56,72
SL050,34111010106,141,138,73,65,3,0,3
SL050,34111010107,1266,1200,607,593,66,29,37
SL050,34111010108,201,199,105,94,2,1,1
SL050,34111010109,2007,1968,993,975,39,15,24
SL050,34111010110,2749,2507,1283,1224,242,137,105
SL050,34111010111,1595,1436,758,678,159,78,81
SL050,34111010112,1759,1709,859,850,50,16,34
SL050,34111010113,2595,2534,1266,1268,61,24,37
SL050,34111010114,1328,1134,555,579,194,110,84
SL050,34111010115,4156,4051,2033,2018,105,56,49
SL050,34111010116,4602,4437,2196,2241,165,79,86
SL050,34111010117,217,204,104,100,13,8,5
SL050,34111010118,309,308,158,150,1,1,0
SL050,34111010119,634,626,309,317,8,5,3
SL050,34111010120,175,164,87,77,11,3,8
SL050,34111010121,9685,9392,4698,4694,293,120,173
SL050,34111010122,256,236,120,116,20,8,12
SL050,34111010123,653,632,317,315,21,10,11
SL050,34111010124,827,820,408,412,7,4,3
SL050,34111010125,969,953,493,460,16,4,12
SL050,34111010126,1732,1670,846,824,62,29,33
SL050,34111010127,5731,5616,2868,2748,115,50,65
SL050,34111010128,6792,6521,3270,3251,271,114,157
SL050,34111010129,378,372,175,197,6,1,5
SL050,34111010130,2003,1932,974,958,71,34,37
SL050,34111010131,17170,15103,7283,7820,2067,991,1076
SL050,34111010132,416,402,200,202,14,7,7
SL050,34111010133,1336,1332,668,664,4,1,3
SL050,34111010134,646,626,322,304,20,8,12
SL050,34111010135,1311,1298,688,610,13,3,10
SL050,34111010136,310,302,174,128,8,4,4
SL050,34111010137,411,402,214,188,9,6,3
SL050,34111010138,641,602,292,310,39,17,22
SL050,34111010139,85,85,47,38,0,0,0
SL050,34111010140,1390,1286,649,637,104,59,45
SL050,34111010141,277,273,141,132,4,2,2
SL050,34111010142,941,911,470,441,30,13,17
SL050,34111010143,151,150,65,85,1,1,0
SL050,34111010144,1065,1044,541,503,21,13,8
SL050,34111010145,149,136,64,72,13,6,7
SL050,34111010146,1748,1692,896,796,56,32,24
SL050,34111010147,1530,1478,744,734,52,27,25
SL050,34111010148,40141,38603,18727,19876,1538,694,844
SL050,34111010149,487,460,231,229,27,13,14
SL050,34111010150,362,359,187,172,3,0,3
SL050,34111010151,225,215,109,106,10,9,1
SL050,34111010152,471,463,233,230,8,4,4
SL050,34111010153,323,319,166,153,4,2,2
SL050,34111010154,213,200,102,98,13,5,8
SL050,34111010155,1248,1230,640,590,18,9,9
SL050,34111010156,91,91,49,42,0,0,0
SL050,34111010157,272,263,138,125,9,5,4
SL050,34111010158,369,363,183,180,6,3,3
SL050,34111010159,315,301,166,135,14,8,6
SL050,34111010160,259,251,123,128,8,4,4
SL050,34111010161,65,65,36,29,0,0,0
SL050,34111010162,581,574,298,276,7,4,3
SL050,34111010163,323,315,160,155,8,5,3
SL050,34111010164,788,744,366,378,44,22,22
SL050,34111010165,249,243,133,110,6,3,3
SL050,34111010166,324,315,155,160,9,6,3
SL050,34111010167,315,314,174,140,1,0,1
SL050,34111010168,271,267,136,131,4,2,2
SL050,34111010169,522,518,255,263,4,1,3
SL050,34111010170,259,256,130,126,3,2,1
SL050,34111010171,382,367,197,170,15,8,7
SL050,34111010172,763,761,392,369,2,0,2
SL050,34111010173,858,691,365,326,167,87,80
SL050,34111010174,187,184,91,93,3,0,3
SL050,34111010175,1568,1533,780,753,35,10,25
SL050,34111010176,420,392,205,187,28,15,13
SL050,34111010177,1996,1954,1000,954,42,15,27
SL050,34111010178,832,831,432,399,1,0,1
SL050,34111010179,306,283,152,131,23,11,12
SL050,34111010180,7345,5375,2719,2656,1970,1249,721
SL050,34111010181,806,781,421,360,25,9,16
SL050,34111010182,164,146,94,52,18,10,8
SL050,34111010183,1143,1087,581,506,56,27,29
SL050,34111010184,884,821,429,392,63,34,29
SL050,34111010185,622,589,308,281,33,22,11
SL050,34111010186,1071,1049,531,518,22,12,10
SL050,34111010187,461,452,243,209,9,3,6
SL050,34111010188,532,523,263,260,9,4,5
SL050,34111010189,2975,2937,1438,1499,38,13,25
SL050,34111010190,571,563,280,283,8,6,2
SL050,34111010191,610,581,312,269,29,12,17
SL050,34111010192,840,804,401,403,36,19,17
SL050,34111010193,1677,1632,799,833,45,17,28
SL050,34111010194,570,550,257,293,20,15,5
SL050,34111010195,9193,8814,4316,4498,379,161,218
SL050,34111010196,334,311,161,150,23,14,9
SL050,34111010197,99,95,54,41,4,1,3
SL050,34111010198,1230,1206,595,611,24,10,14
SL050,34111010199,178,171,92,79,7,4,3
SL050,34111010200,361,349,178,171,12,10,2
SL050,34111010201,197,195,96,99,2,1,1
SL050,34111010202,664,659,321,338,5,1,4
SL050,34111010203,5439,5034,2448,2586,405,214,191
SL050,34111010204,460,421,211,210,39,22,17
SL050,34111010205,2349,2179,1110,1069,170,73,97
SL050,34111010206,233,222,117,105,11,5,6
SL050,34111010207,502,496,236,260,6,3,3
SL050,34111010208,136,135,69,66,1,0,1
SL050,34111010209,260,254,132,122,6,3,3
SL050,34111010210,426,421,211,210,5,3,2
SL050,34111010211,433,430,217,213,3,0,3
SL050,34111010212,2046,1892,947,945,154,80,74
SL050,34111010213,618,581,301,280,37,16,21
SL050,34111010214,234,230,123,107,4,2,2
SL050,34111010215,341,335,166,169,6,4,2
SL050,34111010216,1823,1768,894,874,55,23,32
SL050,34111010217,550,536,269,267,14,6,8
SL050,34111010218,1258,1204,605,599,54,24,30
SL050,34111010219,1377,1330,680,650,47,17,30
SL050,34111010901,1362,1255,645,610,107,70,37
SL050,34111010902,868,853,440,413,15,6,9
SL050,34111010903,934,926,463,463,8,4,4
SL050,34111010904,921,864,455,409,57,30,27
SL050,34111010905,814,732,367,365,82,50,32
SL050,34011111001,5242,5160,2666,2494,82,35,47
SL050,34011111002,5123,5021,2527,2494,102,45,57
SL050,34011111003,1413,1397,728,669,16,2,14
SL050,34011111004,121414,108923,53550,55373,12491,6302,6189
SL050,34011111005,5590,5367,2734,2633,223,108,115
SL050,34011111006,30741,29965,14973,14992,776,373,403
SL050,34011111007,22551,21727,10900,10827,824,405,419
SL050,34011111008,23513,22142,11077,11065,1371,668,703
SL050,34011111009,680,651,349,302,29,15,14
SL050,34011111010,7750,7618,3828,3790,132,54,78
SL050,34011111011,2167,2109,1075,1034,58,22,36
SL050,34011111012,116979,113340,53723,59617,3639,1651,1988
SL050,34011111013,3013,2830,1415,1415,183,91,92
SL050,34011111014,22427,20990,10632,10358,1437,672,765
SL050,34011111015,83831,79412,39881,39531,4419,2087,2332
SL050,34011111016,19068,18405,9260,9145,663,304,359
SL050,34011111017,3903,3857,1938,1919,46,26,20
SL050,34011111018,1726,1645,854,791,81,38,43
SL050,34011111019,2053,2016,1003,1013,37,15,22
SL050,34011111020,212879,204655,100344,104311,8224,3740,4484
SL050,34011111021,9773,8154,4222,3932,1619,823,796
SL050,34011111022,62940,56792,27785,29007,6148,3110,3038
SL050,34011111023,11658,11426,5814,5612,232,120,112
SL050,34011111024,8124,7836,3856,3980,288,127,161
SL050,34011111025,5530,5464,2819,2645,66,37,29
SL050,34011111026,5636,5555,2780,2775,81,35,46
SL050,34011111027,88364,83609,41198,42411,4755,2128,2627
SL050,34011111028,41650,40154,20139,20015,1496,783,713
SL050,34011111029,6996,6905,3511,3394,91,26,65
SL050,34011111030,28848,27150,13566,13584,1698,837,861
SL050,34011111031,95174,92902,45543,47359,2272,1059,1213
SL050,34011111032,68037,66607,33187,33420,1430,681,749
SL050,34011111033,30472,26079,13095,12984,4393,2114,2279
SL050,34011111034,2732,2656,1371,1285,76,30,46
SL050,34011111035,18169,16333,8216,8117,1836,935,901
SL050,34011111036,804,797,401,396,7,0,7
SL050,34011111037,7054,6847,3417,3430,207,105,102
SL050,34011111038,16615,16315,8073,8242,300,134,166
SL050,34011111039,12739,12185,6101,6084,554,248,306
SL050,34011111040,438,436,228,208,2,1,1
SL050,34011111041,12127,11893,5978,5915,234,100,134
SL050,34011111042,1400,1357,694,663,43,19,24
SL050,34011111901,6969,6822,3472,3350,147,74,73
SL050,34011111902,4402,4347,2237,2110,55,18,37
SL050,34101212001,1271,1173,608,565,98,35,63
SL050,34101212002,125,117,64,53,8,2,6
SL050,34101212003,1234,1092,547,545,142,68,74
SL050,34101212004,6679,4897,2477,2420,1782,963,819
SL050,34101212005,10430,9666,4893,4773,764,369,395
SL050,34101212006,201,192,103,89,9,5,4
SL050,34101212007,862,832,422,410,30,16,14
SL050,34101212008,259,230,134,96,29,12,17
SL050,34101212009,25831,21876,11072,10804,3955,1912,2043
SL050,34101212010,256,250,140,110,6,1,5
SL050,34101212011,5900,5398,2716,2682,502,242,260
SL050,34101212012,3509,3172,1621,1551,337,170,167
SL050,34101212013,146,136,70,66,10,2,8
SL050,34101212014,190,186,106,80,4,1,3
SL050,34101212015,113,106,65,41,7,4,3
SL050,34101212016,1958,1854,941,913,104,51,53
SL050,34101212017,164,160,88,72,4,0,4
SL050,34101212018,324,311,166,145,13,6,7
SL050,34101212020,169,151,83,68,18,10,8
SL050,34101212021,5709,5246,2595,2651,463,220,243
SL050,34101212022,373,358,208,150,15,6,9
SL050,34101212024,156,152,81,71,4,1,3
SL050,34101212025,149,136,77,59,13,7,6
SL050,34101212026,1084,979,502,477,105,58,47
SL050,34101212027,26744,20868,10282,10586,5876,3044,2832
SL050,34101212028,18055,15111,7631,7480,2944,1384,1560
SL050,34101212029,1036,825,417,408,211,107,104
SL050,34101212031,5322,4770,2422,2348,552,274,278
SL050,34101212032,34544,28700,14088,14612,5844,3033,2811
SL050,34101212033,2889,2268,1140,1128,621,328,293
SL050,34101212034,1945,1630,834,796,315,161,154
SL050,34101212036,696,639,310,329,57,28,29
SL050,34101212037,19,19,10,9,0,0,0
SL050,34101212038,192,190,104,86,2,0,2
SL050,34101212039,946,909,459,450,37,20,17
SL050,34101212040,170888,141602,68798,72804,29286,13897,15389
SL050,34101212041,101,98,65,33,3,1,2
SL050,34101212042,742,674,336,338,68,34,34
SL050,34101212043,647,600,316,284,47,18,29
SL050,34101212044,599,492,239,253,107,53,54
SL050,34101212045,399,378,186,192,21,7,14
SL050,34101212046,206,186,102,84,20,11,9
SL050,34101212048,317,288,159,129,29,14,15
SL050,34101212049,511,484,256,228,27,16,11
SL050,34101212050,1822,1481,725,756,341,189,152
SL050,34101212051,504,486,253,233,18,8,10
SL050,34101212052,725,627,293,334,98,51,47
SL050,34101212053,2670,2371,1240,1131,299,137,162
SL050,34101212055,113,110,65,45,3,1,2
SL050,34101212056,297,290,150,140,7,5,2
SL050,34101212057,776,690,353,337,86,44,42
SL050,34101212058,72,68,40,28,4,1,3
SL050,34101212059,276,258,134,124,18,5,13
SL050,34101212060,525,500,255,245,25,11,14
SL050,34101212061,453,417,205,212,36,18,18
SL050,34101212063,49,43,24,19,6,3,3
SL050,34101212064,94,88,51,37,6,2,4
SL050,34101212065,193,185,101,84,8,2,6
SL050,34101212067,633,596,296,300,37,18,19
SL050,34101212068,49,48,26,22,1,1,0
SL050,34101212069,62,57,32,25,5,5,0
SL050,34101212070,666,576,290,286,90,44,46
SL050,34101212071,1553,1441,755,686,112,48,64
SL050,34101212072,1319,1230,619,611,89,45,44
SL050,34101212073,155,147,82,65,8,4,4
SL050,34101212074,940,897,451,446,43,16,27
SL050,34101212075,162,132,69,63,30,16,14
SL050,34101212076,84,80,42,38,4,1,3
SL050,34101212077,6278,5448,2859,2589,830,398,432
SL050,34101212078,359,350,168,182,9,4,5
SL050,34101212079,548,438,233,205,110,53,57
SL050,34101212080,2437,2195,1077,1118,242,120,122
SL050,34101212081,712,669,348,321,43,25,18
SL050,34101212082,13170,11661,5795,5866,1509,789,720
SL050,34101212083,117,102,57,45,15,8,7
SL050,34101212084,24850,21726,10908,10818,3124,1556,1568
SL050,34101212085,8830,5869,3085,2784,2961,1459,1502
SL050,34101212087,31,31,17,14,0,0,0
SL050,34101212088,62,62,39,23,0,0,0
SL050,34101212089,7447,5277,2666,2611,2170,1081,1089
SL050,34101212090,114,111,58,53,3,1,2
SL050,34101212091,197,189,95,94,8,2,6
SL050,34101212092,144,136,72,64,8,5,3
SL050,34101212093,197,178,97,81,19,13,6
SL050,34101212094,1208,1089,563,526,119,65,54
SL050,34101212095,1180,1112,567,545,68,38,30
SL050,34101212096,952,864,455,409,88,45,43
SL050,34101212097,59,58,39,19,1,0,1
SL050,34101212098,729,646,327,319,83,39,44
SL050,34101212099,935,643,348,295,292,138,154
SL050,34101212100,1974,1597,776,821,377,197,180
SL050,34101212101,462,415,209,206,47,21,26
SL050,34101212102,761,616,334,282,145,73,72
SL050,34101212103,101,92,48,44,9,1,8
SL050,34101212104,8878,7997,3925,4072,881,426,455
SL050,34101212105,1023,935,499,436,88,43,45
SL050,34101212106,1439,1348,662,686,91,40,51
SL050,34101212107,428,401,208,193,27,12,15
SL050,34101212108,520,498,258,240,22,12,10
SL050,34101212109,814,783,395,388,31,13,18
SL050,34101212110,249,243,128,115,6,3,3
SL050,34101212111,435,383,194,189,52,26,26
SL050,34101212112,138,113,66,47,25,15,10
SL050,34101212113,100,94,52,42,6,2,4
SL050,34101212114,229,213,112,101,16,8,8
SL050,34101212115,253,225,126,99,28,12,16
SL050,34101212116,54,54,26,28,0,0,0
SL050,34101212117,5461,4227,2124,2103,1234,630,604
SL050,34101212118,74,73,44,29,1,1,0
SL050,34101212119,157,150,81,69,7,6,1
SL050,34101212120,191,163,84,79,28,12,16
SL050,34101212121,1375,1233,622,611,142,70,72
SL050,34101212122,966,851,448,403,115,55,60
SL050,34101212123,49,46,21,25,3,2,1
SL050,34101212124,2817,2244,1171,1073,573,300,273
SL050,34101212125,281,250,126,124,31,14,17
SL050,34101212126,31552,28987,14329,14658,2565,1248,1317
SL050,34101212127,75,73,42,31,2,0,2
SL050,34101212128,1833,1654,899,755,179,83,96
SL050,34101212129,2227,2079,1042,1037,148,60,88
SL050,34101212130,462,428,239,189,34,13,21
SL050,34101212131,63,62,37,25,1,1,0
SL050,34101212132,575,511,262,249,64,36,28
SL050,34101212133,66,64,33,31,2,1,1
SL050,34101212134,172,165,85,80,7,5,2
SL050,34101212135,50577,44167,21950,22217,6410,3175,3235
SL050,34101212136,3226,3131,1572,1559,95,39,56
SL050,34101212137,42,42,23,19,0,0,0
SL050,34101212138,28438,22781,11268,11513,5657,2743,2914
SL050,34101212139,342,324,181,143,18,9,9
SL050,34101212140,1538,1335,698,637,203,98,105
SL050,34101212141,112,109,57,52,3,1,2
SL050,34101212142,172,160,91,69,12,6,6
SL050,34101212901,4460,4088,2049,2039,372,171,201
SL050,34101212902,3099,2669,1398,1271,430,220,210
SL050,34081313001,1395,1341,690,651,54,25,29
SL050,34081313002,1687,1631,827,804,56,19,37
SL050,34081313003,507,497,256,241,10,4,6
SL050,34081313004,1185,1118,580,538,67,35,32
SL050,34081313005,30686,27982,13679,14303,2704,1303,1401
SL050,34081313006,602,580,291,289,22,11,11
SL050,34081313007,1455,1427,728,699,28,11,17
SL050,34081313008,485,465,235,230,20,12,8
SL050,34081313009,1660,1576,798,778,84,46,38
SL050,34081313010,1000,981,500,481,19,6,13
SL050,34081313011,5461,5333,2552,2781,128,62,66
SL050,34081313012,417,412,218,194,5,0,5
SL050,34081313013,8922,8493,4169,4324,429,219,210
SL050,34081313014,526,509,269,240,17,8,9
SL050,34081313015,6139,5990,3014,2976,149,70,79
SL050,34081313016,799,760,373,387,39,21,18
SL050,34081313017,327,285,145,140,42,19,23
SL050,34081313018,1043,950,489,461,93,47,46
SL050,34081313019,6901,6159,3078,3081,742,388,354
SL050,34081313020,5921,5710,2890,2820,211,110,101
SL050,34081313021,449,437,238,199,12,4,8
SL050,34081313022,387,383,192,191,4,1,3
SL050,34081313023,11884,10685,5378,5307,1199,655,544
SL050,34081313024,1000,982,512,470,18,8,10
SL050,34081313025,311,301,164,137,10,4,6
SL050,34081313026,487,475,250,225,12,5,7
SL050,34081313027,3802,3670,1821,1849,132,71,61
SL050,34081313028,13597,12498,6213,6285,1099,567,532
SL050,34081313029,92,89,54,35,3,2,1
SL050,34081313030,139,132,79,53,7,4,3
SL050,34081313031,3080,2957,1491,1466,123,53,70
SL050,34081313032,1225,1218,624,594,7,3,4
SL050,34081313033,1918,1819,911,908,99,54,45
SL050,34081313034,74743,69808,33238,36570,4935,2183,2752
SL050,34081313035,1129,1090,537,553,39,17,22
SL050,34081313036,882,865,461,404,17,7,10
SL050,34081313037,973,891,437,454,82,46,36
SL050,34081313038,1831,1804,875,929,27,13,14
SL050,34081313039,18051,16990,8440,8550,1061,564,497
SL050,34081313040,1022,992,491,501,30,13,17
SL050,34081313041,261,254,139,115,7,3,4
SL050,34081313042,1031,1018,541,477,13,5,8
SL050,34081313043,217,208,108,100,9,4,5
SL050,34081313044,3253,3025,1552,1473,228,125,103
SL050,34081313045,731,697,338,359,34,21,13
SL050,34081313046,731,724,359,365,7,3,4
SL050,34081313047,8425,7189,3645,3544,1236,658,578
SL050,34081313048,532,528,267,261,4,4,0
SL050,34081313049,903,860,441,419,43,16,27
SL050,34081313050,569,524,262,262,45,20,25
SL050,34081313051,374,364,198,166,10,4,6
SL050,34081313052,8129,7499,3715,3784,630,306,324
SL050,34081313053,18043,16936,8380,8556,1107,550,557
SL050,34081313054,6016,5850,2939,2911,166,89,77
SL050,34081313055,688,677,340,337,11,6,5
SL050,34081313056,15316,14613,7380,7233,703,325,378
SL050,34081313057,1330,1275,672,603,55,29,26
SL050,34081313058,5279,4898,2458,2440,381,214,167
SL050,34081313059,219,204,109,95,15,4,11
SL050,34081313060,223,221,121,100,2,2,0
SL050,34081313061,7385,6704,3365,3339,681,342,339
SL050,34081313062,654,639,334,305,15,6,9
SL050,34081313063,4459,4298,2191,2107,161,80,81
SL050,34081313064,2571,2395,1235,1160,176,85,91
SL050,34081313065,3571,3296,1691,1605,275,134,141
SL050,34081313066,3443,3177,1613,1564,266,147,119
SL050,34081313067,370,339,180,159,31,18,13
SL050,34081313068,1200,1187,650,537,13,8,5
SL050,34081313069,701,685,348,337,16,9,7
SL050,34081313070,937,897,443,454,40,20,20
SL050,34081313071,47881,45870,22286,23584,2011,879,1132
SL050,34081313072,978,867,476,391,111,63,48
SL050,34081313073,577,567,302,265,10,5,5
SL050,34081313074,1128,1114,571,543,14,10,4
SL050,34081313075,213,212,114,98,1,0,1
SL050,34081313076,523,513,253,260,10,1,9
SL050,34081313077,4154,3978,1974,2004,176,86,90
SL050,34081313078,12268,10788,5362,5426,1480,822,658
SL050,34081313079,15523,14882,7488,7394,641,344,297
SL050,34081313080,333,329,175,154,4,1,3
SL050,34081313081,697,679,348,331,18,12,6
SL050,34081313082,36091,31763,15724,16039,4328,2143,2185
SL050,34081313083,2959,2810,1402,1408,149,77,72
SL050,34081313084,1018,984,477,507,34,18,16
SL050,34081313085,2752,2655,1344,1311,97,51,46
SL050,34081313086,169,169,88,81,0,0,0
SL050,34081313087,30210,27921,13697,14224,2289,1065,1224
SL050,34081313088,692,671,312,359,21,12,9
SL050,34081313089,1854,1809,871,938,45,24,21
SL050,34081313090,1180,1163,563,600,17,9,8
SL050,34081313091,602,580,291,289,22,12,10
SL050,34081313092,2123,2040,1045,995,83,38,45
SL050,34081313093,5030,4555,2239,2316,475,238,237
SL050,34081313094,295,290,158,132,5,1,4
SL050,34081313095,86,82,44,38,4,2,2
SL050,34081313096,9902,9120,4525,4595,782,390,392
SL050,34081313097,2845,2643,1322,1321,202,104,98
SL050,34081313098,2363,2276,1106,1170,87,38,49
SL050,34081313901,1111,1016,542,474,95,46,49
SL050,34081313902,548,519,266,253,29,10,19
SL050,34081313903,595,571,296,275,24,12,12
SL050,34081313904,719,610,296,314,109,58,51
SL050,34011414001,4185,4083,2105,1978,102,50,52
SL050,34011414002,13438,13163,6597,6566,275,141,134
SL050,34011414003,1473,1438,694,744,35,19,16
SL050,34011414004,2409,2289,1133,1156,120,71,49
SL050,34011414005,7964,7756,3902,3854,208,85,123
SL050,34011414006,1524,1497,743,754,27,11,16
SL050,34011414007,19338,18409,9180,9229,929,688,241
SL050,34011414008,3273,3221,1554,1667,52,17,35
SL050,34011414009,2964,2900,1406,1494,64,29,35
SL050,34011414010,4975,4882,2442,2440,93,50,43
SL050,34011414011,681,663,340,323,18,11,7
SL050,34011414012,7537,7366,3661,3705,171,91,80
SL050,34011414013,20417,19650,9645,10005,767,316,451
SL050,34011414014,2969,2893,1488,1405,76,38,38
SL050,34011414015,2454,2390,1212,1178,64,39,25
SL050,34011414016,1503,1481,734,747,22,10,12
SL050,34011414017,14067,13540,6788,6752,527,238,289
SL050,34011414018,4457,4380,2171,2209,77,33,44
SL050,34011414019,7834,7583,3753,3830,251,136,115
SL050,34011414020,401,383,189,194,18,7,11
SL050,34011414021,325708,312041,150546,161495,13667,5871,7796
SL050,34011414022,4684,4597,2244,2353,87,38,49
SL050,34011414023,2416,2375,1181,1194,41,18,23
SL050,34011414024,2285,2235,1104,1131,50,26,24
SL050,34011414025,3333,3258,1640,1618,75,33,42
SL050,34011414026,2438,2350,1184,1166,88,43,45
SL050,34011414027,9668,9489,4774,4715,179,82,97
SL050,34011414028,350,345,180,165,5,3,2
SL050,34011414029,4651,4558,2364,2194,93,34,59
SL050,34011414030,10817,10478,5270,5208,339,155,184
SL050,34011414031,680,669,322,347,11,5,6
SL050,34011414032,456,433,224,209,23,9,14
SL050,34011414033,1578,1558,782,776,20,6,14
SL050,34011414034,353,344,179,165,9,3,6
SL050,34011414035,6868,6770,3319,3451,98,46,52
SL050,34011414036,4541,4434,2213,2221,107,53,54
SL050,34011414037,4343,3703,1842,1861,640,333,307
SL050,34011414038,42530,40322,20119,20203,2208,1093,1115
SL050,34011414039,3037,2968,1499,1469,69,33,36
SL050,34011414040,4429,4370,2176,2194,59,26,33
SL050,34011414041,3874,3727,1884,1843,147,63,84
SL050,34011414042,23031,22372,11137,11235,659,286,373
SL050,34011414043,9436,9144,4514,4630,292,127,165
SL050,34011414044,1964,1937,965,972,27,11,16
SL050,34011414045,3726,3670,1845,1825,56,25,31
SL050,34011414046,5393,5336,2714,2622,57,19,38
SL050,34011414047,1990,1939,1010,929,51,33,18
SL050,34011414048,1481,1435,723,712,46,20,26
SL050,34011414049,21159,19890,9884,10006,1269,656,613
SL050,34011414050,2834,2789,1413,1376,45,21,24
SL050,34011414051,1529,1514,732,782,15,6,9
SL050,34011414052,10870,10592,5126,5466,278,119,159
SL050,34011414053,7343,7156,3560,3596,187,88,99
SL050,34011414054,17222,16452,8009,8443,770,373,397
SL050,34011414055,22585,22026,10758,11268,559,250,309
SL050,34011414056,30241,28732,14246,14486,1509,812,697
SL050,34011414057,7508,7324,3658,3666,184,73,111
SL050,34011414058,9857,9432,4664,4768,425,242,183
SL050,34011414059,814,804,401,403,10,3,7
SL050,34011414060,6014,5866,2976,2890,148,63,85
SL050,34011414061,768,757,380,377,11,4,7
SL050,34011414062,1063,1053,515,538,10,2,8
SL050,34011414063,1157,1132,562,570,25,16,9
SL050,34011414064,368,358,174,184,10,4,6
SL050,34011414065,2284,2241,1118,1123,43,20,23
SL050,34011414066,7200,7103,3565,3538,97,38,59
SL050,34011414067,4861,4773,2440,2333,88,41,47
SL050,34011414068,643,586,285,301,57,29,28
SL050,34011414069,8774,8608,4252,4356,166,88,78
SL050,34011414070,1494,1458,735,723,36,18,18
SL050,34011414071,1068,1040,508,532,28,12,16
SL050,34011414072,1154,1129,564,565,25,13,12
SL050,34011414073,3298,3238,1674,1564,60,26,34
SL050,34011414074,2568,2502,1256,1246,66,22,44
SL050,34011414075,641,628,319,309,13,7,6
SL050,34121515001,5454,5165,2554,2611,289,130,159
SL050,34121515002,31278,27565,13363,14202,3713,1652,2061
SL050,34121515003,1894,1854,965,889,40,19,21
SL050,34121515004,5671,5415,2674,2741,256,124,132
SL050,34121515005,31917,28086,13963,14123,3831,1890,1941
SL050,34121515006,6053,5741,2843,2898,312,167,145
SL050,34121515007,3505,3322,1566,1756,183,93,90
SL050,34121515008,6602,6122,2982,3140,480,240,240
SL050,34121515009,12916,11773,5607,6166,1143,524,619
SL050,34121515010,2022,1954,999,955,68,27,41
SL050,34121515011,18844,18074,8848,9226,770,343,427
SL050,34121515012,4215,4027,1974,2053,188,95,93
SL050,34121515013,7748,7148,3462,3686,600,265,335
SL050,34121515014,4337,4183,2019,2164,154,72,82
SL050,34121515015,3318,3188,1562,1626,130,66,64
SL050,34121515016,5322,4974,2425,2549,348,180,168
SL050,34121515017,24603,21993,10812,11181,2610,1215,1395
SL050,34121515018,1238,1211,603,608,27,14,13
SL050,34121515019,31261,28922,14199,14723,2339,1100,1239
SL050,34121515020,4031,3868,1852,2016,163,63,100
SL050,34121515021,6294,5744,2830,2914,550,266,284
SL050,34121515022,6794,6270,3109,3161,524,264,260
SL050,34121515023,7576,7047,3377,3670,529,250,279
SL050,34121515024,5023,4562,2249,2313,461,229,232
SL050,34121515025,1126,1070,520,550,56,31,25
SL050,34121515027,1824,1734,857,877,90,39,51
SL050,34121515028,1578,1504,729,775,74,35,39
SL050,34121515029,6177,5939,2851,3088,238,104,134
SL050,34121515030,244850,216295,100414,115881,28555,13199,15356
SL050,34121515031,30221,26669,13048,13621,3552,1538,2014
SL050,34121515032,3958,3792,1898,1894,166,81,85
SL050,34121515033,2791,2738,1334,1404,53,23,30
SL050,34121515034,3040,2910,1408,1502,130,59,71
SL050,34121515035,13013,12544,6005,6539,469,209,260
SL050,34121515036,66799,63337,29765,33572,3462,1554,1908
SL050,34121515037,4701,4498,2275,2223,203,100,103
SL050,34121515038,2385,2322,1157,1165,63,25,38
SL050,34121515039,1333,1304,649,655,29,15,14
SL050,34121515040,3084,2887,1440,1447,197,103,94
SL050,34121515041,11302,10527,5191,5336,775,373,402
SL050,34121515042,3386,3317,1621,1696,69,37,32
SL050,34121515043,5447,5256,2551,2705,191,95,96
SL050,34121515044,1363,1270,623,647,93,47,46
SL050,34121515045,3947,3835,1842,1993,112,45,67
SL050,34121515046,7443,7007,3463,3544,436,196,240
SL050,34121515047,2582,2536,1254,1282,46,17,29
SL050,34121515048,6056,5592,2810,2782,464,214,250
SL050,34121515049,1226,1176,555,621,50,21,29
SL050,34121515050,1962,1915,986,929,47,28,19
SL050,34121515051,5307,5144,2507,2637,163,75,88
SL050,34121515052,4736,4451,2150,2301,285,147,138
SL050,34121515053,8695,8439,4094,4345,256,111,145
SL050,34121515054,39115,36940,17945,18995,2175,946,1229
SL050,34121515055,5112,4944,2399,2545,168,79,89
SL050,34121515056,6877,6230,3011,3219,647,314,333
SL050,34121515057,14271,13424,6446,6978,847,393,454
SL050,34121515058,35559,31579,15440,16139,3980,1753,2227
SL050,34121515059,12632,11610,5684,5926,1022,473,549
SL050,34121515060,7452,6780,3379,3401,672,321,351
SL050,34121515061,5804,5447,2588,2859,357,185,172
SL050,34121515062,6412,6148,2955,3193,264,126,138
SL050,34121515064,2419,2314,1134,1180,105,45,60
SL050,34121515065,8386,8038,3858,4180,348,167,181
SL050,34121515066,4656,4478,2258,2220,178,75,103
SL050,34121515067,9390,9131,4457,4674,259,111,148
SL050,34121515068,5565,5366,2680,2686,199,114,85
SL050,34121515069,7884,7481,3573,3908,403,202,201
SL050,34121515070,10237,9818,4812,5006,419,187,232
SL050,34121515071,9243,8903,4422,4481,340,174,166
SL050,34121515072,11104,10777,5265,5512,327,156,171
SL050,34121515073,27067,25512,12578,12934,1555,777,778
SL050,34121515074,4564,4443,2121,2322,121,56,65
SL050,34121515075,15495,13395,6641,6754,2100,933,1167
SL050,34121515076,2828,2765,1377,1388,63,24,39
SL050,34121515077,9450,8758,4261,4497,692,315,377
SL050,34121515078,96405,87601,40867,46734,8804,3913,4891
SL050,34121515079,1610,1580,813,767,30,12,18
SL050,34121515080,1799,1773,914,859,26,13,13
SL050,34121515081,1103,1071,537,534,32,16,16
SL050,34121515082,18525,17439,8632,8807,1086,483,603
SL050,34121515083,1151,1125,587,538,26,12,14
SL050,34121515084,3361,3229,1514,1715,132,67,65
SL050,34121515085,3620,3517,1759,1758,103,47,56
SL050,34121515086,3148,3004,1480,1524,144,71,73
SL050,34121515087,6613,6404,3104,3300,209,105,104
SL050,34121515088,3925,3673,1768,1905,252,116,136
SL050,34121515089,5046,4881,2402,2479,165,83,82
SL050,34121515090,1225,1190,633,557,35,12,23
SL050,34121515091,1231,1203,618,585,28,11,17
SL050,34121515092,7138,6726,3202,3524,412,219,193
SL050,34121515093,4581,4398,2123,2275,183,96,87
SL050,34121515901,3945,3664,1802,1862,281,157,124
SL050,34121515902,5155,4941,2493,2448,214,103,111
SL050,34081616001,64,61,38,23,3,1,2
SL050,34081616002,234,213,107,106,21,9,12
SL050,34081616003,153,140,65,75,13,5,8
SL050,34081616004,252,246,131,115,6,3,3
SL050,34081616005,268,257,138,119,11,4,7
SL050,34081616006,125,116,53,63,9,5,4
SL050,34081616007,1590,1339,665,674,251,137,114
SL050,34081616008,90,84,48,36,6,2,4
SL050,34081616009,56,55,31,24,1,1,0
SL050,34081616010,137,126,60,66,11,5,6
SL050,34081616011,30,24,14,10,6,2,4
SL050,34081616012,90,85,49,36,5,3,2
SL050,34081616013,25,25,14,11,0,0,0
SL050,34081616014,659,645,336,309,14,6,8
SL050,34081616015,375,355,194,161,20,14,6
SL050,34081616016,225,200,115,85,25,16,9
SL050,34081616017,390,374,206,168,16,6,10
SL050,34081616018,431,423,218,205,8,3,5
SL050,34081616019,195,195,104,91,0,0,0
SL050,34081616020,10,10,5,5,0,0,0
SL050,34081616022,85,84,49,35,1,0,1
SL050,34081616023,602,560,296,264,42,20,22
SL050,34081616024,147,142,79,63,5,2,3
SL050,34081616025,26,26,14,12,0,0,0
SL050,34081616026,95,84,42,42,11,6,5
SL050,34081616027,903,765,408,357,138,74,64
SL050,34081616029,87,86,53,33,1,1,0
SL050,34081616030,19,19,14,5,0,0,0
SL050,34081616031,35,33,18,15,2,1,1
SL050,34081616032,328,308,160,148,20,9,11
SL050,34081616033,1938,1845,928,917,93,44,49
SL050,34081616034,165,162,93,69,3,2,1
SL050,34081616035,279,266,128,138,13,5,8
SL050,34081616036,144,132,64,68,12,5,7
SL050,34081616038,40,33,22,11,7,4,3
SL050,34081616039,446,399,211,188,47,24,23
SL050,34081616040,90,88,52,36,2,1,1
SL050,34081616041,414,382,204,178,32,17,15
SL050,34081616042,1344,1241,624,617,103,41,62
SL050,34081616043,113,107,60,47,6,3,3
SL050,34081616044,40,39,18,21,1,1,0
SL050,34081616045,219,199,109,90,20,12,8
SL050,34081616046,247,243,124,119,4,2,2
SL050,34081616047,252,222,119,103,30,15,15
SL050,34081616048,467,444,245,199,23,10,13
SL050,34081616049,151,150,80,70,1,0,1
SL050,34081616050,267,233,115,118,34,19,15
SL050,34081616051,138,128,66,62,10,5,5
SL050,34081616052,769,627,318,309,142,77,65
SL050,34081616053,456,442,248,194,14,3,11
SL050,34081616055,785,732,375,357,53,29,24
SL050,34081616056,495,471,250,221,24,15,9
SL050,34081616057,75,71,43,28,4,2,2
SL050,34081616058,111,106,55,51,5,2,3
SL050,34081616060,877,789,386,403,88,41,47
SL050,34081616061,1210,1073,558,515,137,79,58
SL050,34081616062,27,27,18,9,0,0,0
SL050,34081616063,111,100,51,49,11,8,3
SL050,34081616064,836,747,394,353,89,47,42
SL050,34081616065,459,396,199,197,63,30,33
SL050,34081616066,3072,2714,1419,1295,358,185,173
SL050,34081616067,155,121,66,55,34,13,21
SL050,34081616068,150,136,75,61,14,7,7
SL050,34081616070,30,30,16,14,0,0,0
SL050,34081616071,21,21,10,11,0,0,0
SL050,34081616072,139,136,78,58,3,2,1
SL050,34081616073,216,199,100,99,17,11,6
SL050,34081616074,30,30,17,13,0,0,0
SL050,34081616078,54898,49370,23551,25819,5528,2603,2925
SL050,34081616079,29,27,19,8,2,2,0
SL050,34081616081,57,51,30,21,6,3,3
SL050,34081616082,321,298,163,135,23,7,16
SL050,34081616083,49,48,25,23,1,0,1
SL050,34081616084,48,47,27,20,1,0,1
SL050,34081616085,169,153,80,73,16,10,6
SL050,34081616086,1212,1040,538,502,172,91,81
SL050,34081616087,248,222,117,105,26,13,13
SL050,34081616088,105,105,56,49,0,0,0
SL050,34081616089,454,440,228,212,14,11,3
SL050,34081616091,70,69,38,31,1,1,0
SL050,34081616092,183,172,100,72,11,6,5
SL050,34081616093,68,60,32,28,8,5,3
SL050,34081616094,154,137,74,63,17,10,7
SL050,34081616095,93,91,51,40,2,1,1
SL050,34081616096,365,317,169,148,48,24,24
SL050,34081616097,145,144,72,72,1,1,0
SL050,34081616098,678,618,316,302,60,30,30
SL050,34081616099,195,195,98,97,0,0,0
SL050,34081616100,789,745,362,383,44,24,20
SL050,34081616101,142,142,78,64,0,0,0
SL050,34081616102,1597,1404,701,703,193,99,94
SL050,34081616103,263,253,137,116,10,5,5
SL050,34081616104,53,46,26,20,7,3,4
SL050,34081616106,3526,3208,1627,1581,318,162,156
SL050,34081616107,98,97,56,41,1,1,0
SL050,34081616108,51,51,27,24,0,0,0
SL050,34081616109,52,49,26,23,3,3,0
SL050,34081616110,124,99,59,40,25,13,12
SL050,34081616111,190,166,94,72,24,14,10
SL050,34081616112,1777,1678,864,814,99,55,44
SL050,34081616113,4299,3668,1812,1856,631,319,312
SL050,34081616115,45,43,26,17,2,0,2
SL050,34081616116,65,65,39,26,0,0,0
SL050,34081616117,1216,1118,570,548,98,43,55
SL050,34081616118,1584,1539,766,773,45,16,29
SL050,34081616119,189,179,91,88,10,4,6
SL050,34081616121,251,249,129,120,2,1,1
SL050,34081616122,293,270,143,127,23,7,16
SL050,34081616123,70,70,41,29,0,0,0
SL050,34081616124,2328,2122,1087,1035,206,91,115
SL050,34081616125,2211,1972,1004,968,239,126,113
SL050,34081616126,926,854,428,426,72,31,41
SL050,34081616128,67,65,36,29,2,0,2
SL050,34081616129,106,95,51,44,11,3,8
SL050,34081616130,626,586,317,269,40,17,23
SL050,34081616131,110,109,63,46,1,1,0
SL050,34081616132,36,35,22,13,1,1,0
SL050,34081616133,6030,5423,2680,2743,607,315,292
SL050,34081616134,5959,5276,2648,2628,683,324,359
SL050,34081616135,138,116,66,50,22,12,10
SL050,34081616137,43,38,21,17,5,0,5
SL050,34081616139,334,325,172,153,9,4,5
SL050,34081616140,21,21,11,10,0,0,0
SL050,34081616141,133,125,65,60,8,3,5
SL050,34081616142,151,130,75,55,21,12,9
SL050,34081616143,15,15,11,4,0,0,0
SL050,34081616145,485,473,243,230,12,6,6
SL050,34081616146,81,80,41,39,1,0,1
SL050,34081616147,67,66,41,25,1,0,1
SL050,34081616148,625,606,312,294,19,11,8
SL050,34081616149,159,153,80,73,6,1,5
SL050,34081616150,101,100,53,47,1,0,1
SL050,34081616151,58,58,33,25,0,0,0
SL050,34081616152,34,33,22,11,1,0,1
SL050,34081616153,1127,1064,541,523,63,28,35
SL050,34081616154,6548,5694,2900,2794,854,445,409
SL050,34081616155,611,564,308,256,47,26,21
SL050,34081616156,96,84,49,35,12,8,4
SL050,34081616157,215,212,117,95,3,1,2
SL050,34081616158,679,612,306,306,67,31,36
SL050,34081616159,213,202,97,105,11,8,3
SL050,34081616160,59,59,35,24,0,0,0
SL050,34081616161,53,47,25,22,6,4,2
SL050,34081616162,27,23,11,12,4,2,2
SL050,34081616163,64,64,35,29,0,0,0
SL050,34081616165,60,58,31,27,2,0,2
SL050,34081616166,290,243,132,111,47,24,23
SL050,34081616167,305,298,140,158,7,4,3
SL050,34081616169,51,51,33,18,0,0,0
SL050,34081616170,920,755,377,378,165,92,73
SL050,34081616171,2418,2085,1029,1056,333,166,167
SL050,34081616172,345,322,171,151,23,10,13
SL050,34081616173,216,197,108,89,19,13,6
SL050,34081616174,183,178,103,75,5,0,5
SL050,34081616175,7589,6343,3254,3089,1246,660,586
SL050,34081616176,46,38,21,17,8,5,3
SL050,34081616177,118,89,47,42,29,15,14
SL050,34081616181,67,63,29,34,4,2,2
SL050,34081616185,38,35,26,9,3,2,1
SL050,34081616186,505,444,230,214,61,30,31
SL050,34081616187,81,70,40,30,11,8,3
SL050,34081616188,100,88,50,38,12,8,4
SL050,34081616189,296,281,150,131,15,8,7
SL050,34081616190,7107,5993,3008,2985,1114,578,536
SL050,34081616191,1040,970,485,485,70,37,33
SL050,34081616192,46,45,23,22,1,1,0
SL050,34081616193,55,55,32,23,0,0,0
SL050,34081616194,227,222,118,104,5,4,1
SL050,34081616195,590,535,266,269,55,23,32
SL050,34081616196,688,672,352,320,16,5,11
SL050,34081616197,68,68,41,27,0,0,0
SL050,34081616198,1643,1485,753,732,158,78,80
SL050,34081616199,23,23,11,12,0,0,0
SL050,34081616202,884,861,459,402,23,11,12
SL050,34081616203,14990,12371,6113,6258,2619,1312,1307
SL050,34081616204,280,253,137,116,27,11,16
SL050,34081616205,124,121,59,62,3,2,1
SL050,34081616206,195,183,99,84,12,4,8
SL050,34081616209,114,108,66,42,6,3,3
SL050,34081616211,363,348,180,168,15,7,8
SL050,34081616212,257,247,120,127,10,6,4
SL050,34081616213,39,36,22,14,3,2,1
SL050,34081616215,259,255,141,114,4,2,2
SL050,34081616216,302,297,158,139,5,2,3
SL050,34081616217,96,87,48,39,9,5,4
SL050,34081616218,223,210,111,99,13,6,7
SL050,34081616219,89,86,44,42,3,2,1
SL050,34081616224,88,87,49,38,1,0,1
SL050,34081616225,66,64,39,25,2,2,0
SL050,34081616227,113,105,63,42,8,4,4
SL050,34081616228,203,175,105,70,28,20,8
SL050,34081616231,48,41,23,18,7,4,3
SL050,34081616234,28,28,16,12,0,0,0
SL050,34081616236,1071,983,499,484,88,38,50
SL050,34081616237,102,99,52,47,3,2,1
SL050,34081616238,501,494,253,241,7,4,3
SL050,34081616239,134,128,82,46,6,3,3
SL050,34081616240,100,94,54,40,6,3,3
SL050,34081616242,348,330,165,165,18,7,11
SL050,34081616243,470,409,203,206,61,38,23
SL050,34081616244,745,736,374,362,9,6,3
SL050,34081616245,476,449,221,228,27,11,16
SL050,34081616246,515,482,270,212,33,15,18
SL050,34081616247,76,65,33,32,11,6,5
SL050,34081616248,1016,961,479,482,55,25,30
SL050,34081616249,2522,2251,1143,1108,271,138,133
SL050,34081616250,70,68,42,26,2,1,1
SL050,34081616251,2304,1944,988,956,360,176,184
SL050,34081616253,378,348,187,161,30,15,15
SL050,34081616254,229,221,109,112,8,4,4
SL050,34081616255,165,152,84,68,13,4,9
SL050,34081616258,189,173,92,81,16,9,7
SL050,34081616259,47,28,18,10,19,9,10
SL050,34081616263,1258,1142,609,533,116,64,52
SL050,34081616264,454,425,216,209,29,16,13
SL050,34081616265,21,21,9,12,0,0,0
SL050,34081616266,385,378,188,190,7,3,4
SL050,34081616269,466,442,221,221,24,10,14
SL050,34081616270,196,165,91,74,31,13,18
SL050,34081616271,821,721,356,365,100,52,48
SL050,34081616272,233,214,129,85,19,10,9
SL050,34081616273,337,324,172,152,13,7,6
SL050,34081616274,128,119,61,58,9,6,3
SL050,34081616275,10,10,6,4,0,0,0
SL050,34081616276,22,21,13,8,1,1,0
SL050,34081616277,124,113,61,52,11,6,5
SL050,34081616278,64,62,30,32,2,2,0
SL050,34081616279,229,178,101,77,51,28,23
SL050,34081616280,181,177,93,84,4,3,1
SL050,34081616901,767,689,344,345,78,36,42
SL050,34081616902,130,129,74,55,1,0,1
SL050,34081616903,1516,1191,607,584,325,194,131
SL050,34081616904,525,492,263,229,33,12,21
SL050,34081616905,1665,1542,785,757,123,62,61
SL050,34081616906,75,75,48,27,0,0,0
SL050,34081616908,188,174,82,92,14,7,7
SL050,34081616909,756,736,378,358,20,11,9
SL050,34081616910,82,81,47,34,1,0,1
SL050,34091717001,841,697,340,357,144,78,66
SL050,34091717002,767,731,373,358,36,15,21
SL050,34091717003,139,123,62,61,16,10,6
SL050,34091717004,765,647,335,312,118,61,57
SL050,34091717005,576,539,269,270,37,18,19
SL050,34091717006,1559,1321,699,622,238,110,128
SL050,34091717007,2256,2051,999,1052,205,107,98
SL050,34091717008,5519,4378,2141,2237,1141,594,547
SL050,34091717009,6515,5052,2538,2514,1463,840,623
SL050,34091717010,423,391,206,185,32,13,19
SL050,34091717011,937,786,375,411,151,93,58
SL050,34091717012,1604,1487,748,739,117,55,62
SL050,34091717013,3934,3178,1587,1591,756,385,371
SL050,34091717014,85,66,35,31,19,11,8
SL050,34091717015,19615,15660,7613,8047,3955,2128,1827
SL050,34091717016,1000,872,456,416,128,65,63
SL050,34091717018,671,598,290,308,73,38,35
SL050,34091717019,2467,2150,1031,1119,317,130,187
SL050,34091717020,4941,4632,2344,2288,309,149,160
SL050,34091717021,187,154,80,74,33,21,12
SL050,34091717022,10859,8514,4182,4332,2345,1225,1120
SL050,34091717023,38790,31471,15468,16003,7319,3804,3515
SL050,34091717024,383,331,174,157,52,26,26
SL050,34091717025,1701,1416,709,707,285,142,143
SL050,34091717026,702,657,343,314,45,26,19
SL050,34091717027,3733,3384,1664,1720,349,191,158
SL050,34091717028,369,347,176,171,22,9,13
SL050,34091717029,269,238,124,114,31,15,16
SL050,34091717030,944,759,404,355,185,98,87
SL050,34091717031,273,219,126,93,54,27,27
SL050,34091717032,2752,1888,922,966,864,422,442
SL050,34091717033,7458,6701,3365,3336,757,351,406
SL050,34091717034,10897,8247,4180,4067,2650,1277,1373
SL050,34091717035,690,652,328,324,38,19,19
SL050,34091717036,3204,3071,1498,1573,133,58,75
SL050,34091717037,133,120,65,55,13,5,8
SL050,34091717038,535,499,246,253,36,17,19
SL050,34091717039,2261,1968,953,1015,293,158,135
SL050,34091717040,708,660,346,314,48,18,30
SL050,34091717041,313,255,125,130,58,30,28
SL050,34091717042,613,486,244,242,127,64,63
SL050,34091717043,186,177,100,77,9,3,6
SL050,34091717044,10359,8533,4211,4322,1826,1074,752
SL050,34091717046,956,830,423,407,126,63,63
SL050,34091717047,10820,6039,3043,2996,4781,2452,2329
SL050,34091717048,10585,7002,3506,3496,3583,1709,1874
SL050,34091717049,5390,4205,2104,2101,1185,604,581
SL050,34091717050,948,830,432,398,118,55,63
SL050,34091717051,300,262,128,134,38,20,18
SL050,34091717052,162,147,67,80,15,10,5
SL050,34091717054,465,377,194,183,88,41,47
SL050,34091717055,176,163,84,79,13,4,9
SL050,34091717056,2322,2110,1081,1029,212,101,111
SL050,34091717057,1253,1155,596,559,98,46,52
SL050,34091717058,251,209,110,99,42,20,22
SL050,34091717060,557,469,237,232,88,39,49
SL050,34091717061,227,210,115,95,17,7,10
SL050,34091717062,10417,6885,3498,3387,3532,1810,1722
SL050,34091717063,206,197,102,95,9,4,5
SL050,34091717064,425,363,180,183,62,30,32
SL050,34091717065,433,405,207,198,28,15,13
SL050,34091717066,46381,32382,15737,16645,13999,7180,6819
SL050,34091717067,1081,851,398,453,230,127,103
SL050,34091717068,305,280,147,133,25,12,13
SL050,34091717069,455,414,217,197,41,14,27
SL050,34091717070,138,120,65,55,18,11,7
SL050,34091717071,1474,1401,698,703,73,35,38
SL050,34091717073,2649,2508,1251,1257,141,65,76
SL050,34091717074,732,627,307,320,105,55,50
SL050,34091717075,439,395,207,188,44,19,25
SL050,34091717076,175,156,84,72,19,10,9
SL050,34091717077,840,666,336,330,174,80,94
SL050,34091717078,429,391,197,194,38,16,22
SL050,34091717079,100266,77722,37380,40342,22544,10650,11894
SL050,34091717080,186,169,87,82,17,7,10
SL050,34091717081,392,301,166,135,91,54,37
SL050,34091717082,529,462,239,223,67,39,28
SL050,34091717083,4139,3608,1802,1806,531,294,237
SL050,34091717084,278,263,148,115,15,11,4
SL050,34091717085,390,338,171,167,52,35,17
SL050,34091717086,3233,1926,962,964,1307,658,649
SL050,34091717087,335,298,157,141,37,23,14
SL050,34091717088,787,707,345,362,80,41,39
SL050,34091717089,8297,6849,3449,3400,1448,791,657
SL050,34091717090,693,661,337,324,32,16,16
SL050,34091717091,514,466,245,221,48,22,26
SL050,34091717092,4868,4052,2015,2037,816,397,419
SL050,34091717093,1239,1087,540,547,152,77,75
SL050,34091717094,1428,1190,649,541,238,115,123
SL050,34091717095,37350,22891,11664,11227,14459,7435,7024
SL050,34091717096,219,202,115,87,17,7,10
SL050,34091717097,282,254,124,130,28,12,16
SL050,34091717098,413,357,187,170,56,30,26
SL050,34091717099,98,89,54,35,9,4,5
SL050,34091717100,272,226,111,115,46,29,17
SL050,34091717101,730,670,363,307,60,31,29
SL050,34091717102,681,603,301,302,78,35,43
SL050,34091717103,6919,6061,3104,2957,858,457,401
SL050,34091717105,312,283,142,141,29,17,12
SL050,34091717106,190,169,88,81,21,10,11
SL050,34091717107,328,306,148,158,22,11,11
SL050,34091717109,899,824,433,391,75,42,33
SL050,34091717110,1691,1501,779,722,190,79,111
SL050,34091717111,1313,1124,560,564,189,87,102
SL050,34091717112,226,218,124,94,8,5,3
SL050,34091717114,34486,26744,12918,13826,7742,4221,3521
SL050,34091717115,382,336,180,156,46,22,24
SL050,34091717116,416,384,204,180,32,13,19
SL050,34091717117,22860,17213,8488,8725,5647,2834,2813
SL050,34091717118,17898,14711,7205,7506,3187,1537,1650
SL050,34091717119,95,87,52,35,8,4,4
SL050,34091717120,1439,1019,515,504,420,203,217
SL050,34091717121,295,252,136,116,43,24,19
SL050,34091717123,467,431,216,215,36,13,23
SL050,34091717124,2461,1858,946,912,603,300,303
SL050,34091717125,162,157,89,68,5,1,4
SL050,34091717126,394,372,189,183,22,11,11
SL050,34091717128,547,379,190,189,168,88,80
SL050,34091717129,195,167,88,79,28,13,15
SL050,34091717130,447,398,193,205,49,23,26
SL050,34091717132,1868,1592,785,807,276,131,145
SL050,34091717133,1660,1483,756,727,177,87,90
SL050,34091717134,303,272,156,116,31,14,17
SL050,34091717135,530,455,235,220,75,30,45
SL050,34091717136,247,215,121,94,32,14,18
SL050,34091717137,4595,4268,2116,2152,327,165,162
SL050,34091717138,1077,915,450,465,162,75,87
SL050,34091717139,1763,1675,831,844,88,42,46
SL050,34091717140,980,743,383,360,237,119,118
SL050,34091717141,8981,6729,3364,3365,2252,1111,1141
SL050,34091717142,3640,3407,1709,1698,233,116,117
SL050,34091717143,179,151,77,74,28,13,15
SL050,34091717144,276,242,125,117,34,17,17
SL050,34091717145,1766,1621,812,809,145,67,78
SL050,34091717146,4002,3665,1909,1756,337,151,186
SL050,34091717147,10632,9262,4548,4714,1370,703,667
SL050,34091717148,2181,1871,965,906,310,160,150
SL050,34091717149,462,443,216,227,19,8,11
SL050,34091717150,2059,1754,903,851,305,150,155
SL050,34091717151,263,220,109,111,43,23,20
SL050,34091717152,19319,13076,6488,6588,6243,3225,3018
SL050,34091717153,269,226,114,112,43,21,22
SL050,34091717154,151,120,61,59,31,15,16
SL050,34091717155,30622,18981,9449,9532,11641,6599,5042
SL050,34091717157,156,149,79,70,7,3,4
SL050,34091717158,635,527,301,226,108,67,41
SL050,34091717159,804,746,385,361,58,34,24
SL050,34091717160,21824,17322,8443,8879,4502,2318,2184
SL050,34091717161,1343,1198,580,618,145,68,77
SL050,34091717162,245,210,109,101,35,16,19
SL050,34091717163,3740,3543,1818,1725,197,98,99
SL050,34091717164,5591,4755,2363,2392,836,455,381
SL050,34091717165,840,734,363,371,106,43,63
SL050,34091717166,731,649,321,328,82,38,44
SL050,34091717167,3224,2974,1484,1490,250,122,128
SL050,34091717168,502,462,219,243,40,22,18
SL050,34091717169,3461,3143,1604,1539,318,145,173
SL050,34091717170,212,199,106,93,13,9,4
SL050,34091717171,251,195,100,95,56,31,25
SL050,34091717172,626,561,289,272,65,35,30
SL050,34091717173,249,207,108,99,42,19,23
SL050,34091717174,228,217,115,102,11,5,6
SL050,34091717175,746,644,344,300,102,51,51
SL050,34091717176,177,133,63,70,44,30,14
SL050,34091717177,707,659,332,327,48,17,31
SL050,34091717178,2039,1260,644,616,779,444,335
SL050,34091717180,12894,10373,5106,5267,2521,1384,1137
SL050,34091717181,5203,4108,2049,2059,1095,559,536
SL050,34091717182,363,341,184,157,22,7,15
SL050,34091717183,351,307,162,145,44,24,20
SL050,34091717184,1573,1507,766,741,66,28,38
SL050,34091717185,2966,2646,1337,1309,320,169,151
SL050,34091717186,5114,4570,2259,2311,544,254,290
SL050,34091717187,848,735,363,372,113,56,57
SL050,34091717188,187,169,97,72,18,9,9
SL050,34091717189,1976,1778,886,892,198,95,103
SL050,34091717190,1108,1019,523,496,89,47,42
SL050,34091717191,210,179,97,82,31,20,11
SL050,34091717192,168,149,82,67,19,7,12
SL050,34091717193,5969,5244,2648,2596,725,375,350
SL050,34091717194,97,84,49,35,13,7,6
SL050,34091717195,459,409,206,203,50,28,22
SL050,34091717196,314,281,138,143,33,11,22
SL050,34091717197,165,149,82,67,16,8,8
SL050,34091717198,723,521,268,253,202,97,105
SL050,34091717199,11537,8287,4169,4118,3250,1673,1577
SL050,34091717200,801,713,358,355,88,32,56
SL050,34091717201,165,157,95,62,8,5,3
SL050,34091717202,5584,4239,2118,2121,1345,698,647
SL050,34091717203,214,198,109,89,16,8,8
SL050,34091717204,1139,742,381,361,397,244,153
SL050,34091717205,286,258,128,130,28,13,15
SL050,34091717206,178,157,76,81,21,8,13
SL050,34091717207,3029,2914,1473,1441,115,55,60
SL050,34091717208,1286,1200,605,595,86,46,40
SL050,34091717209,912,817,416,401,95,38,57
SL050,34091717210,854,680,334,346,174,98,76
SL050,34091717211,1189,1014,486,528,175,96,79
SL050,34091717212,173,168,86,82,5,2,3
SL050,34091717213,7740,6615,3383,3232,1125,612,513
SL050,34091717214,951,878,444,434,73,42,31
SL050,34091717215,2789,2706,1350,1356,83,33,50
SL050,34091717216,204,187,100,87,17,8,9
SL050,34091717217,466,411,220,191,55,26,29
SL050,34091717218,823,689,358,331,134,74,60
SL050,34091717220,1026,934,456,478,92,49,43
SL050,34091717221,5443,5052,2465,2587,391,193,198
SL050,34091717222,147,129,70,59,18,7,11
SL050,34091717223,1112,961,466,495,151,86,65
SL050,34091717224,404,343,180,163,61,31,30
SL050,34091717225,312,243,120,123,69,47,22
SL050,34091717226,1157,1070,549,521,87,32,55
SL050,34091717227,208,164,95,69,44,21,23
SL050,34091717228,399,354,179,175,45,19,26
SL050,34091717230,709,592,288,304,117,60,57
SL050,34091717232,205,177,94,83,28,15,13
SL050,34091717233,3196,2835,1467,1368,361,193,168
SL050,34091717234,238,210,109,101,28,11,17
SL050,34091717901,1274,1141,577,564,133,62,71
SL050,34091717902,1713,1551,764,787,162,79,83
SL050,34091717903,1275,1102,566,536,173,90,83
SL050,34011818001,288,268,130,138,20,11,9
SL050,34011818002,599,582,297,285,17,10,7
SL050,34011818003,18746,17614,8817,8797,1132,512,620
SL050,34011818004,729,683,381,302,46,22,24
SL050,34011818005,415,404,210,194,11,4,7
SL050,34011818006,7128,5252,2654,2598,1876,1225,651
SL050,34011818007,830,811,412,399,19,7,12
SL050,34011818010,628,603,317,286,25,14,11
SL050,34011818011,5378,5135,2615,2520,243,120,123
SL050,34011818012,2591,2471,1266,1205,120,67,53
SL050,34011818013,5980,4932,2482,2450,1048,719,329
SL050,34011818014,9168,8571,4347,4224,597,283,314
SL050,34011818015,475,467,233,234,8,2,6
SL050,34011818016,346,317,171,146,29,15,14
SL050,34011818017,26377,21129,10458,10671,5248,2574,2674
SL050,34011818018,624,604,305,299,20,6,14
SL050,34011818020,1178,1067,546,521,111,67,44
SL050,34011818021,23968,21123,10498,10625,2845,1438,1407
SL050,34011818022,18554,17307,8618,8689,1247,636,611
SL050,34011818023,20519,18763,9263,9500,1756,947,809
SL050,34011818024,985,961,511,450,24,7,17
SL050,34011818025,340,329,164,165,11,7,4
SL050,34011818027,3285,3218,1611,1607,67,25,42
SL050,34011818028,1065,1009,520,489,56,31,25
SL050,34011818029,2297,2171,1094,1077,126,61,65
SL050,34011818030,719,644,349,295,75,38,37
SL050,34011818032,302,257,136,121,45,22,23
SL050,34011818033,279,254,134,120,25,12,13
SL050,34011818034,578,537,272,265,41,20,21
SL050,34011818035,1469,1356,707,649,113,61,52
SL050,34011818036,5070,4769,2320,2449,301,125,176
SL050,34011818037,609,587,292,295,22,13,9
SL050,34011818038,1253,1206,619,587,47,24,23
SL050,34011818039,4060,3829,1969,1860,231,116,115
SL050,34011818040,343,251,138,113,92,46,46
SL050,34011818042,558,509,255,254,49,23,26
SL050,34011818043,178,124,67,57,54,29,25
SL050,34011818044,244,179,107,72,65,37,28
SL050,34011818045,1337,1207,628,579,130,64,66
SL050,34011818046,2124,1995,1029,966,129,69,60
SL050,34011818047,7928,7280,3663,3617,648,306,342
SL050,34011818048,3243,3018,1539,1479,225,118,107
SL050,34011818049,656,636,352,284,20,10,10
SL050,34011818050,2044,1997,999,998,47,19,28
SL050,34011818051,1350,1323,689,634,27,17,10
SL050,34011818053,1901,1781,897,884,120,48,72
SL050,34011818054,993,954,511,443,39,15,24
SL050,34011818056,4171,3980,1984,1996,191,100,91
SL050,34011818057,7378,6822,3449,3373,556,283,273
SL050,34011818059,5546,5258,2610,2648,288,131,157
SL050,34011818061,1291,1157,597,560,134,76,58
SL050,34011818062,14851,13522,6775,6747,1329,632,697
SL050,34011818063,1583,1557,789,768,26,16,10
SL050,34011818064,420,410,207,203,10,6,4
SL050,34011818065,723,681,344,337,42,23,19
SL050,34011818066,2616,2533,1273,1260,83,38,45
SL050,34011818067,755,739,382,357,16,9,7
SL050,34011818068,2032,1865,937,928,167,80,87
SL050,34011818069,621,565,305,260,56,32,24
SL050,34011818070,320,306,163,143,14,7,7
SL050,34011818071,6975,6421,3199,3222,554,268,286
SL050,34011818072,789,758,389,369,31,15,16
SL050,34011818074,300,298,153,145,2,2,0
SL050,34011818076,993,967,504,463,26,13,13
SL050,34011818078,900,804,414,390,96,46,50
SL050,34011818079,4387,4090,2042,2048,297,155,142
SL050,34011818082,1090,932,474,458,158,75,83
SL050,34011818083,233,215,102,113,18,8,10
SL050,34011818084,5703,5340,2701,2639,363,197,166
SL050,34011818085,736,712,365,347,24,12,12
SL050,34011818086,379,357,186,171,22,10,12
SL050,34011818087,232208,209672,96528,113144,22536,10886,11650
SL050,34011818088,1924,1847,945,902,77,48,29
SL050,34011818089,18718,17707,8747,8960,1011,517,494
SL050,34011818093,5210,3494,1762,1732,1716,1025,691
SL050,34011818094,2849,2718,1454,1264,131,63,68
SL050,34011818095,2541,2465,1300,1165,76,36,40
SL050,34011818096,388,375,200,175,13,3,10
SL050,34011818097,1151,1076,577,499,75,37,38
SL050,34011818098,7367,7156,3536,3620,211,107,104
SL050,34011818099,1882,1821,945,876,61,25,36
SL050,34011818100,10286,9382,4695,4687,904,487,417
SL050,34011818101,11966,11217,5652,5565,749,362,387
SL050,34011818102,10135,9808,4898,4910,327,165,162
SL050,34011818103,1002,864,430,434,138,73,65
SL050,34011818105,5085,4876,2485,2391,209,120,89
SL050,34011818106,599,488,256,232,111,70,41
SL050,34011818107,1104,1079,554,525,25,7,18
SL050,34011818108,977,953,499,454,24,12,12
SL050,34011818109,909,673,339,334,236,139,97
SL050,34011818111,3785,3625,1834,1791,160,98,62
SL050,34011818112,142,110,52,58,32,16,16
SL050,34011818114,661,628,316,312,33,14,19
SL050,34011818115,3354,3174,1626,1548,180,95,85
SL050,34011818116,3485,3231,1608,1623,254,130,124
SL050,34011818117,576,559,300,259,17,10,7
SL050,34011818119,2103,1906,966,940,197,102,95
SL050,34011818120,328,306,158,148,22,14,8
SL050,34011818121,148,134,71,63,14,7,7
SL050,34011818122,20371,19418,9657,9761,953,486,467
SL050,34011818123,332,330,177,153,2,0,2
SL050,34011818124,462,384,209,175,78,43,35
SL050,34011818126,1827,1761,883,878,66,32,34
SL050,34011818127,22047,20647,10184,10463,1400,665,735
SL050,34011818128,409,402,192,210,7,1,6
SL050,34011818132,3723,3564,1783,1781,159,74,85
SL050,34011818133,2759,2492,1260,1232,267,151,116
SL050,34011818134,7826,7105,3678,3427,721,355,366
SL050,34011818135,5479,5170,2569,2601,309,194,115
SL050,34011818136,2163,2132,1093,1039,31,19,12
SL050,34011818137,1157,1073,556,517,84,54,30
SL050,34011818138,3159,2971,1509,1462,188,83,105
SL050,34011818140,60592,53951,26468,27483,6641,3363,3278
SL050,34011818141,464,426,240,186,38,19,19
SL050,34011818143,1182,1087,555,532,95,49,46
SL050,34011818144,996,962,508,454,34,16,18
SL050,34011818145,14025,13167,6571,6596,858,369,489
SL050,34011818146,1198,1083,544,539,115,65,50
SL050,34011818147,5649,4356,2179,2177,1293,658,635
SL050,34011818148,1029,945,479,466,84,44,40
SL050,34011818149,6917,6452,3263,3189,465,215,250
SL050,34011818150,8396,7810,3934,3876,586,286,300
SL050,34011818151,321,288,143,145,33,17,16
SL050,34011818152,1134,1105,539,566,29,17,12
SL050,34011818153,11286,10800,5369,5431,486,234,252
SL050,34011818154,1177,1133,577,556,44,23,21
SL050,34011818157,1449,1370,725,645,79,37,42
SL050,34011818158,10144,9837,4948,4889,307,153,154
SL050,34011818159,1120,1064,575,489,56,33,23
SL050,34011818161,236,232,123,109,4,4,0
SL050,34011818162,1703,1145,605,540,558,324,234
SL050,34011818163,389,367,187,180,22,12,10
SL050,34011818164,2292,2147,1096,1051,145,80,65
SL050,34011818165,5348,5139,2548,2591,209,108,101
SL050,34011818167,2312,2255,1145,1110,57,31,26
SL050,34011818168,916,881,452,429,35,16,19
SL050,34011818170,382,332,182,150,50,30,20
SL050,34011818171,2639,2557,1289,1268,82,41,41
SL050,34011818173,12396,10870,5447,5423,1526,726,800
SL050,34011818174,541,495,259,236,46,22,24
SL050,34011818175,14986,14070,6910,7160,916,458,458
SL050,34011818176,266,228,126,102,38,18,20
SL050,34011818177,545,426,231,195,119,68,51
SL050,34011818178,759,722,384,338,37,18,19
SL050,34011818179,663,595,308,287,68,39,29
SL050,34011818180,742,715,375,340,27,11,16
SL050,34011818181,255,225,137,88,30,16,14
SL050,34011818182,2521,2345,1164,1181,176,76,100
SL050,34011818183,672,629,323,306,43,21,22
SL050,34011818184,2870,2556,1266,1290,314,159,155
SL050,34011818185,610,584,318,266,26,14,12
SL050,34011818187,585,578,307,271,7,3,4
SL050,34011818188,2024,1952,968,984,72,29,43
SL050,34011818189,980,921,479,442,59,30,29
SL050,34011818192,2057,1663,854,809,394,243,151
SL050,34011818193,18995,17786,8787,8999,1209,587,622
SL050,34011818194,2597,2373,1226,1147,224,112,112
SL050,34011818901,653,537,286,251,116,57,59
SL050,34011818902,935,856,422,434,79,43,36
SL050,34011818903,1079,1000,520,480,79,36,43
SL050,34011818904,978,796,445,351,182,105,77
SL050,34011818905,20703,19153,9806,9347,1550,741,809
SL050,34011818906,1028,949,500,449,79,38,41
SL050,34011818907,2145,2067,1059,1008,78,35,43
SL050,34011818908,950,880,441,439,70,36,34
SL050,34011818909,619,604,325,279,15,9,6
SL050,34011818910,919,859,446,413,60,29,31
SL050,34011818911,10981,10333,5284,5049,648,325,323
SL050,34011818912,1774,1620,810,810,154,76,78
SL050,34011818913,855,842,422,420,13,10,3
SL050,34011818914,2086,2023,991,1032,63,29,34
SL050,34011818915,890,856,450,406,34,15,19
SL050,34081919001,53,46,26,20,7,3,4
SL050,34081919002,60,60,34,26,0,0,0
SL050,34081919003,31,31,17,14,0,0,0
SL050,34081919004,62,61,27,34,1,0,1
SL050,34081919005,156,86,55,31,70,46,24
SL050,34081919006,918,819,461,358,99,56,43
SL050,34081919007,540,511,254,257,29,17,12
SL050,34081919008,46,42,30,12,4,1,3
SL050,34081919009,326,272,147,125,54,21,33
SL050,34081919010,12,11,7,4,1,1,0
SL050,34081919011,321,235,133,102,86,41,45
SL050,34081919013,125,117,71,46,8,8,0
SL050,34081919015,84,81,48,33,3,1,2
SL050,34081919016,59,56,42,14,3,0,3
SL050,34081919017,77,63,39,24,14,7,7
SL050,34081919018,157,152,88,64,5,2,3
SL050,34081919019,16,15,8,7,1,0,1
SL050,34081919020,58,43,30,13,15,8,7
SL050,34081919021,1306,1183,617,566,123,69,54
SL050,34081919022,720,636,318,318,84,34,50
SL050,34081919023,177,155,80,75,22,8,14
SL050,34081919024,12570,11168,5719,5449,1402,664,738
SL050,34081919027,157,145,80,65,12,9,3
SL050,34081919031,10,10,8,2,0,0,0
SL050,34081919032,163,148,78,70,15,5,10
SL050,34081919033,51,51,29,22,0,0,0
SL050,34081919034,23,23,17,6,0,0,0
SL050,34081919036,390,292,153,139,98,52,46
SL050,34081919037,158,144,83,61,14,10,4
SL050,34081919038,26,26,19,7,0,0,0
SL050,34081919039,65,62,42,20,3,2,1
SL050,34081919040,51,49,32,17,2,0,2
SL050,34081919041,226,195,110,85,31,14,17
SL050,34081919042,22,22,12,10,0,0,0
SL050,34081919043,92,92,59,33,0,0,0
SL050,34081919044,431,322,186,136,109,61,48
SL050,34081919045,146,138,80,58,8,1,7
SL050,34081919046,34685,27121,13763,13358,7564,3787,3777
SL050,34081919047,55,54,29,25,1,0,1
SL050,34081919048,17,17,12,5,0,0,0
SL050,34081919049,14,9,9,0,5,3,2
SL050,34081919050,16,15,10,5,1,1,0
SL050,34081919051,50,50,34,16,0,0,0
SL050,34081919052,26,25,16,9,1,0,1
SL050,34081919053,2399,2100,1110,990,299,142,157
SL050,34081919054,208,193,115,78,15,7,8
SL050,34081919055,43,43,21,22,0,0,0
SL050,34081919057,76,71,45,26,5,1,4
SL050,34081919058,10123,9043,4646,4397,1080,492,588
SL050,34081919059,79,76,43,33,3,2,1
SL050,34081919060,147,133,85,48,14,9,5
SL050,34081919061,52,51,37,14,1,1,0
SL050,34081919064,63,62,39,23,1,1,0
SL050,34081919065,144,130,81,49,14,7,7
SL050,34081919066,58,49,31,18,9,2,7
SL050,34081919067,64,62,39,23,2,1,1
SL050,34081919070,93,66,36,30,27,15,12
SL050,34081919071,11812,10104,5231,4873,1708,778,930
SL050,34081919073,18,18,15,3,0,0,0
SL050,34081919074,83,69,44,25,14,5,9
SL050,34081919075,63,61,39,22,2,0,2
SL050,34081919076,26,22,11,11,4,3,1
SL050,34081919078,56,52,34,18,4,2,2
SL050,34081919079,9,9,5,4,0,0,0
SL050,34081919080,71,69,37,32,2,2,0
SL050,34081919081,24,23,15,8,1,0,1
SL050,34081919082,107,96,55,41,11,2,9
SL050,34081919086,1697,1537,820,717,160,76,84
SL050,34081919087,23,22,12,10,1,0,1
SL050,34081919088,104,88,53,35,16,6,10
SL050,34081919089,32,25,19,6,7,1,6
SL050,34081919090,115,101,52,49,14,7,7
SL050,34081919091,30,25,16,9,5,1,4
SL050,34081919092,549,453,273,180,96,50,46
SL050,34081919095,14,12,8,4,2,1,1
SL050,34081919096,105,86,52,34,19,8,11
SL050,34081919097,16,15,12,3,1,0,1
SL050,34081919098,24,19,13,6,5,4,1
SL050,34081919099,345,323,179,144,22,9,13
SL050,34081919102,118,96,49,47,22,12,10
SL050,34081919103,273,255,155,100,18,8,10
SL050,34081919104,17,17,9,8,0,0,0
SL050,34081919105,3508,3176,1663,1513,332,156,176
SL050,34081919106,92,86,49,37,6,4,2
SL050,34081919107,339,316,171,145,23,11,12
SL050,34081919108,109,92,49,43,17,9,8
SL050,34081919109,35,35,20,15,0,0,0
SL050,34081919110,60,56,30,26,4,2,2
SL050,34081919111,171,160,99,61,11,6,5
SL050,34081919112,50,49,19,30,1,1,0
SL050,34081919113,665,540,275,265,125,68,57
SL050,34081919114,38,36,24,12,2,2,0
SL050,34081919115,30,27,16,11,3,1,2
SL050,34081919116,13,13,8,5,0,0,0
SL050,34081919117,2364,2047,1087,960,317,145,172
SL050,34081919118,8,8,5,3,0,0,0
SL050,34081919119,88,81,52,29,7,4,3
SL050,34081919120,131,113,65,48,18,8,10
SL050,34081919121,284,258,141,117,26,19,7
SL050,34081919122,89,83,45,38,6,4,2
SL050,34081919123,43,35,19,16,8,5,3
SL050,34081919124,526,437,244,193,89,46,43
SL050,34081919125,49,41,28,13,8,5,3
SL050,34081919126,2416,2169,1161,1008,247,131,116
SL050,34081919127,107,100,54,46,7,4,3
SL050,34081919129,29,28,17,11,1,0,1
SL050,34081919130,84910,71369,34296,37073,13541,6539,7002
SL050,34081919132,100,91,48,43,9,4,5
SL050,34081919133,272,108,62,46,164,103,61
SL050,34081919134,19,19,12,7,0,0,0
SL050,34081919135,118,105,60,45,13,7,6
SL050,34081919136,19,14,5,9,5,5,0
SL050,34081919138,307,258,149,109,49,20,29
SL050,34081919139,29,29,18,11,0,0,0
SL050,34081919142,299,256,153,103,43,25,18
SL050,34081919143,2538,2191,1111,1080,347,177,170
SL050,34081919145,43,42,26,16,1,0,1
SL050,34081919146,44,42,26,16,2,2,0
SL050,34081919147,42,41,28,13,1,1,0
SL050,34081919148,53,45,28,17,8,6,2
SL050,34081919150,130,122,76,46,8,5,3
SL050,34081919151,1487,1232,609,623,255,122,133
SL050,34081919152,654,561,315,246,93,50,43
SL050,34081919153,21,21,13,8,0,0,0
SL050,34081919154,63,63,42,21,0,0,0
SL050,34081919155,73,69,46,23,4,3,1
SL050,34081919156,1434,1115,591,524,319,161,158
SL050,34081919157,55,53,38,15,2,1,1
SL050,34081919159,99,87,51,36,12,1,11
SL050,34081919160,1199,1042,594,448,157,64,93
SL050,34081919161,250,240,125,115,10,5,5
SL050,34081919162,72,64,35,29,8,6,2
SL050,34081919163,67,58,28,30,9,6,3
SL050,34081919165,55,49,28,21,6,3,3
SL050,34081919166,183,173,96,77,10,5,5
SL050,34081919167,156,151,84,67,5,3,2
SL050,34081919168,297,275,138,137,22,11,11
SL050,34081919169,37,35,20,15,2,2,0
SL050,34081919170,222,184,106,78,38,14,24
SL050,34081919171,7229,6251,3151,3100,978,475,503
SL050,34081919172,51,50,29,21,1,0,1
SL050,34081919173,61,51,32,19,10,6,4
SL050,34081919174,106,97,51,46,9,3,6
SL050,34081919175,37,33,16,17,4,1,3
SL050,34081919176,257,234,125,109,23,11,12
SL050,34081919177,72,70,37,33,2,0,2
SL050,34081919178,30,30,19,11,0,0,0
SL050,34081919179,88,79,46,33,9,5,4
SL050,34081919181,60,60,37,23,0,0,0
SL050,34081919182,40,40,26,14,0,0,0
SL050,34081919183,77,73,45,28,4,2,2
SL050,34081919184,102,76,48,28,26,15,11
SL050,34081919185,28,28,19,9,0,0,0
SL050,34081919186,83,82,49,33,1,0,1
SL050,34081919187,55,46,26,20,9,6,3
SL050,34081919188,48,43,24,19,5,3,2
SL050,34081919189,172,130,69,61,42,22,20
SL050,34081919190,3295,2699,1354,1345,596,300,296
SL050,34081919191,14,14,6,8,0,0,0
SL050,34081919192,2637,2098,1054,1044,539,302,237
SL050,34081919193,26,24,14,10,2,1,1
SL050,34081919194,100,94,54,40,6,3,3
SL050,34081919195,38,38,23,15,0,0,0
SL050,34081919196,102,97,55,42,5,0,5
SL050,34081919197,28,28,19,9,0,0,0
SL050,34081919198,17,17,9,8,0,0,0
SL050,34081919199,18,18,13,5,0,0,0
SL050,34081919200,75,70,40,30,5,3,2
SL050,34081919201,64,59,32,27,5,3,2
SL050,34081919202,9,9,5,4,0,0,0
SL050,34081919203,27,27,16,11,0,0,0
SL050,34081919204,177,158,97,61,19,12,7
SL050,34081919208,41,40,25,15,1,0,1
SL050,34081919209,44,42,25,17,2,0,2
SL050,34081919210,19,17,10,7,2,0,2
SL050,34081919211,389,365,216,149,24,12,12
SL050,34081919212,873,780,389,391,93,50,43
SL050,34081919213,77,67,44,23,10,3,7
SL050,34081919214,76,76,44,32,0,0,0
SL050,34081919215,152,150,97,53,2,1,1
SL050,34081919216,156,150,81,69,6,2,4
SL050,34081919217,49,46,32,14,3,2,1
SL050,34081919218,52,51,27,24,1,0,1
SL050,34081919219,11,11,9,2,0,0,0
SL050,34081919220,3770,3160,1686,1474,610,292,318
SL050,34081919221,56,49,33,16,7,3,4
SL050,34081919222,111,107,56,51,4,1,3
SL050,34081919223,120,113,60,53,7,2,5
SL050,34081919224,106,104,64,40,2,1,1
SL050,34081919225,1269,1095,589,506,174,87,87
SL050,34081919226,42,39,26,13,3,3,0
SL050,34081919227,61,61,40,21,0,0,0
SL050,34081919228,36,27,18,9,9,3,6
SL050,34081919229,60,60,33,27,0,0,0
SL050,34081919230,778,678,352,326,100,54,46
SL050,34081919231,12,11,7,4,1,1,0
SL050,34081919232,60,60,38,22,0,0,0
SL050,34081919233,92,87,52,35,5,2,3
SL050,34081919234,42,40,27,13,2,1,1
SL050,34081919235,87,84,49,35,3,1,2
SL050,34081919237,44,43,25,18,1,0,1
SL050,34081919238,49,45,27,18,4,2,2
SL050,34081919239,106,81,39,42,25,14,11
SL050,34081919240,45,44,26,18,1,1,0
SL050,34081919241,42,41,24,17,1,1,0
SL050,34081919242,100,92,51,41,8,2,6
SL050,34081919243,40,40,30,10,0,0,0
SL050,34081919244,85,76,43,33,9,4,5
SL050,34081919245,1519,1299,680,619,220,112,108
SL050,34081919246,44,40,22,18,4,1,3
SL050,34081919247,155,149,83,66,6,4,2
SL050,34081919248,72,71,45,26,1,1,0
SL050,34081919249,35,32,17,15,3,2,1
SL050,34081919250,18,17,10,7,1,0,1
SL050,34081919251,53,43,27,16,10,4,6
SL050,34081919252,81,68,39,29,13,8,5
SL050,34081919254,47,41,19,22,6,3,3
SL050,34081919255,76,68,40,28,8,5,3
SL050,34081919256,53,44,25,19,9,6,3
SL050,34081919257,4356,3628,1780,1848,728,374,354
SL050,34081919258,96,88,52,36,8,4,4
SL050,34081919259,35,34,16,18,1,0,1
SL050,34081919260,41,37,21,16,4,1,3
SL050,34081919261,34,32,17,15,2,1,1
SL050,34081919262,123,120,65,55,3,2,1
SL050,34081919263,44,22,13,9,22,9,13
SL050,34081919264,33,32,20,12,1,1,0
SL050,34081919265,149,128,74,54,21,14,7
SL050,34081919266,304,252,140,112,52,26,26
SL050,34081919267,22,22,12,10,0,0,0
SL050,34081919268,30,29,19,10,1,1,0
SL050,34081919269,96,91,53,38,5,2,3
SL050,34081919270,13,12,9,3,1,1,0
SL050,34081919271,50,45,25,20,5,3,2
SL050,34081919272,96,75,42,33,21,12,9
SL050,34081919274,1424,1167,621,546,257,120,137
SL050,34081919277,19,19,13,6,0,0,0
SL050,34081919278,25,25,15,10,0,0,0
SL050,34081919279,502,66,38,28,436,230,206
SL050,34081919280,5300,4598,2411,2187,702,343,359
SL050,34081919281,23,22,14,8,1,1,0
SL050,34081919282,175,162,95,67,13,7,6
SL050,34081919283,40,28,13,15,12,6,6
SL050,34081919284,11,11,7,4,0,0,0
SL050,34081919285,22,22,12,10,0,0,0
SL050,34081919286,1012,892,496,396,120,65,55
SL050,34081919287,206,172,95,77,34,20,14
SL050,34081919288,18,18,12,6,0,0,0
SL050,34081919289,27,25,17,8,2,2,0
SL050,34081919290,1172,915,501,414,257,125,132
SL050,34081919291,1319,1191,627,564,128,66,62
SL050,34081919293,2573,2253,1186,1067,320,148,172
SL050,34081919294,28,27,15,12,1,1,0
SL050,34081919296,35,32,23,9,3,1,2
SL050,34081919297,35,33,18,15,2,0,2
SL050,34081919298,79,61,39,22,18,13,5
SL050,34081919299,108,104,54,50,4,3,1
SL050,34081919300,1062,949,504,445,113,52,61
SL050,34081919301,40,39,23,16,1,1,0
SL050,34081919302,57,57,35,22,0,0,0
SL050,34081919303,49,45,32,13,4,3,1
SL050,34081919304,253,234,129,105,19,11,8
SL050,34081919305,168,158,94,64,10,5,5
SL050,34081919306,22,20,10,10,2,2,0
SL050,34081919307,25,23,15,8,2,1,1
SL050,34081919308,59,58,40,18,1,1,0
SL050,34081919309,25,24,12,12,1,0,1
SL050,34081919310,8,8,5,3,0,0,0
SL050,34081919311,82,76,41,35,6,3,3
SL050,34081919314,48,47,31,16,1,1,0
SL050,34081919317,162,138,75,63,24,14,10
SL050,34081919318,29,25,19,6,4,0,4
SL050,34081919319,6568,5954,3016,2938,614,282,332
SL050,34081919321,47,37,26,11,10,4,6
SL050,34081919322,27,27,13,14,0,0,0
SL050,34081919323,36,36,21,15,0,0,0
SL050,34081919324,185,173,97,76,12,6,6
SL050,34081919325,137,136,70,66,1,0,1
SL050,34081919326,3518,2767,1484,1283,751,352,399
SL050,34081919327,444,415,221,194,29,15,14
SL050,34081919329,63,57,30,27,6,3,3
SL050,34081919330,77,68,40,28,9,6,3
SL050,34081919331,3937,3268,1661,1607,669,334,335
SL050,34081919332,86,83,48,35,3,2,1
SL050,34081919333,125,113,75,38,12,7,5
SL050,34081919334,37,35,21,14,2,0,2
SL050,34081919335,70,54,29,25,16,7,9
SL050,34081919901,40,39,22,17,1,1,0
SL050,34162020001,320,310,170,140,10,3,7
SL050,34162020002,469,463,253,210,6,3,3
SL050,34162020003,777,722,367,355,55,27,28
SL050,34162020004,309,303,157,146,6,3,3
SL050,34162020005,1726,1541,779,762,185,105,80
SL050,34162020006,374,364,179,185,10,4,6
SL050,34162020007,427,410,210,200,17,13,4
SL050,34162020008,939,900,496,404,39,12,27
SL050,34162020009,14618,13644,6768,6876,974,441,533
SL050,34162020010,2034,1869,960,909,165,92,73
SL050,34162020011,2136,2046,1024,1022,90,46,44
SL050,34162020012,205,189,95,94,16,5,11
SL050,34162020013,6987,6568,3317,3251,419,197,222
SL050,34162020014,1533,1443,758,685,90,44,46
SL050,34162020015,1669,1576,820,756,93,43,50
SL050,34162020016,2081,1958,1033,925,123,65,58
SL050,34162020017,11609,10521,5199,5322,1088,569,519
SL050,34162020018,14786,13603,6762,6841,1183,625,558
SL050,34162020019,13881,12158,6033,6125,1723,905,818
SL050,34162020020,151,144,89,55,7,1,6
SL050,34162020021,239,226,122,104,13,7,6
SL050,34162020022,1081,1042,548,494,39,11,28
SL050,34162020023,602,558,299,259,44,16,28
SL050,34162020024,508,473,262,211,35,17,18
SL050,34162020025,1519,1390,703,687,129,70,59
SL050,34162020026,252,241,115,126,11,5,6
SL050,34162020027,3725,3417,1794,1623,308,161,147
SL050,34162020028,2976,2734,1356,1378,242,133,109
SL050,34162020029,5457,5033,2505,2528,424,212,212
SL050,34162020030,27406,24567,11884,12683,2839,1410,1429
SL050,34162020031,239,231,122,109,8,1,7
SL050,34162020032,11582,10416,5150,5266,1166,580,586
SL050,34162020033,1135,1054,531,523,81,41,40
SL050,34162020034,4087,3838,1923,1915,249,129,120
SL050,34162020035,575,549,284,265,26,12,14
SL050,34162020036,17018,15512,7738,7774,1506,724,782
SL050,34162020037,129,124,71,53,5,3,2
SL050,34162020038,488,467,248,219,21,8,13
SL050,34162020039,2818,2519,1276,1243,299,152,147
SL050,34162020040,20222,18409,9027,9382,1813,863,950
SL050,34162020041,313,294,156,138,19,9,10
SL050,34162020042,4172,3808,1891,1917,364,191,173
SL050,34162020043,2305,2157,1087,1070,148,83,65
SL050,34162020044,488,425,215,210,63,33,30
SL050,34162020045,61983,53889,26325,27564,8094,3981,4113
SL050,34162020046,1862,1659,854,805,203,107,96
SL050,34162020047,641,579,298,281,62,29,33
SL050,34162020048,253,242,133,109,11,6,5
SL050,34162020049,5646,5112,2561,2551,534,277,257
SL050,34162020050,377,331,175,156,46,20,26
SL050,34162020051,8384,7987,4057,3930,397,194,203
SL050,34162020052,1430,1303,657,646,127,71,56
SL050,34162020053,6045,5720,2848,2872,325,158,167
SL050,34162020054,602,556,292,264,46,20,26
SL050,34162020055,22019,19962,9854,10108,2057,968,1089
SL050,34162020056,5354,4888,2433,2455,466,279,187
SL050,34162020057,252,249,137,112,3,2,1
SL050,34162020058,945,873,440,433,72,38,34
SL050,34162020059,11335,10549,5253,5296,786,348,438
SL050,34162020060,123,121,66,55,2,1,1
SL050,34162020061,5948,5369,2710,2659,579,288,291
SL050,34162020062,1302,1164,586,578,138,75,63
SL050,34162020063,10276,9709,4822,4887,567,281,286
SL050,34162020064,16128,14343,6885,7458,1785,854,931
SL050,34162020065,3894,3468,1722,1746,426,223,203
SL050,34162020066,589,555,293,262,34,18,16
SL050,34162020067,39355,35927,17408,18519,3428,1629,1799
SL050,34162020068,232,214,118,96,18,11,7
SL050,34162020069,186665,166891,79137,87754,19774,8627,11147
SL050,34162020070,1432,1314,659,655,118,61,57
SL050,34162020071,19525,17855,8665,9190,1670,766,904
SL050,34162020072,6170,5730,2883,2847,440,197,243
SL050,34162020073,6165,5787,2917,2870,378,175,203
SL050,34162020074,14596,13494,6701,6793,1102,556,546
SL050,34162020075,5881,5273,2630,2643,608,308,300
SL050,34162020076,10150,8548,4167,4381,1602,829,773
SL050,34162020077,6730,6245,3080,3165,485,239,246
SL050,34162020078,1613,1414,723,691,199,104,95
SL050,34162020079,23223,21374,10458,10916,1849,850,999
SL050,34162020080,9834,9098,4502,4596,736,355,381
SL050,34162020081,10044,9327,4680,4647,717,324,393
SL050,34162020901,2010,1826,928,898,184,86,98
SL050,34162020902,18253,16447,8030,8417,1806,843,963
SL050,34162020903,6272,5823,2998,2825,449,206,243
SL050,34162020904,137,128,72,56,9,3,6
SL050,34162020905,218,204,104,100,14,8,6
SL050,34162020906,179,173,85,88,6,2,4
SL050,34162020907,153,147,82,65,6,1,5
SL050,34012121001,763,707,357,350,56,28,28
SL050,34012121002,21054,20018,10007,10011,1036,459,577
SL050,34012121003,837,789,417,372,48,22,26
SL050,34012121004,1837,1785,956,829,52,28,24
SL050,34012121005,24013,19308,9723,9585,4705,1919,2786
SL050,34012121006,3942,3816,1872,1944,126,54,72
SL050,34012121007,8040,7727,3806,3921,313,153,160
SL050,34012121008,3109,3067,1532,1535,42,21,21
SL050,34012121009,965,959,500,459,6,2,4
SL050,34012121010,20883,17808,8859,8949,3075,1624,1451
SL050,34012121011,4236,4054,2049,2005,182,86,96
SL050,34012121012,319,304,155,149,15,5,10
SL050,34012121013,14114,12997,6499,6498,1117,517,600
SL050,34012121014,6060,5087,2560,2527,973,457,516
SL050,34012121015,741,722,379,343,19,8,11
SL050,34012121016,1184,1159,590,569,25,10,15
SL050,34012121017,4077,4009,2040,1969,68,28,40
SL050,34012121018,2036,1989,967,1022,47,19,28
SL050,34012121019,702,690,350,340,12,6,6
SL050,34012121020,411,406,207,199,5,2,3
SL050,34012121021,19433,15449,7872,7577,3984,2102,1882
SL050,34012121022,209,191,110,81,18,8,10
SL050,34012121023,2389,2362,1173,1189,27,14,13
SL050,34012121024,543,524,264,260,19,10,9
SL050,34012121025,4735,4603,2338,2265,132,68,64
SL050,34012121026,305,294,140,154,11,7,4
SL050,34012121027,57,52,31,21,5,3,2
SL050,34012121028,373,373,186,187,0,0,0
SL050,34012121029,1785,1747,872,875,38,10,28
SL050,34012121030,2232,2198,1123,1075,34,13,21
SL050,34012121031,1332,1303,655,648,29,14,15
SL050,34012121032,2278,2224,1085,1139,54,24,30
SL050,34012121033,623,604,304,300,19,10,9
SL050,34012121034,1401,1357,663,694,44,22,22
SL050,34012121035,12548,11795,5972,5823,753,287,466
SL050,34012121036,235,226,119,107,9,4,5
SL050,34012121037,519,478,254,224,41,23,18
SL050,34012121038,1293,1263,651,612,30,15,15
SL050,34012121039,307,306,151,155,1,0,1
SL050,34012121040,3909,3711,1877,1834,198,85,113
SL050,34012121041,144258,135666,65318,70348,8592,4018,4574
SL050,34012121042,21077,19113,9627,9486,1964,913,1051
SL050,34012121043,2258,2200,1108,1092,58,28,30
SL050,34012121044,27047,22459,11327,11132,4588,2624,1964
SL050,34012121045,262,253,126,127,9,3,6
SL050,34012121046,3395,2198,1114,1084,1197,664,533
SL050,34012121047,2079,2039,1038,1001,40,18,22
SL050,34012121048,402,371,198,173,31,17,14
SL050,34012121049,3866,3776,1834,1942,90,36,54
SL050,34012121050,21699,15968,8070,7898,5731,2792,2939
SL050,34012121051,253,232,123,109,21,9,12
SL050,34012121052,5303,5153,2492,2661,150,63,87
SL050,34012121053,4103,3939,1990,1949,164,81,83
SL050,34012121054,10762,10283,5145,5138,479,212,267
SL050,34012121055,11112,9152,4680,4472,1960,933,1027
SL050,34012121056,3484,3427,1736,1691,57,24,33
SL050,34012121057,1167,1131,573,558,36,17,19
SL050,34012121058,3142,2988,1537,1451,154,75,79
SL050,34012121059,281,273,135,138,8,3,5
SL050,34012121060,15134,14385,7348,7037,749,367,382
SL050,34012121061,7751,6341,3272,3069,1410,655,755
SL050,34012121062,1707,1573,786,787,134,63,71
SL050,34012121063,3679,3129,1606,1523,550,222,328
SL050,34012121064,9198,8425,4271,4154,773,364,409
SL050,34012121065,396,298,143,155,98,53,45
SL050,34012121066,607,537,278,259,70,38,32
SL050,34012121067,480,459,218,241,21,11,10
SL050,34012121068,1054,1025,503,522,29,16,13
SL050,34012121069,2004,1976,1029,947,28,10,18
SL050,34012121070,7782,7556,3763,3793,226,105,121
SL050,34012121071,243,238,110,128,5,2,3
SL050,34012121072,12780,12374,6109,6265,406,176,230
SL050,34012121073,2839,2249,1160,1089,590,238,352
SL050,34012121074,3283,3245,1610,1635,38,13,25
SL050,34012121075,382,374,175,199,8,5,3
SL050,34012121076,2761,2464,1244,1220,297,139,158
SL050,34012121077,2152,2091,1060,1031,61,23,38
SL050,34012121078,3090,3021,1530,1491,69,33,36
SL050,34012121079,831,808,418,390,23,14,9
SL050,34022222001,237,230,120,110,7,4,3
SL050,34022222002,151,118,60,58,33,16,17
SL050,34022222003,172,159,85,74,13,6,7
SL050,34022222004,130,124,76,48,6,2,4
SL050,34022222006,321,301,162,139,20,12,8
SL050,34022222007,1102,908,464,444,194,122,72
SL050,34022222008,181,169,95,74,12,7,5
SL050,34022222009,721,679,350,329,42,26,16
SL050,34022222011,105,98,59,39,7,4,3
SL050,34022222012,141,136,75,61,5,1,4
SL050,34022222013,309,291,151,140,18,7,11
SL050,34022222014,246,243,129,114,3,1,2
SL050,34022222015,325,310,173,137,15,6,9
SL050,34022222016,652,631,307,324,21,13,8
SL050,34022222017,1160,966,493,473,194,121,73
SL050,34022222018,363,338,181,157,25,13,12
SL050,34022222019,201,191,97,94,10,4,6
SL050,34022222020,127,118,61,57,9,5,4
SL050,34022222021,2394,2242,1154,1088,152,74,78
SL050,34022222022,654,620,323,297,34,15,19
SL050,34022222023,471,441,222,219,30,14,16
SL050,34022222024,296,236,130,106,60,28,32
SL050,34022222025,1409,1198,611,587,211,132,79
SL050,34022222027,367,339,181,158,28,15,13
SL050,34022222028,431,412,210,202,19,7,12
SL050,34022222029,149,142,73,69,7,2,5
SL050,34022222032,116,115,64,51,1,0,1
SL050,34022222035,318,241,127,114,77,46,31
SL050,34022222036,96,93,56,37,3,0,3
SL050,34022222037,129,123,68,55,6,2,4
SL050,34022222039,1041,959,478,481,82,38,44
SL050,34022222040,176,168,81,87,8,2,6
SL050,34022222041,174,168,83,85,6,2,4
SL050,34022222042,153,141,64,77,12,6,6
SL050,34022222043,104,102,58,44,2,1,1
SL050,34022222044,279,261,160,101,18,6,12
SL050,34022222045,77,76,44,32,1,0,1
SL050,34022222046,823,787,401,386,36,23,13
SL050,34022222047,292,279,149,130,13,4,9
SL050,34022222048,16944,14816,7189,7627,2128,1047,1081
SL050,34022222049,77,75,43,32,2,1,1
SL050,34022222050,95,92,48,44,3,1,2
SL050,34022222051,105,94,53,41,11,6,5
SL050,34022222052,1292,1062,563,499,230,170,60
SL050,34022222053,1107,925,474,451,182,95,87
SL050,34022222054,2157,1818,987,831,339,163,176
SL050,34022222055,345,323,168,155,22,9,13
SL050,34022222057,476,418,230,188,58,24,34
SL050,34022222058,231,203,119,84,28,11,17
SL050,34022222059,1479,1318,702,616,161,74,87
SL050,34022222060,1555,1338,663,675,217,165,52
SL050,34022222061,9435,7748,3904,3844,1687,1031,656
SL050,34022222062,181,177,98,79,4,0,4
SL050,34022222063,189,174,94,80,15,8,7
SL050,34022222064,183,176,99,77,7,5,2
SL050,34022222066,986,857,472,385,129,62,67
SL050,34022222067,86,79,44,35,7,6,1
SL050,34022222068,80,74,46,28,6,2,4
SL050,34022222069,531,475,270,205,56,31,25
SL050,34022222072,218,202,120,82,16,9,7
SL050,34022222074,323,296,155,141,27,16,11
SL050,34022222075,137,129,67,62,8,5,3
SL050,34022222076,321,305,173,132,16,5,11
SL050,34022222077,317,317,168,149,0,0,0
SL050,34022222078,532,499,276,223,33,18,15
SL050,34022222079,174,121,68,53,53,9,44
SL050,34022222080,354,298,157,141,56,29,27
SL050,34022222081,269,249,136,113,20,9,11
SL050,34022222082,315,305,159,146,10,5,5
SL050,34022222083,531,491,262,229,40,22,18
SL050,34022222084,753,635,329,306,118,58,60
SL050,34022222085,108,103,56,47,5,2,3
SL050,34022222086,267,253,135,118,14,5,9
SL050,34022222087,86,74,45,29,12,6,6
SL050,34022222088,169,165,83,82,4,2,2
SL050,34022222089,312,296,158,138,16,9,7
SL050,34022222090,114,95,55,40,19,9,10
SL050,34022222094,108,104,54,50,4,1,3
SL050,34022222095,86,82,50,32,4,4,0
SL050,34022222096,391,381,197,184,10,3,7
SL050,34022222099,541,508,249,259,33,17,16
SL050,34022222102,204,192,111,81,12,6,6
SL050,34022222103,794,745,361,384,49,22,27
SL050,34022222105,126,117,66,51,9,3,6
SL050,34022222106,23,23,12,11,0,0,0
SL050,34022222107,97,93,61,32,4,0,4
SL050,34022222109,327,294,169,125,33,13,20
SL050,34022222110,870,807,400,407,63,32,31
SL050,34022222111,173,157,86,71,16,6,10
SL050,34022222112,14979,11786,5851,5935,3193,1743,1450
SL050,34022222113,597,556,292,264,41,22,19
SL050,34022222114,149,147,79,68,2,2,0
SL050,34022222115,426,380,207,173,46,21,25
SL050,34022222116,1753,1523,791,732,230,116,114
SL050,34022222117,3305,2809,1376,1433,496,241,255
SL050,34022222119,1476,1374,711,663,102,44,58
SL050,34022222122,76,76,37,39,0,0,0
SL050,34022222124,218,204,108,96,14,10,4
SL050,34022222125,52463,45809,21835,23974,6654,3188,3466
SL050,34022222126,97,93,53,40,4,2,2
SL050,34022222127,705,663,348,315,42,18,24
SL050,34022222128,212,194,99,95,18,11,7
SL050,34022222129,238,173,91,82,65,35,30
SL050,34022222130,12813,11381,5695,5686,1432,607,825
SL050,34022222131,92,91,53,38,1,0,1
SL050,34022222133,162,134,78,56,28,13,15
SL050,34022222135,194,183,100,83,11,3,8
SL050,34022222136,913,834,439,395,79,36,43
SL050,34022222137,1202,1134,598,536,68,39,29
SL050,34022222139,91,82,42,40,9,6,3
SL050,34022222141,126,124,80,44,2,0,2
SL050,34022222142,136,119,61,58,17,9,8
SL050,34022222143,230,209,124,85,21,10,11
SL050,34022222144,291,272,150,122,19,10,9
SL050,34022222149,331,319,177,142,12,7,5
SL050,34022222150,522,500,283,217,22,13,9
SL050,34022222151,106,103,51,52,3,1,2
SL050,34022222155,73,67,36,31,6,3,3
SL050,34022222156,403,346,191,155,57,29,28
SL050,34022222157,215,198,116,82,17,5,12
SL050,34022222158,17061,14385,7173,7212,2676,1441,1235
SL050,34022222160,269,242,123,119,27,18,9
SL050,34022222162,155,131,65,66,24,10,14
SL050,34022222163,532,499,274,225,33,18,15
SL050,34022222164,50,49,24,25,1,0,1
SL050,34022222165,533,510,261,249,23,8,15
SL050,34022222167,687,533,274,259,154,103,51
SL050,34022222168,27,25,13,12,2,1,1
SL050,34022222170,786,745,379,366,41,25,16
SL050,34022222172,622,574,293,281,48,22,26
SL050,34022222173,251,236,152,84,15,6,9
SL050,34022222174,562,495,261,234,67,34,33
SL050,34022222175,219,202,117,85,17,8,9
SL050,34022222176,199,192,97,95,7,2,5
SL050,34022222177,109,101,55,46,8,3,5
SL050,34022222178,110,101,58,43,9,5,4
SL050,34022222181,98,94,53,41,4,1,3
SL050,34022222182,287,273,140,133,14,5,9
SL050,34022222184,200,190,105,85,10,3,7
SL050,34022222186,218,214,100,114,4,4,0
SL050,34022222187,372,339,171,168,33,14,19
SL050,34022222188,93,80,36,44,13,4,9
SL050,34022222189,215,204,116,88,11,5,6
SL050,34022222190,154,144,82,62,10,7,3
SL050,34022222193,314,300,151,149,14,7,7
SL050,34022222195,283,265,130,135,18,8,10
SL050,34022222197,541,498,249,249,43,25,18
SL050,34022222199,9245,8026,4007,4019,1219,614,605
SL050,34022222200,294,272,143,129,22,10,12
SL050,34022222201,308,295,153,142,13,6,7
SL050,34022222202,167,154,71,83,13,10,3
SL050,34022222203,96,84,47,37,12,7,5
SL050,34022222204,1463,1279,633,646,184,95,89
SL050,34022222205,506,475,245,230,31,12,19
SL050,34022222206,219,192,102,90,27,16,11
SL050,34022222207,152,146,83,63,6,3,3
SL050,34022222208,231,221,116,105,10,8,2
SL050,34022222209,180,169,99,70,11,10,1
SL050,34022222212,81,76,41,35,5,2,3
SL050,34022222213,4168,3414,1746,1668,754,421,333
SL050,34022222214,146,135,61,74,11,6,5
SL050,34022222215,150,142,81,61,8,2,6
SL050,34022222217,489,416,218,198,73,43,30
SL050,34022222218,41,40,19,21,1,1,0
SL050,34022222220,167,161,90,71,6,4,2
SL050,34022222221,127,122,67,55,5,1,4
SL050,34022222222,664,613,341,272,51,25,26
SL050,34022222223,94,85,47,38,9,3,6
SL050,34022222225,3528,3044,1501,1543,484,318,166
SL050,34022222226,952,883,436,447,69,38,31
SL050,34022222227,226,195,115,80,31,11,20
SL050,34022222228,758,718,359,359,40,19,21
SL050,34022222229,123,110,61,49,13,6,7
SL050,34022222230,298,288,149,139,10,6,4
SL050,34022222232,103,91,50,41,12,7,5
SL050,34022222233,102,93,52,41,9,2,7
SL050,34022222234,1148,816,384,432,332,193,139
SL050,34022222235,92,92,56,36,0,0,0
SL050,34022222236,266,252,130,122,14,4,10
SL050,34022222239,99,91,57,34,8,5,3
SL050,34022222242,69,68,43,25,1,0,1
SL050,34022222243,34,34,20,14,0,0,0
SL050,34022222244,46,46,23,23,0,0,0
SL050,34022222245,463,360,185,175,103,59,44
SL050,34022222246,78,71,42,29,7,4,3
SL050,34022222247,36,29,19,10,7,5,2
SL050,34022222248,116,116,68,48,0,0,0
SL050,34022222249,159,144,73,71,15,6,9
SL050,34022222250,447,407,215,192,40,22,18
SL050,34022222251,394,368,191,177,26,8,18
SL050,34022222252,147,141,83,58,6,2,4
SL050,34022222253,60,58,36,22,2,0,2
SL050,34022222254,1774,1283,644,639,491,295,196
SL050,34022222901,839,797,428,369,42,14,28
SL050,34022222902,260,236,120,116,24,10,14
SL050,34022222903,813,741,384,357,72,35,37
SL050,34022222904,894,843,446,397,51,26,25
SL050,34022222905,341,311,158,153,30,13,17
SL050,34022222906,208,188,103,85,20,9,11
SL050,34022222907,2151,1664,845,819,487,239,248
SL050,34022222908,226,209,121,88,17,10,7
SL050,34022222909,399,368,191,177,31,19,12
SL050,34012323001,1027,1012,529,483,15,7,8
SL050,34012323002,21708,20656,10155,10501,1052,523,529
SL050,34012323003,10558,10224,5025,5199,334,168,166
SL050,34012323004,501,485,262,223,16,8,8
SL050,34012323005,37113,36150,17742,18408,963,437,526
SL050,34012323006,5595,5531,2731,2800,64,25,39
SL050,34012323007,3610,3543,1783,1760,67,37,30
SL050,34012323008,1767,1737,861,876,30,23,7
SL050,34012323009,15902,15269,7580,7689,633,318,315
SL050,34012323010,17820,17452,8647,8805,368,195,173
SL050,34012323011,2611,2579,1328,1251,32,15,17
SL050,34012323012,5191,4805,2442,2363,386,258,128
SL050,34012323014,3075,3027,1531,1496,48,19,29
SL050,34012323015,1567,1535,773,762,32,16,16
SL050,34012323016,457,429,226,203,28,12,16
SL050,34012323017,1840,1806,947,859,34,18,16
SL050,34012323018,2739,2669,1381,1288,70,46,24
SL050,34012323019,1784,1709,870,839,75,49,26
SL050,34012323020,1882,1776,880,896,106,83,23
SL050,34012323021,606,596,307,289,10,6,4
SL050,34012323024,15306,14941,7397,7544,365,172,193
SL050,34012323025,3364,3303,1663,1640,61,34,27
SL050,34012323026,4120,3855,1898,1957,265,140,125
SL050,34012323027,829,818,406,412,11,4,7
SL050,34012323028,7574,7299,3538,3761,275,152,123
SL050,34012323029,962,898,442,456,64,49,15
SL050,34012323030,1459,1427,688,739,32,16,16
SL050,34012323031,949,918,457,461,31,15,16
SL050,34012323032,643,633,311,322,10,6,4
SL050,34012323033,1592,1521,766,755,71,33,38
SL050,34012323034,3086,2945,1452,1493,141,79,62
SL050,34012323035,1387,1314,666,648,73,49,24
SL050,34012323037,614,580,312,268,34,20,14
SL050,34012323038,4965,4872,2480,2392,93,47,46
SL050,34012323039,2779,2705,1355,1350,74,40,34
SL050,34012323040,1742,1724,843,881,18,9,9
SL050,34012323041,616,590,311,279,26,18,8
SL050,34012323042,335,308,161,147,27,14,13
SL050,34012323043,620,612,307,305,8,5,3
SL050,34012323044,5845,5719,2841,2878,126,64,62
SL050,34012323045,2527,2457,1244,1213,70,26,44
SL050,34012323046,2884,2758,1376,1382,126,72,54
SL050,34012323047,1935,1869,925,944,66,39,27
SL050,34012323048,995,962,488,474,33,26,7
SL050,34012323049,2070,2047,1030,1017,23,12,11
SL050,34012323050,113457,109069,52461,56608,4388,2072,2316
SL050,34012323051,3327,3281,1663,1618,46,21,25
SL050,34012323052,1286,1265,613,652,21,9,12
SL050,34012323053,11805,11685,5813,5872,120,64,56
SL050,34012323054,482,475,243,232,7,1,6
SL050,34012323055,57811,55899,27340,28559,1912,939,973
SL050,34012323056,3673,3604,1817,1787,69,32,37
SL050,34012323057,852,835,407,428,17,8,9
SL050,34012323058,11322,10915,5414,5501,407,213,194
SL050,34012323059,6877,6765,3371,3394,112,58,54
SL050,34012323060,24207,23010,11420,11590,1197,586,611
SL050,34012323061,9927,9680,4813,4867,247,128,119
SL050,34012323062,1716,1639,823,816,77,59,18
SL050,34012323063,4555,4504,2258,2246,51,22,29
SL050,34012323064,1948,1890,951,939,58,32,26
SL050,34012323065,1835,1799,905,894,36,23,13
SL050,34012323066,5277,5101,2509,2592,176,98,78
SL050,34012323067,2916,2866,1439,1427,50,25,25
SL050,34012323069,6283,6056,3041,3015,227,130,97
SL050,34012323070,4708,4507,2279,2228,201,112,89
SL050,34012323071,2179,2076,1039,1037,103,52,51
SL050,34012323072,2339,2252,1108,1144,87,55,32
SL050,34012323073,5303,5151,2609,2542,152,80,72
SL050,34012323074,3580,3513,1792,1721,67,36,31
SL050,34012323075,3958,3914,1929,1985,44,24,20
SL050,34012323076,913,888,476,412,25,7,18
SL050,34012323077,697,674,350,324,23,17,6
SL050,34012323079,4520,4392,2239,2153,128,85,43
SL050,34012323080,2154,2045,1024,1021,109,55,54
SL050,34012323081,1782,1728,844,884,54,32,22
SL050,34012323082,2262,2208,1113,1095,54,21,33
SL050,34012323084,1124,1041,529,512,83,54,29
SL050,34012323085,2564,2526,1277,1249,38,20,18
SL050,34012323086,14335,13970,6975,6995,365,193,172
SL050,34012323087,13731,13432,6591,6841,299,156,143
SL050,34012323088,7286,7155,3495,3660,131,59,72
SL050,34012323090,1434,1397,693,704,37,27,10
SL050,34012323091,804,785,408,377,19,9,10
SL050,34012323092,34602,33462,16407,17055,1140,553,587
SL050,34012323093,3799,3702,1829,1873,97,46,51
SL050,34012323094,4519,4399,2204,2195,120,70,50
SL050,34012323095,10795,10367,5148,5219,428,269,159
SL050,34012323096,3146,3039,1521,1518,107,61,46
SL050,34012323097,8301,7689,3853,3836,612,411,201
SL050,34012323098,966,930,469,461,36,21,15
SL050,34012323099,5980,5884,2942,2942,96,49,47
SL050,34012323101,416,397,209,188,19,12,7
SL050,34012323901,1373,1322,683,639,51,34,17
SL050,34012323902,2682,2661,1335,1326,21,7,14
SL050,34012323903,4357,4216,2142,2074,141,73,68
SL050,34012323904,3060,3027,1556,1471,33,17,16
SL050,34012323905,2323,2155,1078,1077,168,104,64
SL050,34072424001,202,199,117,82,3,0,3
SL050,34072424002,286,260,129,131,26,16,10
SL050,34072424003,671,644,327,317,27,11,16
SL050,34072424004,558,512,293,219,46,28,18
SL050,34072424005,377,371,217,154,6,3,3
SL050,34072424006,533,492,271,221,41,21,20
SL050,34072424007,802,744,375,369,58,28,30
SL050,34072424008,11029,10467,4942,5525,562,262,300
SL050,34072424009,308,298,161,137,10,5,5
SL050,34072424010,10307,9538,4629,4909,769,347,422
SL050,34072424011,194,193,107,86,1,1,0
SL050,34072424012,313,308,175,133,5,3,2
SL050,34072424014,8979,7822,3740,4082,1157,632,525
SL050,34072424015,2497,2416,1195,1221,81,33,48
SL050,34072424016,489,467,266,201,22,13,9
SL050,34072424017,580,578,296,282,2,1,1
SL050,34072424018,193,186,95,91,7,2,5
SL050,34072424019,360,355,166,189,5,3,2
SL050,34072424020,475,462,274,188,13,7,6
SL050,34072424021,1850,1774,903,871,76,39,37
SL050,34072424022,319,312,166,146,7,3,4
SL050,34072424023,287,268,147,121,19,7,12
SL050,34072424024,733,705,379,326,28,9,19
SL050,34072424025,304,298,173,125,6,4,2
SL050,34072424026,1184,1164,601,563,20,9,11
SL050,34072424027,1330,1268,659,609,62,29,33
SL050,34072424028,412,402,218,184,10,8,2
SL050,34072424029,775,746,392,354,29,12,17
SL050,34072424030,5132,4685,2333,2352,447,218,229
SL050,34072424031,231,227,132,95,4,2,2
SL050,34072424032,123,117,54,63,6,1,5
SL050,34072424033,203,201,111,90,2,1,1
SL050,34072424034,4062,3758,1881,1877,304,137,167
SL050,34072424036,273,266,145,121,7,4,3
SL050,34072424037,357,348,191,157,9,6,3
SL050,34072424038,3472,3213,1602,1611,259,126,133
SL050,34072424039,2269,2146,1090,1056,123,56,67
SL050,34072424040,465,454,245,209,11,5,6
SL050,34072424041,557,537,273,264,20,10,10
SL050,34072424042,65,61,36,25,4,2,2
SL050,34072424043,122,120,71,49,2,0,2
SL050,34072424044,164,161,72,89,3,0,3
SL050,34072424046,979,964,498,466,15,6,9
SL050,34072424047,794,763,402,361,31,21,10
SL050,34072424049,1658,1517,771,746,141,80,61
SL050,34072424050,113,113,59,54,0,0,0
SL050,34072424051,426,420,218,202,6,3,3
SL050,34072424052,153,148,93,55,5,1,4
SL050,34072424053,461,442,241,201,19,10,9
SL050,34072424054,472,455,236,219,17,8,9
SL050,34072424055,740,728,391,337,12,5,7
SL050,34072424056,3150,3036,1499,1537,114,56,58
SL050,34072424057,1533,1423,715,708,110,52,58
SL050,34072424058,209,194,112,82,15,7,8
SL050,34072424059,914,847,433,414,67,35,32
SL050,34072424060,544,529,284,245,15,6,9
SL050,34072424061,2018,1959,1004,955,59,23,36
SL050,34072424062,147,143,82,61,4,2,2
SL050,34072424063,404,383,205,178,21,9,12
SL050,34072424064,1839,1734,919,815,105,54,51
SL050,34072424065,2564,2450,1293,1157,114,51,63
SL050,34072424066,495,476,227,249,19,8,11
SL050,34072424067,686,635,338,297,51,20,31
SL050,34072424068,462,455,238,217,7,3,4
SL050,34072424069,42,40,23,17,2,1,1
SL050,34072424070,4551,4308,2113,2195,243,117,126
SL050,34072424071,1108,1069,522,547,39,17,22
SL050,34072424073,500,478,244,234,22,14,8
SL050,34072424074,95,85,45,40,10,4,6
SL050,34072424076,1475,1402,772,630,73,35,38
SL050,34072424077,244,233,117,116,11,2,9
SL050,34072424078,406,361,177,184,45,29,16
SL050,34072424079,944,908,495,413,36,19,17
SL050,34072424080,223,209,104,105,14,4,10
SL050,34072424081,128,125,65,60,3,1,2
SL050,34072424082,987,931,475,456,56,22,34
SL050,34072424083,1142,1025,528,497,117,65,52
SL050,34072424084,174,162,81,81,12,5,7
SL050,34072424086,298,283,153,130,15,6,9
SL050,34072424087,666,648,348,300,18,8,10
SL050,34072424088,1066,1054,546,508,12,3,9
SL050,34072424089,124772,114557,51912,62645,10215,4624,5591
SL050,34072424090,383,369,192,177,14,9,5
SL050,34072424091,645,629,334,295,16,7,9
SL050,34072424092,831,804,420,384,27,12,15
SL050,34072424093,362,351,182,169,11,5,6
SL050,34072424094,1743,1511,770,741,232,105,127
SL050,34072424095,333,329,178,151,4,1,3
SL050,34072424096,118,108,64,44,10,6,4
SL050,34072424097,232,216,120,96,16,3,13
SL050,34072424098,1306,1252,655,597,54,32,22
SL050,34072424099,175,168,89,79,7,3,4
SL050,34072424100,872,809,454,355,63,26,37
SL050,34072424101,395,388,192,196,7,4,3
SL050,34072424102,680,662,338,324,18,6,12
SL050,34072424103,278,269,156,113,9,8,1
SL050,34072424104,271,259,140,119,12,7,5
SL050,34072424105,1835,1729,889,840,106,56,50
SL050,34072424106,240,227,132,95,13,6,7
SL050,34072424107,279,239,148,91,40,21,19
SL050,34072424108,382,364,177,187,18,8,10
SL050,34072424109,989,970,516,454,19,10,9
SL050,34072424110,1293,1242,637,605,51,25,26
SL050,34072424112,317,311,182,129,6,3,3
SL050,34072424113,382,372,194,178,10,3,7
SL050,34072424114,3325,3163,1584,1579,162,105,57
SL050,34072424115,65239,59146,28313,30833,6093,2708,3385
SL050,34072424116,433,413,243,170,20,10,10
SL050,34072424117,439,438,221,217,1,0,1
SL050,34072424118,122,118,67,51,4,1,3
SL050,34072424119,793,751,381,370,42,23,19
SL050,34072424120,355,349,204,145,6,1,5
SL050,34072424121,671,652,371,281,19,8,11
SL050,34072424122,1511,1384,730,654,127,59,68
SL050,34072424123,748,733,410,323,15,5,10
SL050,34072424124,381,380,207,173,1,1,0
SL050,34072424125,354,353,177,176,1,1,0
SL050,34072424127,293,291,158,133,2,1,1
SL050,34072424129,123,123,67,56,0,0,0
SL050,34072424130,474,458,269,189,16,8,8
SL050,34072424131,772,746,395,351,26,15,11
SL050,34072424132,622,606,347,259,16,5,11
SL050,34072424133,379,372,207,165,7,2,5
SL050,34072424134,3884,3727,1848,1879,157,87,70
SL050,34072424136,550,543,274,269,7,4,3
SL050,34072424137,1161,1121,569,552,40,20,20
SL050,34072424139,2517,2285,1136,1149,232,101,131
SL050,34072424141,106,96,57,39,10,2,8
SL050,34072424142,30820,28808,13832,14976,2012,916,1096
SL050,34072424143,561,524,258,266,37,20,17
SL050,34072424144,716,698,357,341,18,8,10
SL050,34072424145,665,662,359,303,3,3,0
SL050,34072424146,261,254,132,122,7,2,5
SL050,34072424148,1875,1811,939,872,64,25,39
SL050,34072424149,168,153,80,73,15,8,7
SL050,34072424150,237,229,124,105,8,4,4
SL050,34072424151,490,472,252,220,18,9,9
SL050,34072424152,504,474,256,218,30,17,13
SL050,34072424153,273,244,128,116,29,14,15
SL050,34072424154,1092,1032,538,494,60,30,30
SL050,34072424155,492,480,249,231,12,8,4
SL050,34072424156,233,229,128,101,4,1,3
SL050,34072424157,3096,2910,1438,1472,186,83,103
SL050,34072424158,326,319,167,152,7,3,4
SL050,34072424159,1939,1896,947,949,43,20,23
SL050,34072424160,757,708,381,327,49,20,29
SL050,34072424161,334,312,178,134,22,8,14
SL050,34072424162,2108,2004,1026,978,104,42,62
SL050,34072424163,5040,4765,2384,2381,275,127,148
SL050,34072424164,385,381,188,193,4,3,1
SL050,34072424165,324,316,158,158,8,4,4
SL050,34072424166,1557,1508,790,718,49,23,26
SL050,34072424167,801,777,400,377,24,14,10
SL050,34072424168,508,477,261,216,31,15,16
SL050,34072424169,3157,3048,1508,1540,109,61,48
SL050,34072424170,2162,1917,983,934,245,119,126
SL050,34072424171,353,340,193,147,13,6,7
SL050,34072424172,413,403,210,193,10,3,7
SL050,34072424173,1005,984,499,485,21,11,10
SL050,34072424174,503,484,256,228,19,11,8
SL050,34072424175,2177,2079,1073,1006,98,44,54
SL050,34072424176,335,332,176,156,3,0,3
SL050,34072424177,509,499,284,215,10,5,5
SL050,34072424178,73,70,32,38,3,1,2
SL050,34072424179,337,316,186,130,21,10,11
SL050,34072424180,1224,1169,633,536,55,19,36
SL050,34072424181,1661,1601,821,780,60,33,27
SL050,34072424182,436,421,212,209,15,2,13
SL050,34072424183,853,814,430,384,39,15,24
SL050,34072424184,196,188,107,81,8,2,6
SL050,34072424185,515,492,246,246,23,10,13
SL050,34072424187,1003,903,463,440,100,65,35
SL050,34072424188,5302,4514,2212,2302,788,381,407
SL050,34072424189,7294,6880,3590,3290,414,178,236
SL050,34072424190,159,158,80,78,1,1,0
SL050,34072424191,124,119,73,46,5,3,2
SL050,34072424193,393,383,204,179,10,5,5
SL050,34072424194,284,275,141,134,9,6,3
SL050,34072424196,2137,2069,1050,1019,68,30,38
SL050,34072424197,854,822,423,399,32,11,21
SL050,34072424198,604,572,303,269,32,11,21
SL050,34072424199,437,424,234,190,13,7,6
SL050,34072424201,1117,1092,635,457,25,15,10
SL050,34072424202,8919,8386,4112,4274,533,271,262
SL050,34072424203,93,93,55,38,0,0,0
SL050,34072424205,1094,1040,541,499,54,21,33
SL050,34072424206,1887,1736,839,897,151,89,62
SL050,34072424207,336,292,158,134,44,25,19
SL050,34072424209,2974,2727,1327,1400,247,103,144
SL050,34072424210,588,517,278,239,71,41,30
SL050,34072424211,308,295,163,132,13,7,6
SL050,34072424212,1155,1092,530,562,63,36,27
SL050,34072424213,152,148,84,64,4,3,1
SL050,34072424214,696,674,356,318,22,14,8
SL050,34072424215,162,158,80,78,4,2,2
SL050,34072424216,736,713,373,340,23,13,10
SL050,34072424217,158,147,83,64,11,7,4
SL050,34072424218,485,471,250,221,14,6,8
SL050,34072424219,563,542,296,246,21,11,10
SL050,34072424221,896,859,432,427,37,23,14
SL050,34072424222,18676,17679,8787,8892,997,436,561
SL050,34072424223,3001,2847,1387,1460,154,83,71
SL050,34072424224,615,596,314,282,19,9,10
SL050,34072424225,1135,1086,574,512,49,27,22
SL050,34072424226,196,192,109,83,4,2,2
SL050,34072424227,1877,1784,935,849,93,46,47
SL050,34072424228,673,659,350,309,14,8,6
SL050,34072424229,429,424,246,178,5,4,1
SL050,34072424230,439,429,239,190,10,3,7
SL050,34072424901,936,907,466,441,29,14,15
SL050,34072424902,371,356,179,177,15,6,9
SL050,34092525001,181,161,89,72,20,10,10
SL050,34092525002,611,530,294,236,81,30,51
SL050,34092525003,5393,4480,2223,2257,913,477,436
SL050,34092525004,796,672,351,321,124,70,54
SL050,34092525005,342,310,157,153,32,17,15
SL050,34092525006,375,367,195,172,8,4,4
SL050,34092525007,2335,1776,899,877,559,306,253
SL050,34092525008,1576,1323,694,629,253,168,85
SL050,34092525009,762,709,362,347,53,31,22
SL050,34092525010,232,229,116,113,3,2,1
SL050,34092525011,9422,6782,3440,3342,2640,1436,1204
SL050,34092525012,3419,2933,1499,1434,486,273,213
SL050,34092525013,2822,2491,1245,1246,331,235,96
SL050,34092525014,313,284,154,130,29,9,20
SL050,34092525015,399,380,207,173,19,9,10
SL050,34092525016,2937,2497,1252,1245,440,300,140
SL050,34092525017,290,265,144,121,25,9,16
SL050,34092525019,6789,5477,2754,2723,1312,800,512
SL050,34092525020,314,285,160,125,29,14,15
SL050,34092525021,3453,3010,1528,1482,443,296,147
SL050,34092525022,131,120,70,50,11,7,4
SL050,34092525023,6230,5733,2849,2884,497,280,217
SL050,34092525024,406,385,217,168,21,11,10
SL050,34092525025,1790,1574,838,736,216,90,126
SL050,34092525027,1328,1173,581,592,155,89,66
SL050,34092525029,2162,1881,949,932,281,152,129
SL050,34092525030,171,153,88,65,18,9,9
SL050,34092525031,63,56,36,20,7,4,3
SL050,34092525032,85,83,47,36,2,1,1
SL050,34092525033,1538,1347,694,653,191,110,81
SL050,34092525034,3447,2702,1384,1318,745,386,359
SL050,34092525035,427,415,217,198,12,6,6
SL050,34092525036,217,208,104,104,9,5,4
SL050,34092525037,455,417,247,170,38,14,24
SL050,34092525038,2545,1828,921,907,717,407,310
SL050,34092525039,330,297,158,139,33,17,16
SL050,34092525040,16841,13080,6353,6727,3761,2166,1595
SL050,34092525041,939,661,336,325,278,169,109
SL050,34092525042,231,219,115,104,12,6,6
SL050,34092525043,1022,915,502,413,107,44,63
SL050,34092525044,231,203,102,101,28,11,17
SL050,34092525045,64,56,30,26,8,4,4
SL050,34092525046,525,475,237,238,50,28,22
SL050,34092525047,1252,1154,573,581,98,61,37
SL050,34092525048,2289,1992,976,1016,297,153,144
SL050,34092525049,193,186,91,95,7,3,4
SL050,34092525050,5060,3945,1930,2015,1115,705,410
SL050,34092525051,1979,1782,925,857,197,96,101
SL050,34092525052,2266,1885,938,947,381,211,170
SL050,34092525053,1468,1324,673,651,144,95,49
SL050,34092525055,181,174,94,80,7,3,4
SL050,34092525056,257,241,125,116,16,14,2
SL050,34092525057,266,243,134,109,23,11,12
SL050,34092525058,6002,5223,2635,2588,779,419,360
SL050,34092525059,1110,905,447,458,205,97,108
SL050,34092525060,76,73,31,42,3,2,1
SL050,34092525061,97,85,47,38,12,5,7
SL050,34092525062,842,800,414,386,42,18,24
SL050,34092525063,84,75,41,34,9,7,2
SL050,34092525064,137,135,70,65,2,0,2
SL050,34092525067,931,796,417,379,135,85,50
SL050,34092525068,687,627,326,301,60,35,25
SL050,34092525069,538,496,266,230,42,24,18
SL050,34092525070,1000,939,460,479,61,36,25
SL050,34092525071,46,45,28,17,1,0,1
SL050,34092525072,9066,7193,3527,3666,1873,1067,806
SL050,34092525073,648,616,328,288,32,17,15
SL050,34092525074,206,199,107,92,7,2,5
SL050,34092525075,147,145,74,71,2,0,2
SL050,34092525076,161,151,83,68,10,5,5
SL050,34092525077,549,478,253,225,71,31,40
SL050,34092525078,1431,1243,631,612,188,146,42
SL050,34092525079,358,313,163,150,45,21,24
SL050,34092525081,357,331,165,166,26,16,10
SL050,34092525082,352,326,175,151,26,15,11
SL050,34092525085,160,159,84,75,1,1,0
SL050,34092525086,756,573,275,298,183,88,95
SL050,34092525087,69,66,34,32,3,2,1
SL050,34092525088,119,108,63,45,11,6,5
SL050,34092525089,122,112,65,47,10,4,6
SL050,34092525092,154,144,79,65,10,4,6
SL050,34092525093,792,724,354,370,68,34,34
SL050,34092525094,173,153,95,58,20,8,12
SL050,34092525096,1217,1085,534,551,132,72,60
SL050,34092525097,84,84,43,41,0,0,0
SL050,34092525098,274,259,128,131,15,5,10
SL050,34092525099,1864,1612,803,809,252,134,118
SL050,34092525100,209,205,117,88,4,3,1
SL050,34092525101,728,632,334,298,96,54,42
SL050,34092525102,956,771,391,380,185,128,57
SL050,34092525103,140,137,79,58,3,0,3
SL050,34092525104,147,145,74,71,2,2,0
SL050,34092525105,144,126,73,53,18,14,4
SL050,34092525109,270,238,128,110,32,18,14
SL050,34092525110,7034,3757,1920,1837,3277,1826,1451
SL050,34092525111,138,130,83,47,8,5,3
SL050,34092525112,337,304,150,154,33,24,9
SL050,34092525113,1557,1321,644,677,236,173,63
SL050,34092525114,104,100,56,44,4,1,3
SL050,34092525115,1028,917,487,430,111,59,52
SL050,34092525118,393,361,191,170,32,20,12
SL050,34092525119,3409,2730,1377,1353,679,408,271
SL050,34092525120,137856,109742,52812,56930,28114,15258,12856
SL050,34092525121,954,685,349,336,269,131,138
SL050,34092525122,2660,2305,1151,1154,355,189,166
SL050,34092525123,227,218,107,111,9,4,5
SL050,34092525124,179,176,94,82,3,1,2
SL050,34092525125,460,440,228,212,20,11,9
SL050,34092525126,352,319,158,161,33,13,20
SL050,34092525127,255,243,139,104,12,7,5
SL050,34092525128,142,133,82,51,9,4,5
SL050,34092525129,195,195,107,88,0,0,0
SL050,34092525130,225,216,109,107,9,6,3
SL050,34092525131,585,441,217,224,144,117,27
SL050,34092525132,232,185,94,91,47,28,19
SL050,34092525133,931,785,408,377,146,103,43
SL050,34092525134,801,677,359,318,124,91,33
SL050,34092525135,1347,1237,621,616,110,55,55
SL050,34092525136,109,104,50,54,5,4,1
SL050,34092525137,14740,10801,5311,5490,3939,2232,1707
SL050,34092525138,635,614,315,299,21,12,9
SL050,34092525139,554,507,278,229,47,29,18
SL050,34092525140,1074,892,487,405,182,91,91
SL050,34092525141,190,176,96,80,14,9,5
SL050,34092525142,469,410,202,208,59,34,25
SL050,34092525143,98,97,45,52,1,1,0
SL050,34092525145,93,86,46,40,7,6,1
SL050,34092525146,291,278,136,142,13,11,2
SL050,34092525148,260,240,140,100,20,13,7
SL050,34092525149,1787,1518,764,754,269,136,133
SL050,34092525150,202,192,101,91,10,7,3
SL050,34092525151,961,919,487,432,42,21,21
SL050,34092525152,172,163,84,79,9,6,3
SL050,34092525153,212,210,112,98,2,2,0
SL050,34092525154,134,131,73,58,3,0,3
SL050,34092525155,792,698,354,344,94,42,52
SL050,34092525156,1009,964,489,475,45,23,22
SL050,34092525157,205,196,98,98,9,6,3
SL050,34092525158,2163,1984,993,991,179,77,102
SL050,34092525161,428,397,208,189,31,12,19
SL050,34092525163,265,254,155,99,11,5,6
SL050,34092525164,462,425,244,181,37,22,15
SL050,34092525165,353,310,157,153,43,18,25
SL050,34092525166,203,191,112,79,12,7,5
SL050,34092525167,298,281,149,132,17,6,11
SL050,34092525168,626,571,293,278,55,32,23
SL050,34092525169,191,184,102,82,7,5,2
SL050,34092525170,301,290,156,134,11,4,7
SL050,34092525171,2939,2444,1194,1250,495,254,241
SL050,34092525172,2604,2094,1039,1055,510,260,250
SL050,34092525173,2216,1902,957,945,314,150,164
SL050,34092525174,703,460,251,209,243,148,95
SL050,34092525175,231,210,114,96,21,7,14
SL050,34092525176,385,362,188,174,23,10,13
SL050,34092525177,428,407,210,197,21,7,14
SL050,34092525179,224,197,99,98,27,10,17
SL050,34092525180,272,262,130,132,10,6,4
SL050,34092525181,231,191,105,86,40,26,14
SL050,34092525182,1363,1255,643,612,108,57,51
SL050,34092525183,663,601,307,294,62,31,31
SL050,34092525185,923,753,390,363,170,88,82
SL050,34092525186,261,242,122,120,19,8,11
SL050,34092525189,3130,2698,1335,1363,432,236,196
SL050,34092525190,324,283,156,127,41,18,23
SL050,34092525191,393,369,193,176,24,13,11
SL050,34092525192,1040,861,448,413,179,98,81
SL050,34092525193,934,847,414,433,87,43,44
SL050,34092525194,495,467,245,222,28,17,11
SL050,34092525196,129,115,69,46,14,9,5
SL050,34092525197,177,154,85,69,23,16,7
SL050,34092525200,361,354,194,160,7,4,3
SL050,34092525201,120,113,63,50,7,6,1
SL050,34092525202,139,117,65,52,22,15,7
SL050,34092525203,12041,9449,4594,4855,2592,1240,1352
SL050,34092525204,1889,1431,731,700,458,281,177
SL050,34092525205,733,689,368,321,44,17,27
SL050,34092525206,328,295,150,145,33,25,8
SL050,34092525207,9014,7517,3678,3839,1497,787,710
SL050,34092525208,399,387,209,178,12,6,6
SL050,34092525209,2164,1809,913,896,355,163,192
SL050,34092525210,1764,1359,686,673,405,240,165
SL050,34092525211,851,783,423,360,68,47,21
SL050,34092525212,355,256,128,128,99,80,19
SL050,34092525215,651,595,418,177,56,38,18
SL050,34092525216,247,241,138,103,6,4,2
SL050,34092525217,16795,13169,6438,6731,3626,1885,1741
SL050,34092525218,99,97,51,46,2,2,0
SL050,34092525219,183,166,88,78,17,12,5
SL050,34092525220,1383,1178,584,594,205,121,84
SL050,34092525221,134,130,65,65,4,1,3
SL050,34092525222,74,71,36,35,3,2,1
SL050,34092525223,1244,1068,537,531,176,87,89
SL050,34092525224,151,142,79,63,9,4,5
SL050,34092525225,879,663,351,312,216,122,94
SL050,34092525226,289,279,150,129,10,3,7
SL050,34092525227,747,702,358,344,45,21,24
SL050,34092525228,4630,4082,2084,1998,548,269,279
SL050,34092525230,2190,1847,924,923,343,200,143
SL050,34092525231,742,584,299,285,158,127,31
SL050,34092525232,2307,1603,811,792,704,384,320
SL050,34092525233,386,325,157,168,61,45,16
SL050,34092525234,5824,4787,2319,2468,1037,528,509
SL050,34092525238,234,219,116,103,15,7,8
SL050,34092525239,803,642,336,306,161,82,79
SL050,34092525240,1884,1700,849,851,184,93,91
SL050,34092525242,905,792,387,405,113,47,66
SL050,34092525243,5493,4142,2147,1995,1351,640,711
SL050,34092525244,510,438,225,213,72,36,36
SL050,34092525245,536,476,259,217,60,22,38
SL050,34092525247,159,144,84,60,15,6,9
SL050,34092525248,1170,1067,511,556,103,71,32
SL050,34092525249,202,198,99,99,4,2,2
SL050,34092525250,395,369,212,157,26,13,13
SL050,34092525251,945,832,427,405,113,67,46
SL050,34092525252,717,665,337,328,52,21,31
SL050,34092525253,168,158,83,75,10,2,8
SL050,34092525254,1039,841,426,415,198,105,93
SL050,34092525255,482,455,237,218,27,15,12
SL050,34092525901,372,315,162,153,57,33,24
SL050,34092525902,648,616,322,294,32,15,17
SL050,34092525903,298,260,143,117,38,17,21
SL050,34092525904,165,160,87,73,5,4,1
SL050,34092525905,422,409,209,200,13,6,7
SL050,34092525906,272,224,129,95,48,22,26
SL050,34092525907,590,554,298,256,36,18,18
SL050,34092525908,253,239,133,106,14,8,6
SL050,34092525909,168,152,79,73,16,8,8
SL050,34092525910,118,104,57,47,14,9,5
SL050,34092525911,507,469,254,215,38,15,23
SL050,34092525912,1108,997,521,476,111,66,45
SL050,34092525913,94,93,54,39,1,1,0
SL050,34172626001,255,227,137,90,28,13,15
SL050,34172626002,1105,921,501,420,184,98,86
SL050,34172626003,470,416,208,208,54,25,29
SL050,34172626004,62,61,44,17,1,0,1
SL050,34172626005,3462,2873,1456,1417,589,306,283
SL050,34172626006,2433,2176,1112,1064,257,117,140
SL050,34172626007,644,557,285,272,87,53,34
SL050,34172626008,2732,2222,1130,1092,510,297,213
SL050,34172626009,502,454,246,208,48,23,25
SL050,34172626010,102,96,58,38,6,3,3
SL050,34172626011,9460,8355,4195,4160,1105,568,537
SL050,34172626012,28,27,15,12,1,1,0
SL050,34172626013,434,385,216,169,49,21,28
SL050,34172626014,509,496,279,217,13,8,5
SL050,34172626015,226,202,104,98,24,13,11
SL050,34172626016,30,30,20,10,0,0,0
SL050,34172626017,426,398,199,199,28,11,17
SL050,34172626018,14815,12375,6143,6232,2440,1230,1210
SL050,34172626019,488,394,212,182,94,49,45
SL050,34172626020,754,534,282,252,220,117,103
SL050,34172626021,4469,3279,1625,1654,1190,593,597
SL050,34172626022,200,191,103,88,9,3,6
SL050,34172626023,502,463,234,229,39,22,17
SL050,34172626024,234,222,116,106,12,8,4
SL050,34172626025,86,84,53,31,2,0,2
SL050,34172626026,1590,1491,742,749,99,50,49
SL050,34172626027,159,152,97,55,7,4,3
SL050,34172626028,142,137,74,63,5,4,1
SL050,34172626029,39,38,20,18,1,1,0
SL050,34172626030,19,18,8,10,1,1,0
SL050,34172626031,104,102,52,50,2,1,1
SL050,34172626032,51,49,30,19,2,0,2
SL050,34172626033,201,199,88,111,2,1,1
SL050,34172626034,766,714,381,333,52,28,24
SL050,34172626035,20,20,14,6,0,0,0
SL050,34172626036,23923,19632,9651,9981,4291,2090,2201
SL050,34172626037,151,136,75,61,15,7,8
SL050,34172626038,85,83,56,27,2,1,1
SL050,34172626039,40,39,19,20,1,1,0
SL050,34172626040,97,71,36,35,26,15,11
SL050,34172626041,147,127,65,62,20,15,5
SL050,34172626042,1145,905,462,443,240,121,119
SL050,34172626043,424,391,190,201,33,14,19
SL050,34172626044,50,44,26,18,6,4,2
SL050,34172626045,12,12,5,7,0,0,0
SL050,34172626046,2036,1796,906,890,240,137,103
SL050,34172626047,2298,2093,1101,992,205,92,113
SL050,34172626048,24,24,12,12,0,0,0
SL050,34172626049,197,179,96,83,18,10,8
SL050,34172626050,142,128,85,43,14,7,7
SL050,34172626051,273,251,151,100,22,11,11
SL050,34172626052,157,152,76,76,5,2,3
SL050,34172626053,252,228,120,108,24,12,12
SL050,34172626054,319,313,183,130,6,2,4
SL050,34172626055,39,38,23,15,1,0,1
SL050,34172626056,488,440,241,199,48,25,23
SL050,34172626057,47,47,32,15,0,0,0
SL050,34172626058,167,152,96,56,15,7,8
SL050,34172626059,1519,1317,685,632,202,115,87
SL050,34172626060,93,75,49,26,18,13,5
SL050,34172626061,2027,1737,908,829,290,137,153
SL050,34172626062,96,96,55,41,0,0,0
SL050,34172626063,134,121,78,43,13,7,6
SL050,34172626064,3108,2792,1402,1390,316,167,149
SL050,34172626065,50,45,31,14,5,1,4
SL050,34172626066,332,286,143,143,46,25,21
SL050,34172626067,18,18,12,6,0,0,0
SL050,34172626068,116,97,53,44,19,10,9
SL050,34172626069,255,243,141,102,12,5,7
SL050,34172626070,179,171,88,83,8,4,4
SL050,34172626071,11309,10086,4959,5127,1223,584,639
SL050,34172626072,330,310,162,148,20,10,10
SL050,34172626073,110,99,56,43,11,4,7
SL050,34172626074,120,119,61,58,1,1,0
SL050,34172626075,440,391,213,178,49,23,26
SL050,34172626076,130,125,62,63,5,4,1
SL050,34172626077,18,18,8,10,0,0,0
SL050,34172626078,92,84,48,36,8,5,3
SL050,34172626079,818,725,396,329,93,47,46
SL050,34172626080,608,499,271,228,109,73,36
SL050,34172626081,18,15,8,7,3,2,1
SL050,34172626082,116,115,71,44,1,0,1
SL050,34172626083,293,279,153,126,14,8,6
SL050,34172626084,10193,8681,4459,4222,1512,665,847
SL050,34172626086,15,15,12,3,0,0,0
SL050,34172626087,238,202,106,96,36,17,19
SL050,34172626088,33,33,18,15,0,0,0
SL050,34172626089,151113,130216,62073,68143,20897,9787,11110
SL050,34172626091,168,164,108,56,4,3,1
SL050,34172626092,117,112,68,44,5,4,1
SL050,34172626093,55,52,40,12,3,1,2
SL050,34172626094,72,71,42,29,1,0,1
SL050,34172626095,93,89,48,41,4,1,3
SL050,34172626096,321,300,164,136,21,10,11
SL050,34172626098,108,94,53,41,14,8,6
SL050,34172626099,1654,1447,748,699,207,99,108
SL050,34172626100,59,52,32,20,7,2,5
SL050,34172626101,39,36,22,14,3,1,2
SL050,34172626102,8047,7238,3551,3687,809,397,412
SL050,34172626103,988,889,483,406,99,45,54
SL050,34172626104,15,12,9,3,3,1,2
SL050,34172626105,2952,2710,1380,1330,242,120,122
SL050,34172626106,86,85,47,38,1,1,0
SL050,34172626107,92,92,61,31,0,0,0
SL050,34172626108,282,268,167,101,14,6,8
SL050,34172626109,82,75,47,28,7,2,5
SL050,34172626110,175,149,90,59,26,15,11
SL050,34172626111,286,273,147,126,13,4,9
SL050,34172626112,246,238,140,98,8,5,3
SL050,34172626113,31,31,24,7,0,0,0
SL050,34172626114,76,76,53,23,0,0,0
SL050,34172626115,15,15,9,6,0,0,0
SL050,34172626117,3822,2636,1335,1301,1186,619,567
SL050,34172626118,71,66,34,32,5,2,3
SL050,34172626119,217,201,111,90,16,10,6
SL050,34172626120,2032,1655,870,785,377,195,182
SL050,34172626121,32,31,22,9,1,1,0
SL050,34172626122,130,119,61,58,11,6,5
SL050,34172626123,138,132,73,59,6,4,2
SL050,34172626124,961,893,475,418,68,28,40
SL050,34172626125,3722,3134,1577,1557,588,315,273
SL050,34172626126,29,29,19,10,0,0,0
SL050,34172626127,229,201,112,89,28,10,18
SL050,34172626128,130,114,56,58,16,9,7
SL050,34172626129,1124,1063,569,494,61,29,32
SL050,34172626130,222,207,137,70,15,12,3
SL050,34172626131,35,35,24,11,0,0,0
SL050,34172626132,142,120,71,49,22,14,8
SL050,34172626134,88,82,52,30,6,3,3
SL050,34172626135,154,145,93,52,9,6,3
SL050,34172626136,107,100,55,45,7,3,4
SL050,34172626138,6231,5290,2639,2651,941,484,457
SL050,34172626139,64,61,32,29,3,0,3
SL050,34172626140,288,276,147,129,12,6,6
SL050,34172626141,109,104,66,38,5,2,3
SL050,34172626142,1015,889,458,431,126,71,55
SL050,34172626143,296,241,145,96,55,22,33
SL050,34172626144,232,202,116,86,30,19,11
SL050,34172626145,297,260,148,112,37,19,18
SL050,34172626146,87,87,50,37,0,0,0
SL050,34172626147,30,29,15,14,1,1,0
SL050,34172626148,186,173,87,86,13,6,7
SL050,34172626149,47,47,28,19,0,0,0
SL050,34172626150,139,119,71,48,20,10,10
SL050,34172626151,464,443,246,197,21,7,14
SL050,34172626152,30,30,19,11,0,0,0
SL050,34172626153,10,10,8,2,0,0,0
SL050,34172626154,10,10,6,4,0,0,0
SL050,34172626155,168,159,86,73,9,5,4
SL050,34172626157,358,325,162,163,33,15,18
SL050,34172626158,359,283,151,132,76,44,32
SL050,34172626160,988,906,459,447,82,45,37
SL050,34172626161,8,8,5,3,0,0,0
SL050,34172626162,133,124,77,47,9,4,5
SL050,34172626163,169,163,86,77,6,1,5
SL050,34172626164,59,52,32,20,7,1,6
SL050,34172626165,390,368,209,159,22,11,11
SL050,34172626166,154,150,95,55,4,0,4
SL050,34172626167,67,59,39,20,8,5,3
SL050,34172626168,7973,6947,3546,3401,1026,473,553
SL050,34172626169,72,72,40,32,0,0,0
SL050,34172626170,597,506,261,245,91,48,43
SL050,34172626171,163,159,97,62,4,1,3
SL050,34172626172,27,26,21,5,1,0,1
SL050,34172626173,5,5,3,2,0,0,0
SL050,34172626174,140,139,82,57,1,1,0
SL050,34172626175,48,46,29,17,2,2,0
SL050,34172626176,57,52,32,20,5,0,5
SL050,34172626177,325,312,193,119,13,6,7
SL050,34172626178,78,75,44,31,3,1,2
SL050,34172626179,42,42,29,13,0,0,0
SL050,34172626180,258,238,132,106,20,9,11
SL050,34172626181,14,14,10,4,0,0,0
SL050,34172626183,91,82,43,39,9,2,7
SL050,34122727001,2428,2395,1175,1220,33,20,13
SL050,34122727002,1757,1716,827,889,41,20,21
SL050,34122727003,2008,1908,933,975,100,52,48
SL050,34122727004,1268,1246,656,590,22,16,6
SL050,34122727005,2941,2763,1313,1450,178,95,83
SL050,34122727006,2827,2667,1329,1338,160,93,67
SL050,34122727007,3037,2946,1486,1460,91,41,50
SL050,34122727008,1503,1420,725,695,83,52,31
SL050,34122727009,2235,2133,1082,1051,102,44,58
SL050,34122727010,5011,4825,2372,2453,186,96,90
SL050,34122727011,2675,2593,1338,1255,82,44,38
SL050,34122727012,1377,1362,780,582,15,8,7
SL050,34122727013,4227,4050,1992,2058,177,84,93
SL050,34122727014,3487,3416,1732,1684,71,36,35
SL050,34122727015,4596,4481,2164,2317,115,62,53
SL050,34122727016,8324,7603,3688,3915,721,336,385
SL050,34122727017,1018,992,518,474,26,11,15
SL050,34122727018,3589,3493,1832,1661,96,35,61
SL050,34122727019,10002,9212,4509,4703,790,356,434
SL050,34122727020,3772,3660,1840,1820,112,63,49
SL050,34122727021,1841,1797,871,926,44,21,23
SL050,34122727022,5505,5240,2611,2629,265,128,137
SL050,34122727023,2718,2674,1365,1309,44,28,16
SL050,34122727024,1609,1539,775,764,70,31,39
SL050,34122727025,3314,3086,1499,1587,228,148,80
SL050,34122727026,2637,2529,1292,1237,108,46,62
SL050,34122727027,2181,2046,982,1064,135,77,58
SL050,34122727028,98025,89309,41638,47671,8716,3818,4898
SL050,34122727029,1711,1589,790,799,122,62,60
SL050,34122727030,3639,3531,1658,1873,108,54,54
SL050,34122727031,18599,16475,7820,8655,2124,1007,1117
SL050,34122727032,3667,3488,1752,1736,179,75,104
SL050,34122727033,636,626,309,317,10,5,5
SL050,34122727034,1103,1074,606,468,29,16,13
SL050,34122727035,218,201,103,98,17,9,8
SL050,34122727037,1114,1088,580,508,26,11,15
SL050,34122727038,1018,972,489,483,46,28,18
SL050,34122727039,5093,4926,2546,2380,167,78,89
SL050,34122727040,3414,3303,1680,1623,111,51,60
SL050,34122727041,2539,2335,1133,1202,204,99,105
SL050,34122727042,1820,1753,885,868,67,31,36
SL050,34122727043,1388,1345,670,675,43,23,20
SL050,34122727044,3056,2987,1506,1481,69,37,32
SL050,34122727045,1032,1016,556,460,16,7,9
SL050,34122727046,1616,1564,778,786,52,22,30
SL050,34122727047,1685,1591,789,802,94,53,41
SL050,34122727048,2283,2191,1050,1141,92,54,38
SL050,34122727049,1487,1416,727,689,71,40,31
SL050,34122727050,3257,3035,1462,1573,222,97,125
SL050,34122727051,9900,9078,4360,4718,822,373,449
SL050,34122727052,970,912,457,455,58,26,32
SL050,34122727053,543,531,272,259,12,6,6
SL050,34122727054,1255,1215,592,623,40,24,16
SL050,34122727055,1293,1256,675,581,37,16,21
SL050,34122727056,1501,1378,685,693,123,70,53
SL050,34122727057,13345,12099,5942,6157,1246,582,664
SL050,34122727058,3743,3461,1742,1719,282,147,135
SL050,34122727059,2301,2134,1054,1080,167,79,88
SL050,34122727060,2830,2634,1240,1394,196,101,95
SL050,34122727061,1121,1094,532,562,27,14,13
SL050,34122727062,643,622,309,313,21,8,13
SL050,34122727063,2004,1899,916,983,105,47,58
SL050,34122727064,1723,1649,807,842,74,37,37
SL050,34122727065,14226,13587,6579,7008,639,315,324
SL050,34122727066,15510,13877,6733,7144,1633,873,760
SL050,34122727901,2566,2458,1288,1170,108,60,48
SL050,34122727902,9566,8040,3928,4112,1526,825,701
SL050,34132828001,65,63,33,30,2,2,0
SL050,34132828002,4559,3792,1996,1796,767,378,389
SL050,34132828003,195,188,113,75,7,4,3
SL050,34132828004,9353,7837,3883,3954,1516,734,782
SL050,34132828005,193751,159191,77847,81344,34560,16512,18048
SL050,34132828006,116037,91611,44868,46743,24426,10745,13681
SL050,34132828007,169502,146408,70949,75459,23094,10801,12293
SL050,34132828008,2698,2204,1149,1055,494,259,235
SL050,34132828009,20473,17200,8566,8634,3273,1525,1748
SL050,34132828010,14364,12759,6309,6450,1605,728,877
SL050,34132828011,601,483,247,236,118,54,64
SL050,34132828012,1272,1134,604,530,138,57,81
SL050,34132828013,59037,49947,24444,25503,9090,4331,4759
SL050,34132828014,54554,42442,21299,21143,12112,6078,6034
SL050,34132828015,30052,26920,13698,13222,3132,1399,1733
SL050,34132828016,93,88,50,38,5,3,2
SL050,34132828017,1638,1482,758,724,156,82,74
SL050,34132828018,5564,4784,2429,2355,780,358,422
SL050,34132828019,1627,1486,785,701,141,76,65
SL050,34132828020,198,177,104,73,21,11,10
SL050,34132828021,741,659,341,318,82,38,44
SL050,34132828022,52626,46454,23099,23355,6172,2604,3568
SL050,34132828023,7399,6430,3265,3165,969,459,510
SL050,34132828024,205,183,106,77,22,16,6
SL050,34132828025,525,465,265,200,60,37,23
SL050,34132828026,10596,8230,4119,4111,2366,1090,1276
SL050,34132828027,1875,1443,710,733,432,200,232
SL050,34132828028,2486,2138,1073,1065,348,167,181
SL050,34132828029,712,640,335,305,72,30,42
SL050,34132828030,2613,2086,1021,1065,527,260,267
SL050,34132828031,3049,2562,1335,1227,487,260,227
SL050,34132828032,7226,6315,3218,3097,911,440,471
SL050,34132828033,6075,4994,2531,2463,1081,527,554
SL050,34132828034,423,386,213,173,37,14,23
SL050,34132828035,1905,1611,813,798,294,134,160
SL050,34132828036,3707,3374,1716,1658,333,161,172
SL050,34132828037,1980,1774,871,903,206,106,100
SL050,34132828038,6948,6005,2942,3063,943,461,482
SL050,34132828039,149,137,81,56,12,8,4
SL050,34132828040,24087,19462,9887,9575,4625,2238,2387
SL050,34132828041,7280,6144,3086,3058,1136,508,628
SL050,34132828042,1685,1368,714,654,317,167,150
SL050,34132828043,7902,7158,3631,3527,744,371,373
SL050,34132828044,9124,7589,3745,3844,1535,719,816
SL050,34132828045,49498,40826,20343,20483,8672,4113,4559
SL050,34132828046,6781,5630,2818,2812,1151,540,611
SL050,34132828047,63074,48252,23778,24474,14822,6945,7877
SL050,34132828048,697,631,335,296,66,29,37
SL050,34132828049,81860,67735,33324,34411,14125,6782,7343
SL050,34132828050,6310,5714,2854,2860,596,274,322
SL050,34132828051,2240,1944,988,956,296,149,147
SL050,34132828052,5239,4522,2285,2237,717,356,361
SL050,34132828053,10061,8952,4510,4442,1109,499,610
SL050,34132828054,15842,13476,6744,6732,2366,1077,1289
SL050,34132828055,1236,1033,532,501,203,104,99
SL050,34132828056,1554,1078,543,535,476,242,234
SL050,34132828057,2181,1938,1020,918,243,117,126
SL050,34132828058,193586,167214,82671,84543,26372,12762,13610
SL050,34132828059,6541,5312,2727,2585,1229,592,637
SL050,34132828060,1985,1752,899,853,233,104,129
SL050,34132828061,33379,25847,13014,12833,7532,3359,4173
SL050,34132828062,348,319,175,144,29,16,13
SL050,34132828063,318,277,152,125,41,22,19
SL050,34132828064,188,167,101,66,21,8,13
SL050,34132828065,180747,153177,75382,77795,27570,13082,14488
SL050,34132828066,10178,9150,4555,4595,1028,493,535
SL050,34132828067,6119,5169,2640,2529,950,449,501
SL050,34132828068,15785,13551,6732,6819,2234,1047,1187
SL050,34132828069,48,48,32,16,0,0,0
SL050,34132828070,148,131,73,58,17,9,8
SL050,34132828071,89,76,38,38,13,8,5
SL050,34132828072,8222,6892,3516,3376,1330,609,721
SL050,34132828073,19587,16500,8255,8245,3087,1583,1504
SL050,34132828074,188425,162236,79103,83133,26189,12360,13829
SL050,34132828075,8673,7549,3834,3715,1124,525,599
SL050,34132828076,559,458,250,208,101,44,57
SL050,34132828078,47,41,26,15,6,5,1
SL050,34132828079,3223334,2543982,1198727,1345255,679352,301463,377889
SL050,34132828080,71785,58714,28657,30057,13071,5363,7708
SL050,34132828082,8597,7292,3732,3560,1305,626,679
SL050,34132828083,13959,11881,6075,5806,2078,977,1101
SL050,34132828084,23241,19802,9883,9919,3439,1668,1771
SL050,34132828085,5897,4801,2492,2309,1096,549,547
SL050,34132828086,8666,6406,3300,3106,2260,1084,1176
SL050,34132828087,4328,3731,1867,1864,597,278,319
SL050,34132828088,363,326,167,159,37,19,18
SL050,34132828089,5021,4597,2282,2315,424,219,205
SL050,34132828090,12697,11159,5616,5543,1538,726,812
SL050,34132828091,7553,6490,3287,3203,1063,481,582
SL050,34132828092,207095,175164,85797,89367,31931,15133,16798
SL050,34132828093,2911,2495,1259,1236,416,186,230
SL050,34132828094,1397,1108,588,520,289,129,160
SL050,34132828095,2601,1963,1023,940,638,319,319
SL050,34132828096,28305,24266,12194,12072,4039,1954,2085
SL050,34132828097,122,119,76,43,3,1,2
SL050,34132828099,2819,2238,1206,1032,581,294,287
SL050,34132828100,6154,5096,2618,2478,1058,506,552
SL050,34132828101,346,288,150,138,58,33,25
SL050,34132828102,1202,1046,537,509,156,75,81
SL050,34132828104,24521,20078,10355,9723,4443,2041,2402
SL050,34132828106,128256,96105,47778,48327,32151,16060,16091
SL050,34132828107,523,487,239,248,36,12,24
SL050,34132828108,5746,4504,2347,2157,1242,533,709
SL050,34132828109,2475,1836,932,904,639,328,311
SL050,34132828110,2831,2395,1209,1186,436,222,214
SL050,34132828111,821,737,387,350,84,39,45
SL050,34132828112,187,175,105,70,12,6,6
SL050,34132828113,51541,44422,22193,22229,7119,3331,3788
SL050,34132828114,171,157,83,74,14,8,6
SL050,34132828115,86172,74479,36454,38025,11693,4836,6857
SL050,34132828116,1120,948,514,434,172,78,94
SL050,34132828117,117,114,66,48,3,2,1
SL050,34132828118,60,58,35,23,2,1,1
SL050,34132828119,3357,2806,1425,1381,551,270,281
SL050,34132828120,1663,1301,726,575,362,187,175
SL050,34132828121,247,226,122,104,21,9,12
SL050,34132828122,706,623,324,299,83,34,49
SL050,34132828123,85893,75253,37775,37478,10640,4841,5799
SL050,34132828124,87,74,39,35,13,7,6
SL050,34132828125,4159,3602,1907,1695,557,257,300
SL050,34132828126,48,43,27,16,5,2,3
SL050,34132828127,95550,81588,40335,41253,13962,5911,8051
SL050,34132828128,527,489,279,210,38,21,17
SL050,34132828129,13273,10614,5286,5328,2659,1220,1439
SL050,34132828130,39466,33749,16568,17181,5717,2639,3078
SL050,34132828131,18088,15285,7378,7907,2803,1282,1521
SL050,34132828132,18784,14870,7593,7277,3914,1976,1938
SL050,34132828133,8318,7138,3575,3563,1180,558,622
SL050,34132828134,87724,73683,36578,37105,14041,6276,7765
SL050,34132828135,1182,1066,568,498,116,51,65
SL050,34132828136,850,781,399,382,69,28,41
SL050,34132828137,2542,2215,1138,1077,327,150,177
SL050,34132828138,74,62,35,27,12,5,7
SL050,34132828140,4066,3805,1898,1907,261,127,134
SL050,34132828141,9095,7751,3815,3936,1344,636,708
SL050,34132828143,80,76,44,32,4,2,2
SL050,34132828144,8694,7530,3736,3794,1164,532,632
SL050,34132828145,3725,3140,1567,1573,585,283,302
SL050,34132828146,2604,2131,1109,1022,473,224,249
SL050,34132828147,1304,1175,611,564,129,60,69
SL050,34132828148,129729,103789,51422,52367,25940,12488,13452
SL050,34132828149,8582,7651,3816,3835,931,430,501
SL050,34132828150,4298,4008,2017,1991,290,114,176
SL050,34132828151,4724,3870,1980,1890,854,409,445
SL050,34132828152,23361,20522,10036,10486,2839,1203,1636
SL050,34132828153,975,862,433,429,113,64,49
SL050,34132828154,7760,6886,3531,3355,874,425,449
SL050,34132828155,626,573,293,280,53,28,25
SL050,34132828156,1510,1310,686,624,200,97,103
SL050,34132828157,903,776,393,383,127,56,71
SL050,34132828158,927,802,428,374,125,68,57
SL050,34132828159,761,683,349,334,78,47,31
SL050,34132828160,12280,10197,5209,4988,2083,974,1109
SL050,34132828161,74745,63919,31940,31979,10826,5044,5782
SL050,34132828162,4039,3437,1786,1651,602,291,311
SL050,34132828163,574,508,276,232,66,34,32
SL050,34132828164,4384,3775,1965,1810,609,268,341
SL050,34132828165,2840,2233,1158,1075,607,311,296
SL050,34132828166,432,371,198,173,61,26,35
SL050,34132828167,12193,10730,5439,5291,1463,707,756
SL050,34132828168,1942,1541,815,726,401,198,203
SL050,34132828169,2081,1785,970,815,296,132,164
SL050,34132828170,3363,2966,1533,1433,397,179,218
SL050,34132828171,6409,5189,2649,2540,1220,584,636
SL050,34132828172,13421,12087,6165,5922,1334,620,714
SL050,34132828173,699,605,301,304,94,52,42
SL050,34132828174,2501,2141,1086,1055,360,188,172
SL050,34132828175,1420,1198,601,597,222,99,123
SL050,34132828176,21000,16208,8092,8116,4792,2146,2646
SL050,34132828177,17127,14151,7043,7108,2976,1288,1688
SL050,34132828178,1547,1391,718,673,156,71,85
SL050,34132828179,1967,1697,856,841,270,127,143
SL050,34132828180,7291,6515,3311,3204,776,363,413
SL050,34132828181,27596,24242,11886,12356,3354,1466,1888
SL050,34132828182,258,229,127,102,29,14,15
SL050,34132828183,1620,1312,682,630,308,165,143
SL050,34132828901,1266,997,510,487,269,146,123
SL050,34132828902,642,586,326,260,56,22,34
SL050,34132828903,46750,41055,20213,20842,5695,2481,3214
SL050,34012929001,5366,5100,2567,2533,266,149,117
SL050,34012929002,2239,1362,705,657,877,443,434
SL050,34012929003,1105,1067,544,523,38,31,7
SL050,34012929004,394,343,181,162,51,23,28
SL050,34012929005,6367,5366,2705,2661,1001,486,515
SL050,34012929006,778,739,392,347,39,19,20
SL050,34012929007,39911,35407,17721,17686,4504,2109,2395
SL050,34012929008,24123,19120,9598,9522,5003,2468,2535
SL050,34012929009,1802,1702,890,812,100,40,60
SL050,34012929010,1984,1875,954,921,109,59,50
SL050,34012929011,3770,3438,1789,1649,332,161,171
SL050,34012929012,12951,11684,5881,5803,1267,652,615
SL050,34012929013,2015,1818,931,887,197,98,99
SL050,34012929014,252,233,117,116,19,12,7
SL050,34012929015,41154,38870,19129,19741,2284,1032,1252
SL050,34012929016,391,291,150,141,100,50,50
SL050,34012929017,8288,7662,3891,3771,626,342,284
SL050,34012929018,2493,2369,1212,1157,124,60,64
SL050,34012929019,1177,1007,526,481,170,93,77
SL050,34012929020,4147,3894,1926,1968,253,125,128
SL050,34012929021,169,152,81,71,17,10,7
SL050,34012929022,225,199,97,102,26,13,13
SL050,34012929023,7989,2869,1509,1360,5120,2515,2605
SL050,34012929024,443,425,219,206,18,8,10
SL050,34012929025,67746,47085,23678,23407,20661,9707,10954
SL050,34012929026,1496,1172,610,562,324,162,162
SL050,34012929027,2999,2846,1446,1400,153,65,88
SL050,34012929028,1488,1398,728,670,90,47,43
SL050,34012929029,458,435,218,217,23,11,12
SL050,34012929030,933,895,468,427,38,22,16
SL050,34012929031,1823,1744,899,845,79,35,44
SL050,34012929032,8517,8014,4035,3979,503,284,219
SL050,34012929033,1620,1252,675,577,368,186,182
SL050,34012929034,732,534,271,263,198,92,106
SL050,34012929035,1691,1644,824,820,47,25,22
SL050,34012929036,748,711,371,340,37,20,17
SL050,34012929037,247,215,114,101,32,19,13
SL050,34012929038,25758,23736,12038,11698,2022,973,1049
SL050,34012929039,3507,3243,1693,1550,264,129,135
SL050,34012929040,2510,2263,1216,1047,247,120,127
SL050,34012929041,6121,4309,2249,2060,1812,902,910
SL050,34012929042,21716,17826,8972,8854,3890,1939,1951
SL050,34012929043,3392,2986,1503,1483,406,240,166
SL050,34012929044,1323,869,483,386,454,236,218
SL050,34012929045,3745,2061,1025,1036,1684,847,837
SL050,34012929046,3181,3001,1554,1447,180,82,98
SL050,34012929047,1392,1333,655,678,59,39,20
SL050,34012929048,1595,1456,723,733,139,68,71
SL050,34012929049,3671,3439,1722,1717,232,127,105
SL050,34012929050,614,458,243,215,156,74,82
SL050,34012929051,67012,49973,24839,25134,17039,8079,8960
SL050,34012929052,248,229,116,113,19,11,8
SL050,34012929053,3086,2051,1044,1007,1035,514,521
SL050,34012929054,75396,47469,23304,24165,27927,13386,14541
SL050,34012929055,2554,2181,1106,1075,373,200,173
SL050,34012929056,1573,1289,692,597,284,135,149
SL050,34012929057,393,353,181,172,40,18,22
SL050,34012929058,2182,1785,894,891,397,196,201
SL050,34012929059,3310,3204,1602,1602,106,45,61
SL050,34012929060,762,740,372,368,22,9,13
SL050,34012929061,1458,1210,614,596,248,115,133
SL050,34012929062,863,809,421,388,54,25,29
SL050,34012929063,376,335,172,163,41,18,23
SL050,34012929064,559,510,261,249,49,22,27
SL050,34012929065,225,197,116,81,28,14,14
SL050,34012929066,442,391,211,180,51,24,27
SL050,34012929067,571026,504931,242814,262117,66095,31559,34536
SL050,34012929068,14977,9442,4899,4543,5535,2752,2783
SL050,34012929069,141463,98464,48195,50269,42999,19878,23121
SL050,34012929070,80630,52197,26509,25688,28433,13758,14675
SL050,34012929071,1230,1151,600,551,79,42,37
SL050,34012929072,5020,3990,2004,1986,1030,522,508
SL050,34012929073,2523,2004,1041,963,519,255,264
SL050,34012929074,970,862,429,433,108,47,61
SL050,34012929075,21061,14874,7423,7451,6187,2974,3213
SL050,34012929076,3568,2720,1405,1315,848,415,433
SL050,34012929077,253,229,116,113,24,9,15
SL050,34012929079,3068,2790,1471,1319,278,143,135
SL050,34012929080,9118,8482,4274,4208,636,326,310
SL050,34012929081,294,265,143,122,29,10,19
SL050,34012929082,46093,41354,20529,20825,4739,2117,2622
SL050,34012929083,2701,2420,1282,1138,281,141,140
SL050,34012929084,33978,32046,15659,16387,1932,871,1061
SL050,34012929085,174,152,77,75,22,12,10
SL050,34012929086,1658,947,480,467,711,369,342
SL050,34012929087,606,392,230,162,214,114,100
SL050,34012929088,3356,3251,1645,1606,105,53,52
SL050,34012929089,3818,3697,1872,1825,121,55,66
SL050,34012929090,2083,1900,970,930,183,87,96
SL050,34012929091,16465,10996,5580,5416,5469,2794,2675
SL050,34012929092,715,681,359,322,34,17,17
SL050,34012929093,2568,2490,1261,1229,78,42,36
SL050,34012929094,80817,70966,35151,35815,9851,4749,5102
SL050,34012929095,4218,3927,2003,1924,291,167,124
SL050,34012929096,3373,3237,1589,1648,136,58,78
SL050,34012929097,5300,5014,2526,2488,286,137,149
SL050,34012929098,1490,1433,728,705,57,28,29
SL050,34012929099,2020,1135,602,533,885,449,436
SL050,34012929100,2880,2755,1401,1354,125,66,59
SL050,34012929901,68262,49709,25154,24555,18553,8925,9628
SL050,34012929902,3288,3127,1537,1590,161,72,89
SL050,34012929903,585,556,299,257,29,14,15
SL050,34012929904,477,451,233,218,26,8,18
SL050,34143030001,6063,5259,2642,2617,804,418,386
SL050,34143030002,13030,11512,5675,5837,1518,852,666
SL050,34143030003,35031,30117,14959,15158,4914,2531,2383
SL050,34143030004,1361,1323,674,649,38,15,23
SL050,34143030005,41622,37159,18334,18825,4463,2205,2258
SL050,34143030006,1022,913,455,458,109,53,56
SL050,34143030007,9525,7996,3999,3997,1529,897,632
SL050,34143030008,21657,17453,8748,8705,4204,2186,2018
SL050,34143030009,19053,15312,7637,7675,3741,2341,1400
SL050,34143030010,11274,8935,4517,4418,2339,1302,1037
SL050,34143030011,6564,5692,2826,2866,872,528,344
SL050,34143030012,11547,10768,5409,5359,779,395,384
SL050,34143030013,10165,8813,4454,4359,1352,704,648
SL050,34143030014,2045,1886,885,1001,159,88,71
SL050,34143030015,25730,23069,11488,11581,2661,1371,1290
SL050,34143030016,213943,187006,92094,94912,26937,14607,12330
SL050,34143030017,15022,13583,6813,6770,1439,737,702
SL050,34143030018,11565,10224,5113,5111,1341,711,630
SL050,34143030019,34889,31577,15637,15940,3312,1849,1463
SL050,34143030020,10060,8088,4187,3901,1972,1176,796
SL050,34143030021,16184,11305,5709,5596,4879,2750,2129
SL050,34143030022,25547,20600,10319,10281,4947,3015,1932
SL050,34143030023,5196,4670,2397,2273,526,257,269
SL050,34143030024,93079,72558,35920,36638,20521,11740,8781
SL050,34143030025,7002,6038,3013,3025,964,530,434
SL050,34143030026,31562,20202,10166,10036,11360,6142,5218
SL050,34143030027,70964,60623,30244,30379,10341,5148,5193
SL050,34143030028,7954,7539,3838,3701,415,213,202
SL050,34143030029,16790,14137,7050,7087,2653,1569,1084
SL050,34143030030,447182,391083,190676,200407,56099,27835,28264
SL050,34143030031,500,492,258,234,8,4,4
SL050,34143030032,3842,3427,1770,1657,415,219,196
SL050,34143030033,14981,12425,6134,6291,2556,1385,1171
SL050,34143030034,1301,1247,658,589,54,30,24
SL050,34143030035,31905,24462,12154,12308,7443,3879,3564
SL050,34143030036,25167,19551,9736,9815,5616,2997,2619
SL050,34143030037,35614,26161,13141,13020,9453,5401,4052
SL050,34143030038,21375,19347,9750,9597,2028,1118,910
SL050,34143030039,31639,24261,12271,11990,7378,4028,3350
SL050,34143030040,879,822,423,399,57,28,29
SL050,34143030041,19907,17767,8955,8812,2140,1130,1010
SL050,34143030042,2758,2508,1255,1253,250,132,118
SL050,34143030043,34234,30405,15236,15169,3829,1921,1908
SL050,34143030901,16105,13394,6670,6724,2711,1423,1288
SL050,34143030902,15674,10179,5076,5103,5495,2918,2577
SL050,34153131001,87,84,50,34,3,1,2
SL050,34153131002,550,508,253,255,42,16,26
SL050,34153131003,121,121,76,45,0,0,0
SL050,34153131004,33,32,19,13,1,1,0
SL050,34153131005,356,312,170,142,44,23,21
SL050,34153131006,2483,2170,1109,1061,313,151,162
SL050,34153131007,156,140,80,60,16,7,9
SL050,34153131008,72,71,40,31,1,0,1
SL050,34153131009,791,748,396,352,43,25,18
SL050,34153131010,7407,6625,3338,3287,782,402,380
SL050,34153131011,850,809,439,370,41,16,25
SL050,34153131012,983,851,431,420,132,59,73
SL050,34153131013,730,714,385,329,16,6,10
SL050,34153131014,340,296,168,128,44,24,20
SL050,34153131015,2715,2267,1129,1138,448,227,221
SL050,34153131016,10739,9526,4702,4824,1213,583,630
SL050,34153131017,485,456,248,208,29,10,19
SL050,34153131018,568,505,287,218,63,25,38
SL050,34153131019,2624,2273,1148,1125,351,182,169
SL050,34153131020,525,513,287,226,12,5,7
SL050,34153131021,70,67,38,29,3,2,1
SL050,34153131022,614,600,323,277,14,1,13
SL050,34153131023,10512,9551,4841,4710,961,455,506
SL050,34153131024,116,116,63,53,0,0,0
SL050,34153131025,949,891,465,426,58,28,30
SL050,34153131026,157,155,84,71,2,0,2
SL050,34153131027,1124,1026,527,499,98,46,52
SL050,34153131028,264,242,132,110,22,11,11
SL050,34153131029,1117,1001,495,506,116,56,60
SL050,34153131030,157,146,80,66,11,5,6
SL050,34153131031,275,272,143,129,3,0,3
SL050,34153131032,2315,1987,1009,978,328,178,150
SL050,34153131033,53,51,30,21,2,0,2
SL050,34153131034,36,34,18,16,2,1,1
SL050,34153131035,55,55,31,24,0,0,0
SL050,34153131036,1047,1003,537,466,44,18,26
SL050,34153131037,106,102,56,46,4,1,3
SL050,34153131038,1669,1576,805,771,93,42,51
SL050,34153131039,118,100,53,47,18,7,11
SL050,34153131040,212,205,116,89,7,3,4
SL050,34153131041,2331,2047,1087,960,284,127,157
SL050,34153131042,3853,3163,1585,1578,690,382,308
SL050,34153131043,32,31,13,18,1,0,1
SL050,34153131044,345,337,177,160,8,3,5
SL050,34153131045,639,596,321,275,43,25,18
SL050,34153131046,58,55,26,29,3,2,1
SL050,34153131047,262,254,123,131,8,3,5
SL050,34153131048,219,200,108,92,19,9,10
SL050,34153131049,839,815,468,347,24,10,14
SL050,34153131050,7749,7082,3624,3458,667,296,371
SL050,34153131051,275,253,136,117,22,10,12
SL050,34153131052,125,121,59,62,4,3,1
SL050,34153131053,610,534,275,259,76,38,38
SL050,34153131054,607,539,258,281,68,37,31
SL050,34153131055,352,327,179,148,25,8,17
SL050,34153131056,204,191,107,84,13,6,7
SL050,34153131057,2223,2005,975,1030,218,112,106
SL050,34153131058,242,227,114,113,15,6,9
SL050,34153131059,208,203,117,86,5,2,3
SL050,34153131060,18934,15735,7587,8148,3199,1565,1634
SL050,34153131061,57,55,24,31,2,2,0
SL050,34153131062,1364,1207,629,578,157,91,66
SL050,34153131063,97,94,54,40,3,1,2
SL050,34153131064,1993,1597,777,820,396,244,152
SL050,34153131065,2702,2135,1104,1031,567,319,248
SL050,34153131066,1039,908,463,445,131,60,71
SL050,34153131067,2455,2176,1102,1074,279,143,136
SL050,34153131068,3818,3286,1621,1665,532,268,264
SL050,34153131069,980,918,463,455,62,27,35
SL050,34153131070,4109,3240,1575,1665,869,466,403
SL050,34153131071,17,17,13,4,0,0,0
SL050,34153131072,7823,6177,3126,3051,1646,887,759
SL050,34153131073,361,338,179,159,23,7,16
SL050,34153131074,490,478,254,224,12,6,6
SL050,34153131075,141,117,59,58,24,7,17
SL050,34153131076,3850,3461,1750,1711,389,226,163
SL050,34153131077,7707,6168,3108,3060,1539,776,763
SL050,34153131078,3148,2845,1441,1404,303,147,156
SL050,34153131079,75,68,41,27,7,2,5
SL050,34153131080,599,556,290,266,43,18,25
SL050,34153131081,431,419,210,209,12,5,7
SL050,34153131082,805,749,403,346,56,25,31
SL050,34153131083,77,72,35,37,5,2,3
SL050,34153131084,2503,2350,1225,1125,153,78,75
SL050,34153131085,633,591,311,280,42,20,22
SL050,34153131086,20774,18224,9325,8899,2550,1132,1418
SL050,34153131087,219,203,104,99,16,7,9
SL050,34153131088,8224,7166,3644,3522,1058,499,559
SL050,34153131089,298,279,143,136,19,14,5
SL050,34153131090,152,150,91,59,2,2,0
SL050,34153131091,384,364,196,168,20,9,11
SL050,34153131092,789,756,428,328,33,13,20
SL050,34153131093,306,292,162,130,14,3,11
SL050,34153131094,119,119,58,61,0,0,0
SL050,34153131095,76,73,39,34,3,1,2
SL050,34153131096,103,102,57,45,1,0,1
SL050,34153131097,13673,11651,5591,6060,2022,964,1058
SL050,34153131098,2600,2415,1262,1153,185,86,99
SL050,34153131099,65,55,29,26,10,7,3
SL050,34153131100,284,277,157,120,7,3,4
SL050,34153131101,1804,1687,877,810,117,58,59
SL050,34153131102,150,147,98,49,3,0,3
SL050,34153131103,42,42,21,21,0,0,0
SL050,34153131104,2306,2012,1007,1005,294,160,134
SL050,34153131105,2017,1707,861,846,310,159,151
SL050,34153131106,983,871,445,426,112,50,62
SL050,34153131107,2485,1898,976,922,587,352,235
SL050,34153131108,2487,2153,1063,1090,334,165,169
SL050,34153131109,2213,2069,1103,966,144,61,83
SL050,34153131110,100,98,55,43,2,1,1
SL050,34153131111,95,93,63,30,2,0,2
SL050,34153131112,89,88,52,36,1,0,1
SL050,34153131113,146,141,86,55,5,3,2
SL050,34153131114,479,449,238,211,30,14,16
SL050,34153131115,189,179,94,85,10,5,5
SL050,34153131116,74,66,42,24,8,4,4
SL050,34153131117,705,678,370,308,27,7,20
SL050,34153131118,163,163,107,56,0,0,0
SL050,34153131119,40,40,23,17,0,0,0
SL050,34153131120,444,427,256,171,17,7,10
SL050,34153131121,78,75,39,36,3,2,1
SL050,34153131122,7014,6261,3173,3088,753,369,384
SL050,34153131123,805,733,382,351,72,44,28
SL050,34153131124,253,243,141,102,10,7,3
SL050,34153131125,325,314,166,148,11,5,6
SL050,34153131126,425,408,221,187,17,6,11
SL050,34153131127,176,174,94,80,2,1,1
SL050,34153131128,420,386,194,192,34,15,19
SL050,34153131129,504,476,240,236,28,18,10
SL050,34153131130,382,366,187,179,16,6,10
SL050,34153131131,1199,1101,608,493,98,41,57
SL050,34153131132,176,163,109,54,13,6,7
SL050,34153131133,44,44,27,17,0,0,0
SL050,34153131134,191,188,105,83,3,2,1
SL050,34153131135,106,98,27,71,8,3,5
SL050,34153131136,550,525,282,243,25,16,9
SL050,34153131137,227,221,129,92,6,3,3
SL050,34153131138,1272,1169,611,558,103,57,46
SL050,34153131139,172,170,97,73,2,1,1
SL050,34153131140,147,146,88,58,1,0,1
SL050,34153131141,119,111,66,45,8,1,7
SL050,34153131142,2060,1668,867,801,392,220,172
SL050,34153131143,103,101,51,50,2,0,2
SL050,34153131144,967,921,502,419,46,23,23
SL050,34153131145,187,182,95,87,5,0,5
SL050,34153131146,31,31,18,13,0,0,0
SL050,34153131147,113,105,57,48,8,6,2
SL050,34153131148,110,97,42,55,13,7,6
SL050,34153131149,2898,2715,1409,1306,183,96,87
SL050,34153131150,232,227,143,84,5,3,2
SL050,34153131151,60,58,37,21,2,1,1
SL050,34153131152,1725,1427,723,704,298,168,130
SL050,34153131153,2735,2562,1329,1233,173,85,88
SL050,34153131154,242,239,143,96,3,2,1
SL050,34153131155,291,270,143,127,21,2,19
SL050,34153131156,297,283,167,116,14,6,8
SL050,34153131157,4764,4094,2050,2044,670,364,306
SL050,34153131158,294,279,150,129,15,8,7
SL050,34153131159,1317,1228,666,562,89,50,39
SL050,34153131160,130,117,62,55,13,8,5
SL050,34153131161,437,402,218,184,35,15,20
SL050,34153131162,52,51,25,26,1,1,0
SL050,34153131163,2862,2314,1141,1173,548,299,249
SL050,34153131164,747,624,317,307,123,67,56
SL050,34153131165,3534,3194,1636,1558,340,179,161
SL050,34153131166,292,267,136,131,25,16,9
SL050,34153131167,1057,981,512,469,76,42,34
SL050,34153131168,277,270,152,118,7,3,4
SL050,34153131169,3397,2459,1237,1222,938,529,409
SL050,34153131170,56,54,26,28,2,1,1
SL050,34153131171,850,726,385,341,124,57,67
SL050,34153131172,466,437,235,202,29,18,11
SL050,34153131173,1088,980,474,506,108,67,41
SL050,34153131174,120,119,60,59,1,0,1
SL050,34153131175,77,68,36,32,9,5,4
SL050,34153131176,4088,3512,1766,1746,576,289,287
SL050,34153131177,327,268,145,123,59,28,31
SL050,34153131178,646,556,291,265,90,48,42
SL050,34153131179,639,551,290,261,88,50,38
SL050,34153131180,239,224,98,126,15,3,12
SL050,34153131181,142,142,85,57,0,0,0
SL050,34153131182,34,34,20,14,0,0,0
SL050,34153131183,912,824,421,403,88,38,50
SL050,34153131184,77,70,37,33,7,2,5
SL050,34153131185,530,502,272,230,28,12,16
SL050,34153131186,369,359,199,160,10,3,7
SL050,34153131187,121,112,68,44,9,4,5
SL050,34153131188,363,328,187,141,35,20,15
SL050,34153131189,1497,1302,665,637,195,97,98
SL050,34153131190,51,51,28,23,0,0,0
SL050,34153131191,3931,3465,1775,1690,466,216,250
SL050,34153131192,204,185,104,81,19,8,11
SL050,34153131193,1842,1733,867,866,109,48,61
SL050,34153131194,415,406,221,185,9,3,6
SL050,34153131195,197,194,98,96,3,0,3
SL050,34153131196,36,36,19,17,0,0,0
SL050,34153131197,79,79,44,35,0,0,0
SL050,34153131198,48,48,25,23,0,0,0
SL050,34153131199,147,143,82,61,4,3,1
SL050,34153131200,919,872,463,409,47,27,20
SL050,34153131201,199066,165198,78465,86733,33868,15659,18209
SL050,34153131202,5823,4852,2428,2424,971,502,469
SL050,34153131203,31,29,17,12,2,1,1
SL050,34153131204,37,37,24,13,0,0,0
SL050,34153131205,493,470,239,231,23,9,14
SL050,34153131206,2843,2430,1242,1188,413,195,218
SL050,34153131207,349,336,186,150,13,6,7
SL050,34153131208,3742,3026,1529,1497,716,427,289
SL050,34153131209,174,168,93,75,6,1,5
SL050,34153131210,208,200,104,96,8,4,4
SL050,34153131211,21,19,10,9,2,1,1
SL050,34153131212,144,144,79,65,0,0,0
SL050,34153131213,116,110,64,46,6,2,4
SL050,34153131214,110,107,60,47,3,2,1
SL050,34153131215,6241,5448,2702,2746,793,395,398
SL050,34153131216,4960,4424,2272,2152,536,251,285
SL050,34153131217,398,350,182,168,48,21,27
SL050,34153131219,100,87,47,40,13,8,5
SL050,34153131220,886,833,431,402,53,30,23
SL050,34153131221,1729,1495,766,729,234,117,117
SL050,34153131222,62,62,40,22,0,0,0
SL050,34153131223,1294,1085,548,537,209,121,88
SL050,34153131224,1180,1025,521,504,155,85,70
SL050,34153131225,57,40,23,17,17,11,6
SL050,34153131226,671,625,329,296,46,21,25
SL050,34153131227,10605,9224,4538,4686,1381,684,697
SL050,34153131228,598,565,292,273,33,15,18
SL050,34153131229,42,41,26,15,1,1,0
SL050,34153131230,104,104,54,50,0,0,0
SL050,34153131231,122,114,57,57,8,2,6
SL050,34153131232,35593,29075,14181,14894,6518,3316,3202
SL050,34153131233,134,106,45,61,28,14,14
SL050,34153131234,177,166,94,72,11,5,6
SL050,34153131235,177,172,100,72,5,2,3
SL050,34153131236,1655,1562,814,748,93,43,50
SL050,34153131237,212,203,116,87,9,5,4
SL050,34153131238,137,129,69,60,8,3,5
SL050,34153131239,355,321,163,158,34,12,22
SL050,34153131240,675,645,338,307,30,9,21
SL050,34153131241,133,130,85,45,3,2,1
SL050,34153131242,308,293,135,158,15,3,12
SL050,34153131243,374,350,185,165,24,13,11
SL050,34153131244,180,174,102,72,6,1,5
SL050,34153131245,88,86,54,32,2,2,0
SL050,34153131246,164,150,87,63,14,5,9
SL050,34153131247,160,154,79,75,6,3,3
SL050,34153131248,358,280,156,124,78,50,28
SL050,34153131249,2373,2080,1037,1043,293,149,144
SL050,34153131250,3761,3323,1646,1677,438,209,229
SL050,34153131251,4156,3698,1864,1834,458,235,223
SL050,34153131252,95,95,52,43,0,0,0
SL050,34153131253,171,167,90,77,4,3,1
SL050,34153131254,2841,2161,1067,1094,680,356,324
SL050,34153131255,120,117,62,55,3,2,1
SL050,34153131256,106,105,56,49,1,1,0
SL050,34153131257,1186,1080,550,530,106,45,61
SL050,34153131258,10150,8989,4403,4586,1161,567,594
SL050,34153131259,622,584,306,278,38,19,19
SL050,34153131260,1508,1427,750,677,81,35,46
SL050,34153131261,297,259,153,106,38,21,17
SL050,34153131262,295,281,153,128,14,7,7
SL050,34153131263,316,309,159,150,7,5,2
SL050,34153131264,225,196,98,98,29,14,15
SL050,34153131265,112,80,51,29,32,19,13
SL050,34153131901,20039,16892,8135,8757,3147,1539,1608
SL050,34153131902,7011,6043,3116,2927,968,467,501
SL050,34153131903,10167,8163,4143,4020,2004,986,1018
SL050,34153131904,2209,1848,941,907,361,197,164
SL050,34153131905,3941,3507,1720,1787,434,212,222
SL050,34153131906,3996,3453,1753,1700,543,255,288
SL050,34153131907,14891,13402,6622,6780,1489,663,826
SL050,34153131908,1535,1363,678,685,172,84,88
SL050,34123232001,6110,5563,2818,2745,547,260,287
SL050,34123232002,2265,2101,1053,1048,164,76,88
SL050,34123232003,995,932,465,467,63,31,32
SL050,34123232004,1806,1338,607,731,468,224,244
SL050,34123232005,968,844,452,392,124,73,51
SL050,34123232006,1591,1458,713,745,133,58,75
SL050,34123232007,1547,1441,715,726,106,58,48
SL050,34123232008,10951,9454,4643,4811,1497,700,797
SL050,34123232009,13463,11606,5709,5897,1857,843,1014
SL050,34123232010,404,379,202,177,25,13,12
SL050,34123232011,973,728,300,428,245,128,117
SL050,34123232012,809,771,424,347,38,18,20
SL050,34123232013,2299,1967,926,1041,332,168,164
SL050,34123232014,1199,1075,505,570,124,62,62
SL050,34123232015,917,859,439,420,58,28,30
SL050,34123232016,779,726,356,370,53,26,27
SL050,34123232017,1574,1258,653,605,316,160,156
SL050,34123232018,1317,1201,569,632,116,68,48
SL050,34123232019,13939,11694,5547,6147,2245,992,1253
SL050,34123232020,2643,2459,1202,1257,184,92,92
SL050,34123232021,1001,934,480,454,67,29,38
SL050,34123232022,1380,1264,628,636,116,62,54
SL050,34123232023,1224,1175,599,576,49,23,26
SL050,34123232024,5533,4782,2280,2502,751,346,405
SL050,34123232025,1140,1045,517,528,95,51,44
SL050,34123232026,3049,2828,1429,1399,221,105,116
SL050,34123232027,1105,1012,495,517,93,38,55
SL050,34123232028,1700,1593,810,783,107,60,47
SL050,34123232029,466,450,252,198,16,10,6
SL050,34123232030,1166,930,436,494,236,115,121
SL050,34123232031,1134,1040,532,508,94,45,49
SL050,34123232032,9836,8765,4265,4500,1071,498,573
SL050,34123232033,750,675,325,350,75,36,39
SL050,34123232034,1308,1102,551,551,206,130,76
SL050,34123232035,1477,1399,668,731,78,41,37
SL050,34123232036,1418,1367,695,672,51,22,29
SL050,34123232037,741,686,334,352,55,32,23
SL050,34123232038,455,434,213,221,21,7,14
SL050,34123232039,1287,1216,626,590,71,40,31
SL050,34123232040,1583,1439,700,739,144,61,83
SL050,34123232041,807,737,349,388,70,34,36
SL050,34123232042,1732,1518,761,757,214,107,107
SL050,34123232043,2890,2681,1311,1370,209,106,103
SL050,34123232044,890,866,425,441,24,10,14
SL050,34123232045,2767,2571,1252,1319,196,101,95
SL050,34123232046,1227,1147,548,599,80,39,41
SL050,34123232047,1911,1769,855,914,142,77,65
SL050,34123232048,1039,852,449,403,187,88,99
SL050,34123232049,722,695,363,332,27,13,14
SL050,34123232050,2602,2413,1246,1167,189,91,98
SL050,34123232051,1486,1375,691,684,111,67,44
SL050,34123232052,2011,1860,944,916,151,73,78
SL050,34123232053,1766,1427,748,679,339,213,126
SL050,34123232054,105505,93316,42681,50635,12189,5281,6908
SL050,34123232055,1383,1269,639,630,114,50,64
SL050,34123232056,1759,1486,723,763,273,126,147
SL050,34123232057,564,549,298,251,15,9,6
SL050,34123232058,6254,5691,2925,2766,563,280,283
SL050,34123232059,1871,1799,884,915,72,36,36
SL050,34123232060,889,822,402,420,67,33,34
SL050,34123232061,1140,1059,532,527,81,44,37
SL050,34123232062,830,786,378,408,44,26,18
SL050,34123232063,2118,1977,1000,977,141,63,78
SL050,34123232064,554,498,244,254,56,32,24
SL050,34123232065,699,640,312,328,59,32,27
SL050,34123232066,611,536,231,305,75,37,38
SL050,34123232067,1282,1223,620,603,59,34,25
SL050,34123232068,1540,1313,595,718,227,108,119
SL050,34123232069,5028,4624,2268,2356,404,185,219
SL050,34123232070,549,542,268,274,7,3,4
SL050,34123232071,1568,1464,749,715,104,53,51
SL050,34123232072,4359,3881,1909,1972,478,229,249
SL050,34123232073,1448,1374,670,704,74,35,39
SL050,34123232074,1091,998,482,516,93,50,43
SL050,34123232075,5249,4666,2362,2304,583,298,285
SL050,34123232076,2191,2081,1025,1056,110,50,60
SL050,34123232077,1213,1137,522,615,76,39,37
SL050,34123232078,1189,1119,558,561,70,40,30
SL050,34123232079,1443,1335,685,650,108,56,52
SL050,34123232080,332,313,158,155,19,9,10
SL050,34123232081,2368,2155,1111,1044,213,108,105
SL050,34123232082,1288,1218,613,605,70,32,38
SL050,34123232083,904,860,442,418,44,21,23
SL050,34123232084,933,856,413,443,77,34,43
SL050,34123232085,13817,11588,5624,5964,2229,1010,1219
SL050,34123232086,2929,2785,1417,1368,144,63,81
SL050,34123232087,1904,1784,919,865,120,55,65
SL050,34123232088,1746,1614,825,789,132,69,63
SL050,34123232089,1317,1243,628,615,74,47,27
SL050,34123232090,829,754,360,394,75,44,31
SL050,34123232091,1912,1775,917,858,137,82,55
SL050,34123232092,535,517,302,215,18,9,9
SL050,34033333001,1697,1641,832,809,56,22,34
SL050,34033333002,10808,10427,5157,5270,381,169,212
SL050,34033333003,675,652,366,286,23,13,10
SL050,34033333004,78715,74080,35148,38932,4635,2043,2592
SL050,34033333005,1522,1474,777,697,48,18,30
SL050,34033333006,1700,1644,783,861,56,27,29
SL050,34033333007,1571,1535,778,757,36,13,23
SL050,34033333008,2002,1807,941,866,195,80,115
SL050,34033333009,1035,940,474,466,95,40,55
SL050,34033333010,1985,1910,944,966,75,30,45
SL050,34033333011,12579,12080,5982,6098,499,214,285
SL050,34033333012,6278,5563,2718,2845,715,315,400
SL050,34033333013,477,467,238,229,10,4,6
SL050,34033333014,10444,9948,4816,5132,496,227,269
SL050,34033333015,1553,1501,863,638,52,18,34
SL050,34033333016,22464,21545,10500,11045,919,394,525
SL050,34033333017,3470,3346,1620,1726,124,69,55
SL050,34033333018,3336,3215,1574,1641,121,53,68
SL050,34033333019,3332,3150,1555,1595,182,81,101
SL050,34033333020,15721,15080,7456,7624,641,274,367
SL050,34033333021,5078,4825,2389,2436,253,116,137
SL050,34033333022,949,924,483,441,25,10,15
SL050,34033333023,3830,3715,1823,1892,115,59,56
SL050,34033333024,271843,247705,117026,130679,24138,11182,12956
SL050,34033333025,10427,10042,4915,5127,385,173,212
SL050,34033333026,9839,9251,4490,4761,588,258,330
SL050,34033333027,853,833,436,397,20,3,17
SL050,34033333028,1301,1257,716,541,44,20,24
SL050,34033333029,352,345,173,172,7,2,5
SL050,34033333030,1022,998,504,494,24,12,12
SL050,34033333031,39984,38388,18324,20064,1596,727,869
SL050,34033333032,13087,12601,6065,6536,486,204,282
SL050,34033333033,11086,10477,5051,5426,609,288,321
SL050,34033333034,11734,11329,5556,5773,405,174,231
SL050,34033333035,13676,12927,6442,6485,749,341,408
SL050,34033333036,13639,12191,5961,6230,1448,660,788
SL050,34033333037,38428,36721,17482,19239,1707,755,952
SL050,34033333038,2631,2483,1253,1230,148,67,81
SL050,34033333039,1846,1778,849,929,68,34,34
SL050,34033333040,5334,5040,2506,2534,294,118,176
SL050,34033333041,8409,8022,3881,4141,387,162,225
SL050,34033333042,5167,4851,2342,2509,316,139,177
SL050,34033333043,740,664,362,302,76,39,37
SL050,34033333044,220020,196422,91683,104739,23598,10223,13375
SL050,34033333045,5353,4876,2405,2471,477,221,256
SL050,34033333046,531,516,271,245,15,8,7
SL050,34033333047,1246,1166,578,588,80,32,48
SL050,34033333048,146,141,78,63,5,3,2
SL050,34033333049,7101,6703,3332,3371,398,171,227
SL050,34033333050,598,581,345,236,17,9,8
SL050,34033333051,8282,7831,3779,4052,451,219,232
SL050,34033333052,737,720,416,304,17,9,8
SL050,34033333053,1194,1158,671,487,36,20,16
SL050,34033333054,1865,1791,930,861,74,34,40
SL050,34033333055,1758,1651,796,855,107,49,58
SL050,34033333056,5730,5219,2551,2668,511,187,324
SL050,34033333057,1857,1717,861,856,140,68,72
SL050,34033333058,1933,1865,950,915,68,21,47
SL050,34033333059,5084,4875,2425,2450,209,87,122
SL050,34033333060,16283,15629,7487,8142,654,298,356
SL050,34033333061,393,387,192,195,6,2,4
SL050,34033333062,453,434,223,211,19,12,7
SL050,34033333063,433,421,208,213,12,4,8
SL050,34033333064,288,265,133,132,23,9,14
SL050,34033333065,1254,1220,593,627,34,11,23
SL050,34033333066,51662,48560,23825,24735,3102,1409,1693
SL050,34033333067,818,781,421,360,37,13,24
SL050,34033333068,1125,1085,629,456,40,21,19
SL050,34033333069,3887,3743,1856,1887,144,63,81
SL050,34033333070,3795,3669,1797,1872,126,49,77
SL050,34033333071,646,623,299,324,23,9,14
SL050,34033333072,1628,1550,838,712,78,33,45
SL050,34033333073,9543,9127,4634,4493,416,181,235
SL050,34033333074,3866,3663,1779,1884,203,83,120
SL050,34033333075,298,290,145,145,8,5,3
SL050,34033333076,14430,13359,6671,6688,1071,449,622
SL050,34033333077,1248,1231,642,589,17,7,10
SL050,34033333078,140,138,77,61,2,1,1
SL050,34073434001,42,39,24,15,3,2,1
SL050,34073434003,164,157,88,69,7,3,4
SL050,34073434004,6842,6329,3086,3243,513,226,287
SL050,34073434005,928,882,424,458,46,29,17
SL050,34073434006,86,86,46,40,0,0,0
SL050,34073434009,35,35,22,13,0,0,0
SL050,34073434010,622,600,307,293,22,12,10
SL050,34073434011,423,417,233,184,6,1,5
SL050,34073434012,369,355,193,162,14,3,11
SL050,34073434015,42,42,26,16,0,0,0
SL050,34073434017,1004,974,492,482,30,14,16
SL050,34073434018,221,217,123,94,4,2,2
SL050,34073434019,131,119,65,54,12,6,6
SL050,34073434020,52,51,32,19,1,0,1
SL050,34073434022,1216,1174,620,554,42,21,21
SL050,34073434023,6363,6018,3034,2984,345,161,184
SL050,34073434024,28,26,17,9,2,1,1
SL050,34073434025,53,50,22,28,3,2,1
SL050,34073434027,1183,1147,574,573,36,15,21
SL050,34073434028,144,143,76,67,1,1,0
SL050,34073434029,754,738,382,356,16,10,6
SL050,34073434031,33,28,15,13,5,3,2
SL050,34073434032,41,39,22,17,2,0,2
SL050,34073434033,17,17,13,4,0,0,0
SL050,34073434034,115,114,65,49,1,0,1
SL050,34073434035,111,109,64,45,2,1,1
SL050,34073434036,246,241,138,103,5,2,3
SL050,34073434037,264,258,143,115,6,4,2
SL050,34073434038,306,296,160,136,10,7,3
SL050,34073434039,61,61,37,24,0,0,0
SL050,34073434041,92,92,43,49,0,0,0
SL050,34073434042,326,315,176,139,11,6,5
SL050,34073434045,77,76,39,37,1,1,0
SL050,34073434046,43,42,24,18,1,1,0
SL050,34073434047,2096,1920,915,1005,176,81,95
SL050,34073434048,63,62,30,32,1,0,1
SL050,34073434049,360,354,191,163,6,2,4
SL050,34073434050,220,214,120,94,6,4,2
SL050,34073434051,101,100,53,47,1,0,1
SL050,34073434052,183,179,98,81,4,2,2
SL050,34073434053,230,226,117,109,4,2,2
SL050,34073434055,262,260,142,118,2,2,0
SL050,34073434056,2316,2193,1099,1094,123,66,57
SL050,34073434057,490,487,241,246,3,2,1
SL050,34073434058,198,192,111,81,6,1,5
SL050,34073434059,448,438,217,221,10,3,7
SL050,34073434060,139,137,76,61,2,0,2
SL050,34073434061,105,102,58,44,3,3,0
SL050,34073434062,165,164,101,63,1,0,1
SL050,34073434063,93,79,47,32,14,8,6
SL050,34073434066,63,60,34,26,3,2,1
SL050,34073434067,136,136,78,58,0,0,0
SL050,34073434068,42,31,19,12,11,6,5
SL050,34073434069,2633,2489,1270,1219,144,73,71
SL050,34073434070,149,140,76,64,9,3,6
SL050,34073434071,179,162,86,76,17,8,9
SL050,34073434072,153,147,72,75,6,3,3
SL050,34073434073,194,189,95,94,5,2,3
SL050,34073434074,770,735,381,354,35,16,19
SL050,34073434076,659,622,322,300,37,18,19
SL050,34073434077,429,408,213,195,21,13,8
SL050,34073434079,2269,2159,1137,1022,110,47,63
SL050,34073434080,6153,6012,2998,3014,141,59,82
SL050,34073434081,58,56,34,22,2,2,0
SL050,34073434082,78,78,41,37,0,0,0
SL050,34073434083,2006,1921,941,980,85,36,49
SL050,34073434084,146,139,80,59,7,3,4
SL050,34073434086,103,101,52,49,2,1,1
SL050,34073434087,143,133,72,61,10,6,4
SL050,34073434088,313,292,170,122,21,10,11
SL050,34073434089,157,154,88,66,3,0,3
SL050,34073434091,136,134,76,58,2,1,1
SL050,34073434092,291,286,151,135,5,3,2
SL050,34073434093,98,92,54,38,6,3,3
SL050,34073434094,63,60,35,25,3,1,2
SL050,34073434096,51,51,32,19,0,0,0
SL050,34073434098,993,925,491,434,68,37,31
SL050,34073434099,82,65,37,28,17,7,10
SL050,34073434100,144,142,80,62,2,1,1
SL050,34073434101,41,40,19,21,1,0,1
SL050,34073434102,217,215,125,90,2,1,1
SL050,34073434103,102,102,62,40,0,0,0
SL050,34073434104,259,253,143,110,6,5,1
SL050,34073434106,122,109,57,52,13,9,4
SL050,34073434107,74,73,42,31,1,0,1
SL050,34073434108,610,581,306,275,29,12,17
SL050,34073434109,59,57,34,23,2,1,1
SL050,34073434110,82,79,44,35,3,2,1
SL050,34073434112,46,45,25,20,1,0,1
SL050,34073434113,39,38,14,24,1,0,1
SL050,34073434114,198,192,118,74,6,3,3
SL050,34073434116,57,56,32,24,1,0,1
SL050,34073434120,78629,73945,35015,38930,4684,2061,2623
SL050,34073434121,211,197,112,85,14,8,6
SL050,34073434122,121,98,51,47,23,17,6
SL050,34073434123,1930,1846,949,897,84,37,47
SL050,34073434124,66,66,39,27,0,0,0
SL050,34073434125,88,87,43,44,1,0,1
SL050,34073434126,324,293,161,132,31,19,12
SL050,34073434127,90,88,48,40,2,1,1
SL050,34073434129,179,177,106,71,2,2,0
SL050,34073434130,220,219,113,106,1,1,0
SL050,34073434131,61,60,32,28,1,0,1
SL050,34073434132,131,119,66,53,12,6,6
SL050,34073434133,110,109,64,45,1,0,1
SL050,34073434134,42,41,23,18,1,0,1
SL050,34073434135,463,442,251,191,21,9,12
SL050,34073434136,184,167,99,68,17,10,7
SL050,34073434137,24,24,16,8,0,0,0
SL050,34073434139,194,179,96,83,15,6,9
SL050,34073434140,105,104,56,48,1,1,0
SL050,34073434141,252,206,115,91,46,27,19
SL050,34073434143,184,171,102,69,13,8,5
SL050,34073434146,53,53,35,18,0,0,0
SL050,34073434147,198,191,104,87,7,5,2
SL050,34073434149,21,21,10,11,0,0,0
SL050,34073434151,154,153,89,64,1,1,0
SL050,34073434152,151,124,69,55,27,13,14
SL050,34073434154,80,79,45,34,1,1,0
SL050,34073434155,146,128,64,64,18,9,9
SL050,34073434156,52,52,34,18,0,0,0
SL050,34073434157,3004,2727,1389,1338,277,139,138
SL050,34073434158,317,298,152,146,19,13,6
SL050,34073434159,433,420,231,189,13,7,6
SL050,34073434160,162,153,85,68,9,3,6
SL050,34073434161,23,23,14,9,0,0,0
SL050,34073434163,51,48,24,24,3,2,1
SL050,34073434165,65,60,36,24,5,2,3
SL050,34073434167,120,119,68,51,1,0,1
SL050,34073434168,52,51,31,20,1,1,0
SL050,34073434169,459,419,236,183,40,23,17
SL050,34073434170,54,53,30,23,1,0,1
SL050,34073434171,1044,1024,505,519,20,9,11
SL050,34073434174,197,195,108,87,2,1,1
SL050,34073434175,100,93,59,34,7,3,4
SL050,34073434176,145,141,84,57,4,2,2
SL050,34073434177,191,187,106,81,4,3,1
SL050,34073434178,137,120,65,55,17,8,9
SL050,34073434179,25,25,15,10,0,0,0
SL050,34073434180,71,70,36,34,1,1,0
SL050,34073434181,490,470,250,220,20,10,10
SL050,34073434182,968,872,477,395,96,49,47
SL050,34073434184,45,44,24,20,1,1,0
SL050,34073434185,64,64,35,29,0,0,0
SL050,34073434186,47,47,25,22,0,0,0
SL050,34073434189,61,58,34,24,3,2,1
SL050,34073434190,51,51,28,23,0,0,0
SL050,34073434192,96,90,53,37,6,4,2
SL050,34073434196,88,87,52,35,1,0,1
SL050,34073434199,1299,1284,662,622,15,4,11
SL050,34073434201,184,180,95,85,4,4,0
SL050,34073434202,32,28,14,14,4,4,0
SL050,34073434204,48,47,28,19,1,0,1
SL050,34073434205,63,61,36,25,2,0,2
SL050,34073434206,963,937,478,459,26,13,13
SL050,34073434208,58,57,34,23,1,0,1
SL050,34073434210,104,104,52,52,0,0,0
SL050,34073434211,193,184,92,92,9,5,4
SL050,34073434213,57,55,30,25,2,1,1
SL050,34073434214,196,188,102,86,8,2,6
SL050,34073434215,169,168,87,81,1,1,0
SL050,34073434216,66,66,39,27,0,0,0
SL050,34073434217,1652,1599,812,787,53,20,33
SL050,34073434218,589,495,273,222,94,60,34
SL050,34073434220,177,156,91,65,21,8,13
SL050,34073434221,175,175,97,78,0,0,0
SL050,34073434222,118,115,63,52,3,1,2
SL050,34073434223,235,222,132,90,13,6,7
SL050,34073434224,45,43,29,14,2,1,1
SL050,34073434225,6503,6099,3168,2931,404,192,212
SL050,34073434227,75,74,36,38,1,1,0
SL050,34073434228,90,82,48,34,8,3,5
SL050,34073434229,62,59,39,20,3,2,1
SL050,34073434230,16,16,11,5,0,0,0
SL050,34073434231,207,205,110,95,2,1,1
SL050,34073434232,826,795,438,357,31,13,18
SL050,34073434233,143,137,78,59,6,6,0
SL050,34073434234,71,71,48,23,0,0,0
SL050,34073434236,155,151,79,72,4,3,1
SL050,34073434237,665,649,325,324,16,10,6
SL050,34073434238,365,334,164,170,31,13,18
SL050,34073434240,97,96,52,44,1,0,1
SL050,34073434241,17,17,10,7,0,0,0
SL050,34073434242,109,96,49,47,13,8,5
SL050,34073434243,369,345,183,162,24,11,13
SL050,34073434245,327,321,182,139,6,1,5
SL050,34073434246,75,72,37,35,3,2,1
SL050,34073434901,1225,1189,639,550,36,15,21
SL050,34073434902,174,148,88,60,26,19,7
SL050,34073434903,198,195,114,81,3,0,3
SL050,34073434904,320,317,182,135,3,2,1
SL050,34053535001,5573,5219,2608,2611,354,175,179
SL050,34053535002,31152,28070,14255,13815,3082,1522,1560
SL050,34053535003,11948,6426,3481,2945,5522,2889,2633
SL050,34053535004,61351,43985,22124,21861,17366,8600,8766
SL050,34053535005,1090,1063,577,486,27,12,15
SL050,34053535006,37691,36142,18022,18120,1549,713,836
SL050,34053535007,731,593,309,284,138,76,62
SL050,34053535008,7491,7225,3646,3579,266,120,146
SL050,34053535009,24209,23480,11757,11723,729,361,368
SL050,34053535010,4969,4165,2154,2011,804,378,426
SL050,34053535011,30831,28631,14461,14170,2200,1071,1129
SL050,34053535012,19657,12214,6382,5832,7443,3764,3679
SL050,34053535013,7728,7482,3838,3644,246,95,151
SL050,34053535014,25884,13644,7175,6469,12240,6330,5910
SL050,34053535015,20539,12068,6408,5660,8471,4253,4218
SL050,34053535016,378517,332397,161758,170639,46120,21276,24844
SL050,34053535017,39382,30406,15602,14804,8976,4387,4589
SL050,34053535018,18327,14896,7563,7333,3431,1618,1813
SL050,34053535019,53588,36028,18843,17185,17560,9089,8471
SL050,34053535020,7608,6887,3508,3379,721,374,347
SL050,34053535021,18314,17058,8535,8523,1256,567,689
SL050,34053535022,71863,55783,28023,27760,16080,7893,8187
SL050,34053535023,13924,13486,6704,6782,438,224,214
SL050,34053535024,22122,16950,8687,8263,5172,2492,2680
SL050,34053535025,1921,1858,1008,850,63,33,30
SL050,34053535026,102424,96437,47600,48837,5987,2811,3176
SL050,34053535027,12449,11996,6175,5821,453,217,236
SL050,34053535028,20006,11490,5949,5541,8516,4310,4206
SL050,34053535029,6119,5207,2702,2505,912,474,438
SL050,34053535030,14791,11515,5924,5591,3276,1635,1641
SL050,34053535031,9278,8638,4374,4264,640,296,344
SL050,34053535032,3784,3664,1912,1752,120,62,58
SL050,34053535033,7625,7332,3801,3531,293,137,156
SL050,34053535034,16289,8978,4743,4235,7311,3693,3618
SL050,34123636001,2637,2550,1300,1250,87,48,39
SL050,34123636002,3716,3595,1780,1815,121,66,55
SL050,34123636003,12134,11307,5598,5709,827,386,441
SL050,34123636004,12148,11781,5821,5960,367,162,205
SL050,34123636005,9860,9262,4495,4767,598,253,345
SL050,34123636006,13814,13026,6279,6747,788,394,394
SL050,34123636007,1806,1731,819,912,75,29,46
SL050,34123636008,26487,25324,12508,12816,1163,570,593
SL050,34123636009,5173,4789,2352,2437,384,175,209
SL050,34123636010,3349,3240,1570,1670,109,53,56
SL050,34123636013,2417,2211,1115,1096,206,109,97
SL050,34123636014,2032,1879,903,976,153,78,75
SL050,34123636015,4710,4512,2142,2370,198,101,97
SL050,34123636016,1110,1080,558,522,30,21,9
SL050,34123636017,20661,19267,9232,10035,1394,680,714
SL050,34123636018,3451,3247,1548,1699,204,101,103
SL050,34123636019,1640,1513,726,787,127,57,70
SL050,34123636020,2370,2305,1154,1151,65,28,37
SL050,34123636021,14236,13489,6727,6762,747,347,400
SL050,34123636022,10700,10146,5053,5093,554,236,318
SL050,34123636023,10013,9366,4545,4821,647,330,317
SL050,34123636024,20103,17828,8640,9188,2275,1103,1172
SL050,34123636025,2430,1981,982,999,449,210,239
SL050,34123636026,24362,22977,11359,11618,1385,816,569
SL050,34123636027,5315,5090,2500,2590,225,95,130
SL050,34123636028,4776,4573,2187,2386,203,92,111
SL050,34123636029,19448,18708,9084,9624,740,351,389
SL050,34123636030,4496,4318,2156,2162,178,76,102
SL050,34123636031,618,586,302,284,32,15,17
SL050,34123636032,4200,4026,1944,2082,174,81,93
SL050,34123636033,15142,14290,7033,7257,852,457,395
SL050,34123636034,3892,3654,1767,1887,238,114,124
SL050,34123636035,17723,16484,8100,8384,1239,601,638
SL050,34123636036,3018,2845,1419,1426,173,94,79
SL050,34123636037,2980,2856,1402,1454,124,59,65
SL050,34123636038,82802,75762,36000,39762,7040,3189,3851
SL050,34123636039,19740,17802,8802,9000,1938,933,1005
SL050,34123636040,2984,2888,1388,1500,96,43,53
SL050,34123636041,17018,15771,7852,7919,1247,589,658
SL050,34123636042,22854,20798,10141,10657,2056,950,1106
SL050,34123636043,5491,5066,2440,2626,425,202,223
SL050,34123636044,3037,2926,1454,1472,111,51,60
SL050,34123636045,29194,27862,13617,14245,1332,602,730
SL050,34123636046,5069,4777,2337,2440,292,141,151
SL050,34123636047,2509,2414,1224,1190,95,50,45
SL050,34123636048,6249,5917,2903,3014,332,167,165
SL050,34123636049,9146,8370,4159,4211,776,398,378
SL050,34123636050,9691,8579,4255,4324,1112,591,521
SL050,34123636051,17212,16087,7952,8135,1125,535,590
SL050,34123636052,8698,7902,3855,4047,796,382,414
SL050,34123636053,7305,6835,3411,3424,470,211,259
SL050,34123636054,13464,12390,6268,6122,1074,514,560
SL050,34123636055,16902,15212,7307,7905,1690,857,833
SL050,34123636056,5927,5750,2825,2925,177,89,88
SL050,34123636057,293642,262734,124678,138056,30908,14302,16606
SL050,34123636058,5954,5679,2762,2917,275,137,138
SL050,34123636059,5273,5019,2477,2542,254,112,142
SL050,34123636060,37519,34319,16567,17752,3200,1403,1797
SL050,34123636061,10352,9856,4819,5037,496,216,280
SL050,34123636901,4958,4740,2353,2387,218,106,112
SL050,34123636902,5815,5494,2654,2840,321,141,180
SL050,34073737001,193,188,100,88,5,2,3
SL050,34073737002,146,143,72,71,3,3,0
SL050,34073737003,120,119,65,54,1,0,1
SL050,34073737004,34,30,17,13,4,2,2
SL050,34073737005,76,71,36,35,5,3,2
SL050,34073737006,138,117,64,53,21,5,16
SL050,34073737007,463,452,236,216,11,5,6
SL050,34073737008,5166,4980,2493,2487,186,98,88
SL050,34073737009,220,206,112,94,14,7,7
SL050,34073737010,1107,1055,518,537,52,29,23
SL050,34073737011,116,107,54,53,9,4,5
SL050,34073737012,155,155,83,72,0,0,0
SL050,34073737013,116,112,60,52,4,1,3
SL050,34073737014,1239,1205,611,594,34,13,21
SL050,34073737015,266,209,109,100,57,32,25
SL050,34073737016,696,664,335,329,32,14,18
SL050,34073737017,256,230,124,106,26,12,14
SL050,34073737018,113,112,64,48,1,1,0
SL050,34073737019,141,141,78,63,0,0,0
SL050,34073737020,486,469,255,214,17,8,9
SL050,34073737021,74,74,35,39,0,0,0
SL050,34073737022,269,263,136,127,6,2,4
SL050,34073737023,1989,1910,965,945,79,30,49
SL050,34073737024,102,100,52,48,2,1,1
SL050,34073737025,290,283,152,131,7,3,4
SL050,34073737026,195,184,99,85,11,5,6
SL050,34073737027,254,236,133,103,18,10,8
SL050,34073737028,157,153,89,64,4,3,1
SL050,34073737029,215,211,120,91,4,2,2
SL050,34073737030,93,93,50,43,0,0,0
SL050,34073737031,372,370,207,163,2,1,1
SL050,34073737032,644,612,332,280,32,14,18
SL050,34073737033,102,91,49,42,11,6,5
SL050,34073737034,86,80,42,38,6,0,6
SL050,34073737035,200,175,99,76,25,15,10
SL050,34073737036,56,54,31,23,2,1,1
SL050,34073737037,113,113,64,49,0,0,0
SL050,34073737038,911,872,449,423,39,20,19
SL050,34073737039,309,300,153,147,9,5,4
SL050,34073737040,410,408,216,192,2,1,1
SL050,34073737041,75,75,42,33,0,0,0
SL050,34073737042,46,46,30,16,0,0,0
SL050,34073737044,442,436,234,202,6,4,2
SL050,34073737045,26,26,14,12,0,0,0
SL050,34073737046,12961,12330,5838,6492,631,295,336
SL050,34073737047,223,198,110,88,25,11,14
SL050,34073737049,132,129,65,64,3,1,2
SL050,34073737050,69,69,40,29,0,0,0
SL050,34073737051,85,84,48,36,1,0,1
SL050,34073737052,315,313,154,159,2,1,1
SL050,34073737054,286,270,146,124,16,4,12
SL050,34073737055,137,128,68,60,9,6,3
SL050,34073737056,53,43,20,23,10,4,6
SL050,34073737057,231,229,127,102,2,0,2
SL050,34073737058,56,56,29,27,0,0,0
SL050,34073737059,132,130,69,61,2,0,2
SL050,34073737060,351,297,164,133,54,25,29
SL050,34073737061,232,209,112,97,23,5,18
SL050,34073737062,77,77,45,32,0,0,0
SL050,34073737063,67,67,41,26,0,0,0
SL050,34073737065,291,286,156,130,5,1,4
SL050,34073737067,4256,3993,2010,1983,263,119,144
SL050,34073737068,383,363,184,179,20,11,9
SL050,34073737069,1152,1082,589,493,70,21,49
SL050,34073737070,600,584,319,265,16,5,11
SL050,34073737071,86,83,44,39,3,2,1
SL050,34073737072,161,155,80,75,6,4,2
SL050,34073737073,676,656,328,328,20,12,8
SL050,34073737074,164,138,75,63,26,21,5
SL050,34073737077,266,265,153,112,1,0,1
SL050,34073737078,906,886,447,439,20,11,9
SL050,34073737079,77,77,54,23,0,0,0
SL050,34073737080,260,255,137,118,5,2,3
SL050,34073737081,986,956,509,447,30,9,21
SL050,34073737082,878,845,461,384,33,21,12
SL050,34073737083,195,190,106,84,5,2,3
SL050,34073737085,6947,6554,3286,3268,393,170,223
SL050,34073737086,100,99,56,43,1,1,0
SL050,34073737087,1188,1120,591,529,68,31,37
SL050,34073737088,217,215,116,99,2,1,1
SL050,34073737089,68,66,36,30,2,1,1
SL050,34073737090,61,58,28,30,3,0,3
SL050,34073737091,191,173,86,87,18,8,10
SL050,34073737092,2615,2437,1251,1186,178,88,90
SL050,34073737096,216,213,126,87,3,1,2
SL050,34073737097,42,42,27,15,0,0,0
SL050,34073737098,331,312,155,157,19,11,8
SL050,34073737099,66,64,32,32,2,2,0
SL050,34073737100,76,73,40,33,3,1,2
SL050,34073737101,154,150,83,67,4,3,1
SL050,34073737102,409,396,198,198,13,6,7
SL050,34073737103,490,473,251,222,17,11,6
SL050,34073737104,25,25,12,13,0,0,0
SL050,34073737106,279,270,141,129,9,5,4
SL050,34073737107,12513,11812,5699,6113,701,332,369
SL050,34073737108,108,100,47,53,8,3,5
SL050,34073737109,182,177,101,76,5,2,3
SL050,34073737110,123,121,62,59,2,1,1
SL050,34073737112,155,152,86,66,3,3,0
SL050,34073737113,450,447,241,206,3,1,2
SL050,34073737114,78,77,41,36,1,1,0
SL050,34073737115,127,121,67,54,6,2,4
SL050,34073737116,73,73,39,34,0,0,0
SL050,34073737117,2050,1962,1033,929,88,39,49
SL050,34073737118,126,122,69,53,4,3,1
SL050,34073737119,103,102,61,41,1,0,1
SL050,34073737120,110,104,52,52,6,1,5
SL050,34073737121,635,628,335,293,7,2,5
SL050,34073737122,233,232,118,114,1,0,1
SL050,34073737123,170,170,92,78,0,0,0
SL050,34073737124,225,218,118,100,7,4,3
SL050,34073737125,235,229,133,96,6,3,3
SL050,34073737126,34,34,20,14,0,0,0
SL050,34073737127,231,217,114,103,14,4,10
SL050,34073737128,279,272,149,123,7,3,4
SL050,34073737129,272,263,142,121,9,5,4
SL050,34073737130,193,187,101,86,6,5,1
SL050,34073737131,191,177,99,78,14,6,8
SL050,34073737132,362,341,174,167,21,8,13
SL050,34073737133,109,108,63,45,1,1,0
SL050,34073737134,217,215,119,96,2,1,1
SL050,34073737135,1336,1297,649,648,39,19,20
SL050,34073737136,680,642,317,325,38,19,19
SL050,34073737137,108,100,51,49,8,3,5
SL050,34073737138,248,239,122,117,9,5,4
SL050,34073737139,232,206,101,105,26,15,11
SL050,34073737140,1188,699,344,355,489,282,207
SL050,34073737141,160,159,73,86,1,1,0
SL050,34073737142,690,653,375,278,37,21,16
SL050,34073737143,429,422,208,214,7,2,5
SL050,34073737144,385,376,205,171,9,3,6
SL050,34073737145,280,261,134,127,19,6,13
SL050,34073737146,115,113,64,49,2,1,1
SL050,34073737147,187,180,102,78,7,6,1
SL050,34073737148,464,445,237,208,19,8,11
SL050,34073737149,64,64,37,27,0,0,0
SL050,34073737150,38,37,21,16,1,1,0
SL050,34073737151,154,154,79,75,0,0,0
SL050,34073737152,444,437,234,203,7,4,3
SL050,34073737154,145,145,85,60,0,0,0
SL050,34073737155,68,63,38,25,5,3,2
SL050,34073737156,5660,5099,2546,2553,561,279,282
SL050,34073737157,78,78,47,31,0,0,0
SL050,34073737158,264,257,147,110,7,2,5
SL050,34073737159,83,83,40,43,0,0,0
SL050,34073737160,669,649,327,322,20,10,10
SL050,34073737161,140,128,66,62,12,9,3
SL050,34073737162,222,221,115,106,1,1,0
SL050,34073737163,37,37,21,16,0,0,0
SL050,34073737164,299,283,162,121,16,5,11
SL050,34073737165,34,33,15,18,1,0,1
SL050,34073737166,224,203,103,100,21,13,8
SL050,34073737167,191,189,100,89,2,0,2
SL050,34073737168,486,439,237,202,47,25,22
SL050,34073737169,192,185,107,78,7,3,4
SL050,34073737170,1636,1542,777,765,94,49,45
SL050,34073737171,478,456,230,226,22,11,11
SL050,34073737172,963,904,491,413,59,35,24
SL050,34073737173,1619,1572,797,775,47,22,25
SL050,34073737174,1085,1078,561,517,7,2,5
SL050,34073737175,459,440,230,210,19,7,12
SL050,34073737176,140,137,76,61,3,1,2
SL050,34073737177,266,263,148,115,3,1,2
SL050,34073737178,100,98,56,42,2,0,2
SL050,34073737179,212,208,111,97,4,1,3
SL050,34073737180,72,70,38,32,2,1,1
SL050,34073737181,285,278,151,127,7,2,5
SL050,34073737182,84,76,47,29,8,3,5
SL050,34073737183,421,405,214,191,16,4,12
SL050,34073737184,289,286,143,143,3,2,1
SL050,34073737185,633,601,328,273,32,15,17
SL050,34073737186,103,100,55,45,3,2,1
SL050,34073737187,627,617,310,307,10,4,6
SL050,34073737188,176,171,105,66,5,1,4
SL050,34073737189,114,113,68,45,1,0,1
SL050,34073737190,208,202,102,100,6,1,5
SL050,34073737191,115,113,66,47,2,2,0
SL050,34073737192,426,410,216,194,16,8,8
SL050,34073737193,399,387,207,180,12,7,5
SL050,34073737194,275,250,130,120,25,12,13
SL050,34073737195,44,40,24,16,4,2,2
SL050,34073737196,70,65,33,32,5,5,0
SL050,34073737197,91,91,52,39,0,0,0
SL050,34073737198,226,217,101,116,9,5,4
SL050,34073737199,142,137,72,65,5,3,2
SL050,34073737200,221,213,119,94,8,6,2
SL050,34073737201,266,256,136,120,10,6,4
SL050,34073737202,1323,1254,674,580,69,22,47
SL050,34073737203,158,153,86,67,5,4,1
SL050,34073737204,263,250,135,115,13,8,5
SL050,34073737205,230,226,123,103,4,2,2
SL050,34073737206,100,93,50,43,7,5,2
SL050,34073737207,384,356,201,155,28,12,16
SL050,34073737208,74,72,46,26,2,0,2
SL050,34073737209,493,464,249,215,29,13,16
SL050,34073737211,231,226,126,100,5,3,2
SL050,34073737212,98,96,52,44,2,1,1
SL050,34073737213,98,96,53,43,2,2,0
SL050,34073737214,131,116,62,54,15,10,5
SL050,34073737215,158,152,89,63,6,2,4
SL050,34073737216,332,329,181,148,3,1,2
SL050,34073737217,60,60,27,33,0,0,0
SL050,34073737218,56,55,36,19,1,1,0
SL050,34073737219,177,173,87,86,4,3,1
SL050,34073737221,460,432,231,201,28,9,19
SL050,34073737222,90,90,52,38,0,0,0
SL050,34073737223,100,98,51,47,2,2,0
SL050,34073737224,207,207,108,99,0,0,0
SL050,34073737225,113,113,60,53,0,0,0
SL050,34073737226,161,154,76,78,7,2,5
SL050,34073737228,354,347,187,160,7,2,5
SL050,34073737229,157,155,90,65,2,0,2
SL050,34073737230,249,237,122,115,12,5,7
SL050,34073737231,259,254,136,118,5,2,3
SL050,34073737232,406,405,238,167,1,1,0
SL050,34073737233,56,56,33,23,0,0,0
SL050,34073737234,335,310,154,156,25,10,15
SL050,34073737235,238,237,124,113,1,1,0
SL050,34073737236,142,140,81,59,2,1,1
SL050,34073737237,360,327,187,140,33,14,19
SL050,34073737238,126,116,62,54,10,4,6
SL050,34073737239,216,215,111,104,1,0,1
SL050,34073737240,1232,1153,623,530,79,37,42
SL050,34073737241,172,170,103,67,2,0,2
SL050,34073737242,85,83,50,33,2,1,1
SL050,34073737243,100,98,47,51,2,1,1
SL050,34073737244,146,137,66,71,9,4,5
SL050,34073737245,364,318,155,163,46,27,19
SL050,34073737246,6308,6060,2997,3063,248,99,149
SL050,34073737247,182,179,97,82,3,1,2
SL050,34073737248,157,152,82,70,5,1,4
SL050,34073737249,39,36,24,12,3,1,2
SL050,34073737250,341,335,179,156,6,2,4
SL050,34073737251,122,120,58,62,2,0,2
SL050,34073737252,113,109,62,47,4,2,2
SL050,34073737253,159,152,82,70,7,2,5
SL050,34073737254,188,177,99,78,11,6,5
SL050,34073737255,47,43,27,16,4,3,1
SL050,34073737256,223,212,122,90,11,5,6
SL050,34073737257,46,44,25,19,2,0,2
SL050,34073737258,177,135,73,62,42,21,21
SL050,34073737259,38,38,23,15,0,0,0
SL050,34073737260,149,147,77,70,2,0,2
SL050,34073737261,227,222,126,96,5,1,4
SL050,34073737262,79,78,44,34,1,0,1
SL050,34073737263,370,361,177,184,9,4,5
SL050,34073737264,59,58,29,29,1,0,1
SL050,34073737265,223,217,116,101,6,1,5
SL050,34073737266,79,77,45,32,2,1,1
SL050,34073737267,198,194,108,86,4,2,2
SL050,34073737268,117,115,65,50,2,1,1
SL050,34073737269,499,451,246,205,48,22,26
SL050,34073737270,196,189,97,92,7,3,4
SL050,34073737271,376,364,201,163,12,6,6
SL050,34073737272,147,145,81,64,2,0,2
SL050,34073737273,99,97,55,42,2,1,1
SL050,34073737274,143978,132216,60149,72067,11762,5129,6633
SL050,34073737275,109,108,60,48,1,0,1
SL050,34073737276,137,134,81,53,3,2,1
SL050,34073737277,75,73,35,38,2,1,1
SL050,34073737278,1015,936,497,439,79,41,38
SL050,34073737279,826,783,428,355,43,20,23
SL050,34073737280,84,84,44,40,0,0,0
SL050,34073737281,39,39,23,16,0,0,0
SL050,34073737282,222,214,116,98,8,3,5
SL050,34073737283,125,125,76,49,0,0,0
SL050,34073737284,347,328,187,141,19,8,11
SL050,34073737285,413,393,206,187,20,8,12
SL050,34073737286,219,211,114,97,8,4,4
SL050,34073737287,347,335,174,161,12,6,6
SL050,34073737288,337,322,181,141,15,6,9
SL050,34073737289,239,229,118,111,10,4,6
SL050,34073737290,145,141,78,63,4,2,2
SL050,34073737291,301,294,162,132,7,4,3
SL050,34073737292,89,88,49,39,1,0,1
SL050,34073737293,114,109,57,52,5,2,3
SL050,34073737294,14732,13741,6844,6897,991,405,586
SL050,34073737296,324,313,166,147,11,4,7
SL050,34073737297,467,443,224,219,24,10,14
SL050,34073737298,186,178,98,80,8,4,4
SL050,34073737299,244,236,126,110,8,3,5
SL050,34073737300,614,600,313,287,14,2,12
SL050,34073737301,91,89,51,38,2,1,1
SL050,34073737302,283,274,141,133,9,4,5
SL050,34073737303,193,188,103,85,5,3,2
SL050,34073737304,178,174,99,75,4,2,2
SL050,34073737305,239,229,115,114,10,1,9
SL050,34073737306,270,261,141,120,9,5,4
SL050,34073737307,154,152,80,72,2,0,2
SL050,34073737309,44,44,20,24,0,0,0
SL050,34073737310,187,185,90,95,2,1,1
SL050,34073737311,232,230,116,114,2,1,1
SL050,34073737312,273,267,139,128,6,3,3
SL050,34073737313,580,569,305,264,11,2,9
SL050,34073737314,107,100,59,41,7,3,4
SL050,34073737315,88,87,48,39,1,1,0
SL050,34073737316,804,786,399,387,18,9,9
SL050,34073737317,317,316,170,146,1,0,1
SL050,34073737318,212,208,120,88,4,3,1
SL050,34073737319,104,98,53,45,6,3,3
SL050,34073737320,90,85,46,39,5,4,1
SL050,34073737321,151,149,74,75,2,0,2
SL050,34073737322,3051,2722,1362,1360,329,175,154
SL050,34073737323,530,519,281,238,11,6,5
SL050,34073737324,362,357,194,163,5,2,3
SL050,34073737325,98,95,55,40,3,0,3
SL050,34073737327,191,190,96,94,1,0,1
SL050,34073737328,200,184,92,92,16,6,10
SL050,34073737329,43,42,23,19,1,0,1
SL050,34073737330,351,346,176,170,5,3,2
SL050,34073737331,203,201,114,87,2,1,1
SL050,34073737332,79,78,43,35,1,0,1
SL050,34073737333,214,213,126,87,1,1,0
SL050,34073737334,73,72,36,36,1,1,0
SL050,34073737335,407,387,190,197,20,9,11
SL050,34073737336,65,65,41,24,0,0,0
SL050,34073737337,152,152,74,78,0,0,0
SL050,34073737338,100,89,45,44,11,5,6
SL050,34073737339,330,321,179,142,9,5,4
SL050,34073737340,149,149,83,66,0,0,0
SL050,34073737341,74,51,25,26,23,18,5
SL050,34073737342,288,271,142,129,17,8,9
SL050,34073737343,76,74,34,40,2,1,1
SL050,34073737344,264,250,128,122,14,5,9
SL050,34073737345,168,159,87,72,9,4,5
SL050,34073737346,285,277,132,145,8,2,6
SL050,34073737347,554,526,293,233,28,9,19
SL050,34073737348,112,109,63,46,3,2,1
SL050,34073737349,116,112,54,58,4,2,2
SL050,34073737350,422,417,209,208,5,1,4
SL050,34073737351,282,279,145,134,3,0,3
SL050,34073737352,206,202,117,85,4,3,1
SL050,34073737353,133,131,75,56,2,0,2
SL050,34073737354,7207,6795,3442,3353,412,163,249
SL050,34073737355,159,146,74,72,13,6,7
SL050,34073737356,95,82,42,40,13,7,6
SL050,34073737357,279,267,136,131,12,6,6
SL050,34073737358,201,172,98,74,29,29,0
SL050,34073737359,179,169,90,79,10,4,6
SL050,34073737360,229,223,113,110,6,2,4
SL050,34073737361,89,88,50,38,1,0,1
SL050,34073737362,6316,5937,2953,2984,379,181,198
SL050,34073737363,123,121,58,63,2,1,1
SL050,34073737364,805,783,408,375,22,9,13
SL050,34073737365,197,188,107,81,9,4,5
SL050,34073737366,43,43,28,15,0,0,0
SL050,34073737367,191,189,105,84,2,1,1
SL050,34073737368,23,22,7,15,1,1,0
SL050,34073737369,135,132,79,53,3,0,3
SL050,34073737370,324,318,182,136,6,4,2
SL050,34073737371,283,255,141,114,28,14,14
SL050,34073737372,145,142,82,60,3,0,3
SL050,34073737373,785,758,400,358,27,10,17
SL050,34073737374,1358,1315,664,651,43,23,20
SL050,34073737375,780,747,377,370,33,15,18
SL050,34073737376,2538,2467,1204,1263,71,33,38
SL050,34073737377,244,242,129,113,2,0,2
SL050,34073737378,98,97,56,41,1,1,0
SL050,34073737379,206,200,123,77,6,3,3
SL050,34073737380,59,55,30,25,4,3,1
SL050,34073737381,148,140,77,63,8,6,2
SL050,34073737382,160,158,83,75,2,0,2
SL050,34053838001,47280,22534,11472,11062,24746,12372,12374
SL050,34053838002,1067,975,507,468,92,38,54
SL050,34053838003,2006,1641,868,773,365,192,173
SL050,34053838004,5562,5068,2505,2563,494,228,266
SL050,34053838005,7831,6297,3274,3023,1534,818,716
SL050,34053838006,79448,42236,21464,20772,37212,19174,18038
SL050,34053838007,1855,1565,801,764,290,140,150
SL050,34053838008,7154,6195,3078,3117,959,421,538
SL050,34053838009,5498,4589,2372,2217,909,418,491
SL050,34053838010,4755,4280,2181,2099,475,224,251
SL050,34053838011,27641,23518,11510,12008,4123,1916,2207
SL050,34053838012,2768,2486,1313,1173,282,131,151
SL050,34053838013,4018,2889,1486,1403,1129,536,593
SL050,34053838014,1709,1437,726,711,272,146,126
SL050,34053838015,4819,4309,2157,2152,510,254,256
SL050,34053838016,1626,1198,642,556,428,211,217
SL050,34053838017,48374,31615,15900,15715,16759,8256,8503
SL050,34053838018,5428,4948,2418,2530,480,229,251
SL050,34053838019,20991,15102,7506,7596,5889,2979,2910
SL050,34053838020,19739,17526,8719,8807,2213,1073,1140
SL050,34053838021,1805,1615,844,771,190,83,107
SL050,34053838022,22749,19798,9783,10015,2951,1415,1536
SL050,34053838023,155549,135397,65935,69462,20152,9426,10726
SL050,34053838024,20171,16108,7863,8245,4063,1906,2157
SL050,34053838025,8956,8210,4166,4044,746,341,405
SL050,34053838026,41833,38170,18906,19264,3663,1606,2057
SL050,34053838027,7543,6107,3070,3037,1436,677,759
SL050,34053838028,30483,23199,11439,11760,7284,3463,3821
SL050,34053838029,2073,1424,735,689,649,320,329
SL050,34053838030,2493,2053,1020,1033,440,214,226
SL050,34053838031,36405,32705,16176,16529,3700,1692,2008
SL050,34053838032,17352,15102,7709,7393,2250,1063,1187
SL050,34053838033,4112,3655,1846,1809,457,219,238
SL050,34053838034,4799,4438,2203,2235,361,177,184
SL050,34053838035,19672,11601,5935,5666,8071,3960,4111
SL050,34053838036,8945,7506,3797,3709,1439,684,755
SL050,34053838037,15674,13424,6539,6885,2250,1049,1201
SL050,34053838038,204856,175123,84216,90907,29733,13625,16108
SL050,34053838039,14445,12079,6106,5973,2366,1117,1249
SL050,34053838040,10755,5874,2976,2898,4881,2371,2510
SL050,34053838041,8947,7989,3954,4035,958,453,505
SL050,34053838042,4757,4162,2062,2100,595,312,283
SL050,34053838043,23961,22147,11078,11069,1814,830,984
SL050,34053838044,2670,2305,1122,1183,365,171,194
SL050,34053838045,4600,3900,2015,1885,700,335,365
SL050,34053838046,11203,10417,5155,5262,786,376,410
SL050,34053838047,2564,1911,991,920,653,307,346
SL050,34053838048,4955,4052,2089,1963,903,411,492
SL050,34053838049,4484,2809,1468,1341,1675,788,887
SL050,34053838050,2829,2487,1282,1205,342,189,153
SL050,34053838051,9040,8330,4196,4134,710,344,366
SL050,34053838052,1645,1394,728,666,251,123,128
SL050,34053838053,4791,3999,2055,1944,792,353,439
SL050,34053838901,1825,1341,712,629,484,251,233
SL050,34063939001,2408,2295,1188,1107,113,45,68
SL050,34063939002,4219,4006,2047,1959,213,92,121
SL050,34063939003,279,278,148,130,1,1,0
SL050,34063939004,1676,1630,845,785,46,19,27
SL050,34063939005,1723,1630,842,788,93,43,50
SL050,34063939006,2108,1961,1015,946,147,59,88
SL050,34063939007,470,453,262,191,17,5,12
SL050,34063939008,18108,16564,8124,8440,1544,716,828
SL050,34063939009,4186,3867,2012,1855,319,166,153
SL050,34063939010,680,657,334,323,23,9,14
SL050,34063939011,1972,1788,924,864,184,81,103
SL050,34063939012,8349,7950,3853,4097,399,168,231
SL050,34063939013,592,567,326,241,25,12,13
SL050,34063939014,999,969,531,438,30,15,15
SL050,34063939015,946,897,515,382,49,20,29
SL050,34063939016,30263,28226,13911,14315,2037,900,1137
SL050,34063939017,668,638,345,293,30,15,15
SL050,34063939018,5778,5447,2749,2698,331,152,179
SL050,34063939019,2809,2643,1369,1274,166,74,92
SL050,34063939020,31977,28464,14328,14136,3513,1515,1998
SL050,34063939021,539,533,273,260,6,1,5
SL050,34063939022,1337,1116,592,524,221,103,118
SL050,34063939023,8453,7685,3784,3901,768,361,407
SL050,34063939024,2156,1966,925,1041,190,96,94
SL050,34063939025,10910,10277,5008,5269,633,323,310
SL050,34063939026,2041,1955,1005,950,86,33,53
SL050,34063939027,3750,3621,1873,1748,129,52,77
SL050,34063939028,5090,4728,2408,2320,362,163,199
SL050,34063939029,771,700,371,329,71,28,43
SL050,34063939030,2347,2210,1139,1071,137,65,72
SL050,34063939031,1541,1447,728,719,94,45,49
SL050,34063939032,1627,1595,884,711,32,15,17
SL050,34063939033,609,583,337,246,26,7,19
SL050,34063939034,287,282,180,102,5,2,3
SL050,34063939035,11148,10251,4910,5341,897,391,506
SL050,34063939036,1194,1143,591,552,51,22,29
SL050,34063939037,2370,2220,1110,1110,150,59,91
SL050,34063939038,1867,1750,873,877,117,59,58
SL050,34063939039,601,582,319,263,19,10,9
SL050,34063939040,5118,4853,2445,2408,265,105,160
SL050,34063939041,2120,2058,1056,1002,62,30,32
SL050,34063939042,7520,6964,3401,3563,556,231,325
SL050,34063939043,1982,1809,911,898,173,84,89
SL050,34063939044,4713,4411,2246,2165,302,134,168
SL050,34063939045,389,374,194,180,15,7,8
SL050,34063939046,1544,1476,742,734,68,32,36
SL050,34063939047,2539,2248,1130,1118,291,138,153
SL050,34063939048,2108,2025,1037,988,83,31,52
SL050,34063939049,321,303,168,135,18,8,10
SL050,34063939050,285,272,159,113,13,6,7
SL050,34063939051,68,68,43,25,0,0,0
SL050,34063939052,25223,23426,11699,11727,1797,785,1012
SL050,34063939053,238,232,147,85,6,4,2
SL050,34063939054,5845,5540,2752,2788,305,139,166
SL050,34063939055,1350,1157,561,596,193,92,101
SL050,34063939056,2868,2759,1402,1357,109,58,51
SL050,34063939057,2881,2692,1364,1328,189,82,107
SL050,34063939058,952,902,466,436,50,27,23
SL050,34063939059,9095,8610,4067,4543,485,199,286
SL050,34063939060,8381,8064,3981,4083,317,143,174
SL050,34063939061,4447,4015,2059,1956,432,184,248
SL050,34063939062,2257,2119,1106,1013,138,64,74
SL050,34063939063,1038,1004,570,434,34,14,20
SL050,34063939064,1609,1520,729,791,89,38,51
SL050,34063939065,268,263,151,112,5,3,2
SL050,34063939066,1026,974,527,447,52,25,27
SL050,34063939067,872,847,463,384,25,10,15
SL050,34063939068,732,679,355,324,53,18,35
SL050,34063939069,2387,2317,1162,1155,70,36,34
SL050,34063939070,147,146,76,70,1,0,1
SL050,34063939071,466,459,256,203,7,4,3
SL050,34063939072,370,361,213,148,9,7,2
SL050,34063939073,12964,12116,6023,6093,848,360,488
SL050,34063939074,9060,8386,4198,4188,674,356,318
SL050,34063939075,172044,151690,70162,81528,20354,9209,11145
SL050,34063939076,4172,4010,1968,2042,162,83,79
SL050,34063939077,257,251,149,102,6,2,4
SL050,34063939078,1623,1574,822,752,49,23,26
SL050,34063939079,11050,10039,4882,5157,1011,506,505
SL050,34063939080,4158,3898,1956,1942,260,106,154
SL050,34063939081,512,496,262,234,16,5,11
SL050,34063939082,1891,1845,929,916,46,18,28
SL050,34063939083,1193,1172,654,518,21,8,13
SL050,34063939084,1050,975,513,462,75,44,31
SL050,34063939085,8716,8154,4040,4114,562,254,308
SL050,34063939086,400,384,224,160,16,9,7
SL050,34063939087,51687,47051,22123,24928,4636,2218,2418
SL050,34063939088,64,61,41,20,3,3,0
SL050,34063939089,140,138,97,41,2,1,1
SL050,34063939090,925,903,462,441,22,11,11
SL050,34063939091,2191,2134,1112,1022,57,25,32
SL050,34063939092,967,936,500,436,31,12,19
SL050,34063939093,316,300,174,126,16,7,9
SL050,34063939094,974,904,510,394,70,39,31
SL050,34063939095,2772,2588,1359,1229,184,82,102
SL050,34063939096,745,719,378,341,26,11,15
SL050,34063939097,775,761,398,363,14,8,6
SL050,34063939098,1604,1549,814,735,55,26,29
SL050,34063939099,3912,3752,1879,1873,160,62,98
SL050,34063939100,1029,981,508,473,48,24,24
SL050,34063939101,286,271,148,123,15,7,8
SL050,34063939102,2745,2559,1376,1183,186,88,98
SL050,34074040001,845,810,405,405,35,15,20
SL050,34074040002,44,42,22,20,2,1,1
SL050,34074040003,139,133,74,59,6,4,2
SL050,34074040004,587,509,244,265,78,43,35
SL050,34074040005,27,27,18,9,0,0,0
SL050,34074040006,22,22,13,9,0,0,0
SL050,34074040007,76,73,47,26,3,1,2
SL050,34074040008,56,53,28,25,3,2,1
SL050,34074040009,48,46,32,14,2,2,0
SL050,34074040010,123,122,63,59,1,1,0
SL050,34074040012,301,281,152,129,20,7,13
SL050,34074040013,57,57,33,24,0,0,0
SL050,34074040014,57,54,32,22,3,1,2
SL050,34074040015,25,23,13,10,2,1,1
SL050,34074040016,55,54,27,27,1,1,0
SL050,34074040017,131,99,45,54,32,15,17
SL050,34074040018,79,77,45,32,2,0,2
SL050,34074040019,32,28,23,5,4,0,4
SL050,34074040020,175,157,78,79,18,5,13
SL050,34074040021,21,21,12,9,0,0,0
SL050,34074040022,229,216,123,93,13,8,5
SL050,34074040024,1203,1030,529,501,173,94,79
SL050,34074040025,169,145,78,67,24,13,11
SL050,34074040026,149,138,59,79,11,3,8
SL050,34074040028,111,101,55,46,10,5,5
SL050,34074040029,25,25,13,12,0,0,0
SL050,34074040030,494,464,258,206,30,13,17
SL050,34074040031,760,683,364,319,77,42,35
SL050,34074040032,716,476,245,231,240,124,116
SL050,34074040033,86,75,44,31,11,4,7
SL050,34074040034,85,80,44,36,5,3,2
SL050,34074040035,186,169,91,78,17,9,8
SL050,34074040036,671,571,294,277,100,51,49
SL050,34074040037,30,29,16,13,1,0,1
SL050,34074040039,258,221,120,101,37,17,20
SL050,34074040040,3543,2951,1479,1472,592,280,312
SL050,34074040041,1321,1155,602,553,166,93,73
SL050,34074040043,2529,2140,1098,1042,389,211,178
SL050,34074040044,147,140,76,64,7,2,5
SL050,34074040045,157,124,67,57,33,18,15
SL050,34074040046,130,92,55,37,38,17,21
SL050,34074040047,29,29,19,10,0,0,0
SL050,34074040048,36,35,19,16,1,0,1
SL050,34074040049,50,50,28,22,0,0,0
SL050,34074040051,45,36,21,15,9,5,4
SL050,34074040052,95,81,46,35,14,5,9
SL050,34074040053,117,95,51,44,22,11,11
SL050,34074040054,138,115,70,45,23,8,15
SL050,34074040055,35,35,22,13,0,0,0
SL050,34074040056,34,33,17,16,1,0,1
SL050,34074040057,1774,1627,823,804,147,69,78
SL050,34074040058,334,332,167,165,2,0,2
SL050,34074040059,123,118,57,61,5,3,2
SL050,34074040060,95,85,47,38,10,6,4
SL050,34074040061,78,69,43,26,9,4,5
SL050,34074040062,77,66,42,24,11,5,6
SL050,34074040063,9584,8217,4161,4056,1367,677,690
SL050,34074040065,754,528,292,236,226,88,138
SL050,34074040068,27,27,17,10,0,0,0
SL050,34074040069,91,87,49,38,4,2,2
SL050,34074040070,178,156,95,61,22,11,11
SL050,34074040071,43,40,21,19,3,1,2
SL050,34074040072,273,257,140,117,16,8,8
SL050,34074040073,501,441,236,205,60,27,33
SL050,34074040074,300,282,155,127,18,9,9
SL050,34074040075,173,167,91,76,6,1,5
SL050,34074040076,9061,7871,4035,3836,1190,567,623
SL050,34074040077,1301,1140,612,528,161,77,84
SL050,34074040078,166,157,89,68,9,4,5
SL050,34074040079,262,243,136,107,19,8,11
SL050,34074040080,71,60,35,25,11,4,7
SL050,34074040081,116,116,62,54,0,0,0
SL050,34074040082,119,114,63,51,5,2,3
SL050,34074040083,172,79,49,30,93,29,64
SL050,34074040084,60,60,35,25,0,0,0
SL050,34074040086,852,783,413,370,69,36,33
SL050,34074040087,96,87,48,39,9,5,4
SL050,34074040088,343,294,154,140,49,22,27
SL050,34074040089,241,230,125,105,11,3,8
SL050,34074040091,103,99,56,43,4,1,3
SL050,34074040092,142,118,65,53,24,17,7
SL050,34074040093,94,84,47,37,10,5,5
SL050,34074040094,450,414,216,198,36,17,19
SL050,34074040095,688,528,267,261,160,95,65
SL050,34074040097,223,158,89,69,65,38,27
SL050,34074040099,58,54,31,23,4,3,1
SL050,34074040100,308,293,162,131,15,7,8
SL050,34074040101,1404,1251,660,591,153,73,80
SL050,34074040103,179,172,101,71,7,2,5
SL050,34074040104,361,309,173,136,52,19,33
SL050,34074040105,43,42,23,19,1,0,1
SL050,34074040106,208,196,98,98,12,5,7
SL050,34074040107,116,97,58,39,19,8,11
SL050,34074040108,111,111,65,46,0,0,0
SL050,34074040109,82,77,46,31,5,4,1
SL050,34074040110,355,338,173,165,17,11,6
SL050,34074040111,67,58,30,28,9,5,4
SL050,34074040112,3773,3383,1736,1647,390,175,215
SL050,34074040113,523,486,276,210,37,17,20
SL050,34074040115,97,89,52,37,8,4,4
SL050,34074040118,53,53,30,23,0,0,0
SL050,34074040119,225,201,118,83,24,15,9
SL050,34074040120,222,213,113,100,9,2,7
SL050,34074040121,288,270,140,130,18,9,9
SL050,34074040122,617,550,301,249,67,33,34
SL050,34074040123,178,151,83,68,27,14,13
SL050,34074040124,264,255,135,120,9,4,5
SL050,34074040125,89,83,51,32,6,2,4
SL050,34074040126,77,75,39,36,2,1,1
SL050,34074040127,29,29,16,13,0,0,0
SL050,34074040128,137,129,71,58,8,4,4
SL050,34074040129,185,179,99,80,6,1,5
SL050,34074040130,148,143,85,58,5,3,2
SL050,34074040131,61,56,32,24,5,3,2
SL050,34074040132,54,54,31,23,0,0,0
SL050,34074040134,904,759,399,360,145,89,56
SL050,34074040135,306,289,156,133,17,10,7
SL050,34074040136,154,128,64,64,26,11,15
SL050,34074040138,2790,2434,1242,1192,356,172,184
SL050,34074040139,291,278,155,123,13,1,12
SL050,34074040140,106,83,43,40,23,13,10
SL050,34074040141,1062,946,500,446,116,53,63
SL050,34074040142,53,53,27,26,0,0,0
SL050,34074040143,91,90,54,36,1,1,0
SL050,34074040144,25,19,13,6,6,3,3
SL050,34074040145,1347,1257,636,621,90,48,42
SL050,34074040146,322,266,141,125,56,25,31
SL050,34074040148,265,247,129,118,18,9,9
SL050,34074040149,561,538,289,249,23,9,14
SL050,34074040150,60,60,36,24,0,0,0
SL050,34074040151,54,45,23,22,9,6,3
SL050,34074040152,963,889,451,438,74,34,40
SL050,34074040154,12,12,8,4,0,0,0
SL050,34074040155,5308,4951,2573,2378,357,165,192
SL050,34074040156,359,321,190,131,38,14,24
SL050,34074040157,46,46,27,19,0,0,0
SL050,34074040158,15,15,12,3,0,0,0
SL050,34074040159,188,144,86,58,44,23,21
SL050,34074040160,100,99,54,45,1,1,0
SL050,34074040161,49,33,21,12,16,11,5
SL050,34074040162,520,438,241,197,82,34,48
SL050,34074040163,46,44,23,21,2,1,1
SL050,34074040164,202,188,101,87,14,2,12
SL050,34074040165,84,81,44,37,3,1,2
SL050,34074040166,305,287,148,139,18,12,6
SL050,34074040168,28,28,18,10,0,0,0
SL050,34074040170,2099,1578,849,729,521,271,250
SL050,34074040171,39,36,29,7,3,2,1
SL050,34074040172,38,36,25,11,2,0,2
SL050,34074040173,185,157,87,70,28,12,16
SL050,34074040174,372,344,183,161,28,13,15
SL050,34074040176,463,418,227,191,45,22,23
SL050,34074040177,148,143,78,65,5,3,2
SL050,34074040178,104,104,57,47,0,0,0
SL050,34074040179,930,742,360,382,188,90,98
SL050,34074040180,321,296,166,130,25,12,13
SL050,34074040181,5267,4913,2446,2467,354,164,190
SL050,34074040182,239,194,92,102,45,22,23
SL050,34074040183,135,130,66,64,5,2,3
SL050,34074040184,297,280,150,130,17,8,9
SL050,34074040185,999,898,494,404,101,53,48
SL050,34074040186,39,30,14,16,9,6,3
SL050,34074040188,94,86,59,27,8,3,5
SL050,34074040189,556,529,296,233,27,11,16
SL050,34074040190,61,58,34,24,3,1,2
SL050,34074040191,259,223,124,99,36,18,18
SL050,34074040192,154,153,85,68,1,1,0
SL050,34074040193,260,244,132,112,16,5,11
SL050,34074040194,51683,45143,21230,23913,6540,2977,3563
SL050,34074040195,1065,921,477,444,144,73,71
SL050,34074040196,34,33,22,11,1,1,0
SL050,34074040198,25,24,14,10,1,0,1
SL050,34074040199,113,110,59,51,3,1,2
SL050,34074040200,51,39,18,21,12,6,6
SL050,34074040201,50,47,23,24,3,1,2
SL050,34074040202,57,57,25,32,0,0,0
SL050,34074040203,1323,1160,606,554,163,85,78
SL050,34074040204,194,163,95,68,31,13,18
SL050,34074040205,260,243,131,112,17,8,9
SL050,34074040206,187,181,95,86,6,1,5
SL050,34074040207,1052,1007,517,490,45,27,18
SL050,34074040208,979,791,406,385,188,80,108
SL050,34074040210,107,106,66,40,1,0,1
SL050,34074040211,70,63,35,28,7,4,3
SL050,34074040212,30,30,15,15,0,0,0
SL050,34074040213,91,84,45,39,7,4,3
SL050,34074040214,241,217,120,97,24,16,8
SL050,34074040215,80,80,46,34,0,0,0
SL050,34074040216,1096,974,514,460,122,52,70
SL050,34074040218,94,94,56,38,0,0,0
SL050,34074040219,704,635,336,299,69,41,28
SL050,34074040220,73,66,33,33,7,4,3
SL050,34074040221,54,53,27,26,1,0,1
SL050,34074040222,230,173,94,79,57,33,24
SL050,34074040223,260,228,139,89,32,17,15
SL050,34074040224,20,19,12,7,1,0,1
SL050,34074040225,1493,1271,670,601,222,113,109
SL050,34074040228,621,561,300,261,60,27,33
SL050,34074040229,27,27,16,11,0,0,0
SL050,34074040230,111,100,59,41,11,6,5
SL050,34074040231,134,114,59,55,20,9,11
SL050,34074040233,505,457,242,215,48,21,27
SL050,34074040234,444,437,230,207,7,1,6
SL050,34074040901,568,543,295,248,25,13,12
SL050,34074040902,129,125,70,55,4,0,4
SL050,34074040903,106,91,63,28,15,7,8
SL050,34074040904,395,368,178,190,27,13,14
SL050,34074040905,135,134,75,59,1,0,1
SL050,34074040906,3021,2714,1382,1332,307,137,170
SL050,34014141001,2026,1908,953,955,118,53,65
SL050,34014141002,1746,1711,869,842,35,12,23
SL050,34014141003,3193,3073,1552,1521,120,52,68
SL050,34014141004,75256,72336,35996,36340,2920,1387,1533
SL050,34014141005,11927,11594,5931,5663,333,141,192
SL050,34014141006,3387,3360,1675,1685,27,15,12
SL050,34014141007,16301,15638,7766,7872,663,315,348
SL050,34014141008,1248,1214,624,590,34,18,16
SL050,34014141009,1379,1350,701,649,29,15,14
SL050,34014141010,6008,5748,2873,2875,260,126,134
SL050,34014141011,19565,19258,9533,9725,307,149,158
SL050,34014141012,4495,4175,2111,2064,320,146,174
SL050,34014141013,6092,5952,3044,2908,140,62,78
SL050,34014141014,3094,3042,1572,1470,52,22,30
SL050,34014141015,7177,6954,3500,3454,223,113,110
SL050,34014141016,10647,10068,5072,4996,579,264,315
SL050,34014141017,21964,20681,10312,10369,1283,583,700
SL050,34014141018,12608,11604,5744,5860,1004,534,470
SL050,34014141019,6618,6227,3135,3092,391,178,213
SL050,34014141020,16379,16114,8078,8036,265,115,150
SL050,34014141021,27463,25839,12698,13141,1624,736,888
SL050,34014141022,5281,5134,2559,2575,147,73,74
SL050,34014141023,10661,9902,5038,4864,759,405,354
SL050,34014141024,28620,27594,13901,13693,1026,478,548
SL050,34014141025,2500,2397,1169,1228,103,52,51
SL050,34014141026,5530,5231,2663,2568,299,158,141
SL050,34014141027,4810,4612,2314,2298,198,106,92
SL050,34014141028,2826,2722,1405,1317,104,50,54
SL050,34014141029,17350,16244,7957,8287,1106,471,635
SL050,34014141030,625,591,307,284,34,17,17
SL050,34014141031,1439,1383,721,662,56,20,36
SL050,34014141032,4789,4670,2312,2358,119,48,71
SL050,34014141033,5954,5863,2900,2963,91,43,48
SL050,34014141034,30657,28861,14429,14432,1796,875,921
SL050,34014141035,1290,1258,626,632,32,11,21
SL050,34014141036,4807,4685,2343,2342,122,72,50
SL050,34014141037,3958,3878,1972,1906,80,40,40
SL050,34014141038,133168,127932,63203,64729,5236,2338,2898
SL050,34014141039,39882,38831,19189,19642,1051,473,578
SL050,34014141040,15683,14542,7296,7246,1141,569,572
SL050,34014141041,12503,11941,5960,5981,562,278,284
SL050,34014141042,7139,6939,3455,3484,200,102,98
SL050,34014141043,789,764,391,373,25,9,16
SL050,34014141044,10054,9561,4783,4778,493,224,269
SL050,34014141045,7541,7255,3654,3601,286,137,149
SL050,34014141046,3790,3647,1827,1820,143,75,68
SL050,34014141047,13471,12846,6332,6514,625,293,332
SL050,34014141048,2646,2598,1291,1307,48,27,21
SL050,34014141049,12650,11993,6086,5907,657,313,344
SL050,34014141050,6485,6303,3124,3179,182,90,92
SL050,34014141051,2944,2851,1466,1385,93,42,51
SL050,34014141052,3834,3792,1953,1839,42,16,26
SL050,34014141053,27432,26747,13377,13370,685,318,367
SL050,34014141054,860,814,415,399,46,20,26
SL050,34014141055,18861,18390,9123,9267,471,228,243
SL050,34014141056,4572,4488,2270,2218,84,37,47
SL050,34014141057,282,274,139,135,8,2,6
SL050,34014141058,23473,22618,11323,11295,855,421,434
SL050,34014141059,45890,43192,21141,22051,2698,1207,1491
SL050,34014141060,19580,18902,9467,9435,678,314,364
SL050,34014141061,2626,2584,1322,1262,42,18,24
SL050,34014141062,2720,2626,1357,1269,94,48,46
SL050,34014141063,3460,3379,1711,1668,81,48,33
SL050,34014141064,7081,6970,3497,3473,111,45,66
SL050,34014141065,27844,27214,13451,13763,630,277,353
SL050,34014141066,1581,1565,777,788,16,5,11
SL050,34014141067,9390,8995,4531,4464,395,179,216
SL050,34014141068,17622,17255,8633,8622,367,147,220
SL050,34014141069,38246,37498,18871,18627,748,349,399
SL050,34014141070,8552,8173,4139,4034,379,172,207
SL050,34014141071,6924,6778,3384,3394,146,62,84
SL050,34014141072,5205,4948,2458,2490,257,121,136
SL050,34014141073,2037,1993,991,1002,44,15,29
SL050,34014141074,3669,3607,1817,1790,62,27,35
SL050,34014141075,13949,12879,6486,6393,1070,535,535
SL050,34014141076,2658,2546,1301,1245,112,59,53
SL050,34014141077,11033,10731,5338,5393,302,154,148
SL050,34014141078,3013,2945,1463,1482,68,32,36
SL050,34014141079,11879,11409,5669,5740,470,210,260
SL050,34014141080,1507,1477,729,748,30,17,13
SL050,34014141081,38406,36972,18374,18598,1434,639,795
SL050,34014141082,4243,4063,2020,2043,180,86,94
SL050,34014141083,1360,1325,670,655,35,14,21
SL050,34014141084,3445,3340,1652,1688,105,49,56
SL050,34014141085,5477,5210,2545,2665,267,110,157
SL050,34014141086,21195,18995,9266,9729,2200,928,1272
SL050,34014141087,13683,12916,6424,6492,767,350,417
SL050,34014141088,599,586,304,282,13,6,7
SL050,34014141089,8442,8119,4039,4080,323,150,173
SL050,34014141090,4301,4167,2066,2101,134,65,69
SL050,34014141091,688711,638316,304682,333634,50395,22253,28142
SL050,34014141092,9578,9340,4637,4703,238,118,120
SL050,34014141093,25220,23855,11864,11991,1365,587,778
SL050,34014141094,8768,8381,4237,4144,387,169,218
SL050,34014141095,52617,51116,25470,25646,1501,670,831
SL050,34014141096,7803,7440,3693,3747,363,135,228
SL050,34014141097,4478,4027,1992,2035,451,222,229
SL050,34014141098,6571,6294,3089,3205,277,119,158
SL050,34014141099,4860,4745,2392,2353,115,46,69
SL050,34014141100,1155,1143,559,584,12,3,9
SL050,34014141101,7797,7476,3791,3685,321,152,169
SL050,34014141102,19191,18540,9283,9257,651,325,326
SL050,34014141901,3307,3274,1613,1661,33,19,14
SL050,34014141902,5857,5709,2856,2853,148,67,81
SL050,34014141903,8628,8327,4193,4134,301,153,148
SL050,34074242001,302,269,145,124,33,17,16
SL050,34074242003,44,44,25,19,0,0,0
SL050,34074242004,3008,2625,1338,1287,383,197,186
SL050,34074242006,189,175,112,63,14,7,7
SL050,34074242007,108,103,54,49,5,3,2
SL050,34074242008,59,58,34,24,1,1,0
SL050,34074242009,87,78,44,34,9,2,7
SL050,34074242010,34,25,16,9,9,5,4
SL050,34074242011,18,13,5,8,5,3,2
SL050,34074242012,30,28,15,13,2,1,1
SL050,34074242013,36,35,21,14,1,0,1
SL050,34074242014,64,63,34,29,1,1,0
SL050,34074242015,33,33,20,13,0,0,0
SL050,34074242016,18,17,13,4,1,0,1
SL050,34074242017,183,147,80,67,36,16,20
SL050,34074242018,139,134,75,59,5,3,2
SL050,34074242019,572,534,314,220,38,22,16
SL050,34074242020,5526,4782,2421,2361,744,386,358
SL050,34074242021,70,70,42,28,0,0,0
SL050,34074242022,236,228,135,93,8,3,5
SL050,34074242023,63,63,38,25,0,0,0
SL050,34074242024,85,85,58,27,0,0,0
SL050,34074242025,1489,1272,671,601,217,118,99
SL050,34074242026,24,24,12,12,0,0,0
SL050,34074242027,81,81,50,31,0,0,0
SL050,34074242028,90,82,46,36,8,2,6
SL050,34074242029,142,135,78,57,7,4,3
SL050,34074242030,103,99,61,38,4,2,2
SL050,34074242031,23,23,16,7,0,0,0
SL050,34074242032,147,146,82,64,1,0,1
SL050,34074242033,51,51,31,20,0,0,0
SL050,34074242034,29,27,17,10,2,1,1
SL050,34074242035,877,810,423,387,67,21,46
SL050,34074242036,44,44,24,20,0,0,0
SL050,34074242037,35,34,19,15,1,0,1
SL050,34074242038,34,34,21,13,0,0,0
SL050,34074242039,240,229,126,103,11,3,8
SL050,34074242041,33,33,18,15,0,0,0
SL050,34074242042,59,57,31,26,2,1,1
SL050,34074242043,4926,4410,2222,2188,516,230,286
SL050,34074242044,56,55,34,21,1,0,1
SL050,34074242045,357,301,169,132,56,34,22
SL050,34074242046,51,49,27,22,2,1,1
SL050,34074242048,57,57,38,19,0,0,0
SL050,34074242049,115,105,62,43,10,6,4
SL050,34074242050,32,32,24,8,0,0,0
SL050,34074242051,16,16,8,8,0,0,0
SL050,34074242052,15,15,11,4,0,0,0
SL050,34074242053,23,23,15,8,0,0,0
SL050,34074242054,17,17,12,5,0,0,0
SL050,34074242055,169,169,87,82,0,0,0
SL050,34074242056,27,27,19,8,0,0,0
SL050,34074242057,169,156,82,74,13,9,4
SL050,34074242058,109,108,62,46,1,0,1
SL050,34074242059,21,20,10,10,1,0,1
SL050,34074242060,30,30,20,10,0,0,0
SL050,34074242061,298,290,178,112,8,3,5
SL050,34074242062,18,18,11,7,0,0,0
SL050,34074242063,50,48,27,21,2,1,1
SL050,34074242064,86,84,42,42,2,1,1
SL050,34074242065,22,22,16,6,0,0,0
SL050,34074242068,79,77,48,29,2,1,1
SL050,34074242069,1720,1665,864,801,55,26,29
SL050,34074242070,35,34,20,14,1,1,0
SL050,34074242071,198,168,94,74,30,15,15
SL050,34074242073,72,72,45,27,0,0,0
SL050,34074242075,83,81,47,34,2,0,2
SL050,34074242076,216,205,110,95,11,4,7
SL050,34074242078,1111,1093,563,530,18,5,13
SL050,34074242079,22,22,15,7,0,0,0
SL050,34074242080,168,162,97,65,6,2,4
SL050,34074242081,168,163,86,77,5,3,2
SL050,34074242082,6,6,5,1,0,0,0
SL050,34074242083,24,24,13,11,0,0,0
SL050,34074242084,18,18,13,5,0,0,0
SL050,34074242085,181,180,104,76,1,1,0
SL050,34074242086,36,36,22,14,0,0,0
SL050,34074242087,53,53,27,26,0,0,0
SL050,34074242088,65,63,38,25,2,0,2
SL050,34074242089,65,63,30,33,2,2,0
SL050,34074242090,88,88,57,31,0,0,0
SL050,34074242092,61,59,35,24,2,1,1
SL050,34074242093,40,34,24,10,6,3,3
SL050,34074242094,736,707,387,320,29,11,18
SL050,34074242095,2568,2418,1276,1142,150,73,77
SL050,34074242096,317,278,157,121,39,18,21
SL050,34074242097,21,18,13,5,3,1,2
SL050,34074242098,9,9,7,2,0,0,0
SL050,34074242100,31,31,20,11,0,0,0
SL050,34074242103,719,616,334,282,103,65,38
SL050,34074242105,52,52,26,26,0,0,0
SL050,34074242106,14,14,10,4,0,0,0
SL050,34074242107,73,73,43,30,0,0,0
SL050,34074242108,13,12,7,5,1,0,1
SL050,34074242110,63,53,32,21,10,6,4
SL050,34074242111,301,293,152,141,8,4,4
SL050,34074242113,721,573,292,281,148,66,82
SL050,34074242115,84,79,46,33,5,4,1
SL050,34074242116,48,45,30,15,3,1,2
SL050,34074242117,161,156,82,74,5,2,3
SL050,34074242118,23,22,16,6,1,0,1
SL050,34074242119,193,161,86,75,32,15,17
SL050,34074242120,153,137,92,45,16,9,7
SL050,34074242121,57,56,36,20,1,0,1
SL050,34074242123,200,173,88,85,27,16,11
SL050,34074242124,60,57,34,23,3,1,2
SL050,34074242125,86,83,54,29,3,2,1
SL050,34074242127,31,31,20,11,0,0,0
SL050,34074242128,49,49,27,22,0,0,0
SL050,34074242129,776,734,390,344,42,23,19
SL050,34074242130,53,53,36,17,0,0,0
SL050,34074242131,56,56,30,26,0,0,0
SL050,34074242132,150,145,77,68,5,3,2
SL050,34074242134,3626,3001,1564,1437,625,315,310
SL050,34074242135,70,69,40,29,1,1,0
SL050,34074242139,20,20,11,9,0,0,0
SL050,34074242140,14,14,9,5,0,0,0
SL050,34074242141,106,105,67,38,1,1,0
SL050,34074242142,57,50,25,25,7,2,5
SL050,34074242144,488,442,252,190,46,22,24
SL050,34074242145,154,144,91,53,10,5,5
SL050,34074242148,8,8,4,4,0,0,0
SL050,34074242149,477,429,245,184,48,22,26
SL050,34074242151,38,38,17,21,0,0,0
SL050,34074242152,87,75,45,30,12,5,7
SL050,34074242153,14,14,9,5,0,0,0
SL050,34074242154,106,101,61,40,5,4,1
SL050,34074242155,163,155,92,63,8,4,4
SL050,34074242156,30,29,20,9,1,0,1
SL050,34074242157,9,9,7,2,0,0,0
SL050,34074242158,126,107,64,43,19,10,9
SL050,34074242159,39,37,25,12,2,1,1
SL050,34074242160,265,257,144,113,8,2,6
SL050,34074242161,144,144,80,64,0,0,0
SL050,34074242162,3010,2587,1350,1237,423,230,193
SL050,34074242163,55,49,31,18,6,2,4
SL050,34074242164,2047,1792,920,872,255,117,138
SL050,34074242165,617,449,242,207,168,99,69
SL050,34074242166,58,58,36,22,0,0,0
SL050,34074242167,267,253,141,112,14,7,7
SL050,34074242168,102,101,57,44,1,0,1
SL050,34074242171,138,120,70,50,18,8,10
SL050,34074242172,32,32,17,15,0,0,0
SL050,34074242173,39112,33965,15840,18125,5147,2586,2561
SL050,34074242174,180,168,89,79,12,7,5
SL050,34074242175,25,21,14,7,4,1,3
SL050,34074242176,28,28,16,12,0,0,0
SL050,34074242177,66,64,36,28,2,1,1
SL050,34074242178,118,112,67,45,6,2,4
SL050,34074242181,430,410,219,191,20,10,10
SL050,34074242182,43,43,25,18,0,0,0
SL050,34074242183,106,100,57,43,6,3,3
SL050,34074242184,58,57,31,26,1,0,1
SL050,34074242185,25,25,13,12,0,0,0
SL050,34074242187,66,60,42,18,6,4,2
SL050,34074242188,52,43,17,26,9,5,4
SL050,34074242189,52,51,28,23,1,0,1
SL050,34074242190,90,89,48,41,1,1,0
SL050,34074242191,193,187,102,85,6,3,3
SL050,34074242192,42,41,30,11,1,0,1
SL050,34074242193,20,15,9,6,5,2,3
SL050,34074242194,159,152,68,84,7,2,5
SL050,34074242195,109,97,56,41,12,7,5
SL050,34074242196,9,8,5,3,1,1,0
SL050,34074242197,71,70,39,31,1,1,0
SL050,34074242198,25,25,15,10,0,0,0
SL050,34074242200,86,78,51,27,8,4,4
SL050,34074242201,25,23,14,9,2,1,1
SL050,34074242202,21,19,10,9,2,1,1
SL050,34074242204,53,52,39,13,1,0,1
SL050,34074242205,90,87,55,32,3,0,3
SL050,34074242206,8,8,6,2,0,0,0
SL050,34074242207,50,50,26,24,0,0,0
SL050,34074242208,22,21,14,7,1,1,0
SL050,34074242209,145,142,88,54,3,2,1
SL050,34074242211,87,86,51,35,1,0,1
SL050,34074242212,70,67,44,23,3,2,1
SL050,34074242213,34,30,17,13,4,2,2
SL050,34074242215,874,846,459,387,28,9,19
SL050,34074242216,27,25,17,8,2,2,0
SL050,34074242217,36,36,23,13,0,0,0
SL050,34074242218,92,78,49,29,14,9,5
SL050,34074242219,38,37,22,15,1,1,0
SL050,34094343001,893,809,410,399,84,47,37
SL050,34094343002,2371,2171,1097,1074,200,105,95
SL050,34094343003,464,431,221,210,33,17,16
SL050,34094343004,9402,7532,3783,3749,1870,971,899
SL050,34094343005,5108,4481,2214,2267,627,319,308
SL050,34094343006,838,762,380,382,76,40,36
SL050,34094343007,864,762,388,374,102,54,48
SL050,34094343008,368,343,186,157,25,9,16
SL050,34094343009,1788,1630,836,794,158,80,78
SL050,34094343010,426,399,188,211,27,12,15
SL050,34094343011,1342,1270,639,631,72,32,40
SL050,34094343012,5120,4422,2165,2257,698,326,372
SL050,34094343013,6801,5236,2609,2627,1565,789,776
SL050,34094343014,20606,17075,8541,8534,3531,1810,1721
SL050,34094343015,116,108,64,44,8,4,4
SL050,34094343016,5505,4322,2198,2124,1183,638,545
SL050,34094343017,129,122,72,50,7,2,5
SL050,34094343018,466,443,223,220,23,9,14
SL050,34094343019,1674,1527,800,727,147,71,76
SL050,34094343020,3128,2810,1429,1381,318,154,164
SL050,34094343021,476,413,225,188,63,33,30
SL050,34094343022,1898,1701,847,854,197,97,100
SL050,34094343023,300,259,135,124,41,21,20
SL050,34094343024,2190,1953,997,956,237,123,114
SL050,34094343025,714,649,311,338,65,31,34
SL050,34094343026,1142,901,461,440,241,159,82
SL050,34094343027,219,200,107,93,19,12,7
SL050,34094343028,3464,3195,1702,1493,269,134,135
SL050,34094343029,379,355,184,171,24,14,10
SL050,34094343030,687,588,301,287,99,49,50
SL050,34094343031,2080,1834,940,894,246,120,126
SL050,34094343032,601,555,278,277,46,27,19
SL050,34094343033,1070,954,490,464,116,64,52
SL050,34094343034,673,587,288,299,86,45,41
SL050,34094343035,305,283,145,138,22,14,8
SL050,34094343036,1141,1007,530,477,134,67,67
SL050,34094343037,25444,19992,10116,9876,5452,2651,2801
SL050,34094343038,33362,26285,13007,13278,7077,3300,3777
SL050,34094343039,96,96,51,45,0,0,0
SL050,34094343040,398,368,183,185,30,17,13
SL050,34094343041,235,228,115,113,7,1,6
SL050,34094343042,2868,2717,1369,1348,151,69,82
SL050,34094343043,4344,3901,2052,1849,443,201,242
SL050,34094343044,5644,4774,2396,2378,870,444,426
SL050,34094343045,170,157,84,73,13,6,7
SL050,34094343046,103,99,52,47,4,2,2
SL050,34094343047,6516,5207,2692,2515,1309,719,590
SL050,34094343048,1023,888,454,434,135,77,58
SL050,34094343049,964,851,454,397,113,56,57
SL050,34094343050,3526,2984,1513,1471,542,275,267
SL050,34094343051,12326,10226,5034,5192,2100,982,1118
SL050,34094343052,1170,1077,526,551,93,44,49
SL050,34094343053,237,206,120,86,31,17,14
SL050,34094343054,3742,3302,1602,1700,440,208,232
SL050,34094343055,2807,2368,1174,1194,439,231,208
SL050,34094343056,965,927,455,472,38,20,18
SL050,34094343057,42,39,26,13,3,1,2
SL050,34094343058,104,95,53,42,9,6,3
SL050,34094343059,315,297,145,152,18,11,7
SL050,34094343060,3491,3089,1540,1549,402,211,191
SL050,34094343061,42,41,25,16,1,0,1
SL050,34094343062,369,299,146,153,70,42,28
SL050,34094343063,719,611,316,295,108,56,52
SL050,34094343064,3009,2419,1225,1194,590,309,281
SL050,34094343065,525,438,221,217,87,48,39
SL050,34094343066,201,193,93,100,8,4,4
SL050,34094343067,762,615,323,292,147,80,67
SL050,34094343068,591,548,269,279,43,22,21
SL050,34094343069,226,189,106,83,37,20,17
SL050,34094343070,270,261,123,138,9,2,7
SL050,34094343071,1146,1032,539,493,114,59,55
SL050,34094343072,118,111,60,51,7,2,5
SL050,34094343073,100,88,47,41,12,9,3
SL050,34094343074,2327,2181,1081,1100,146,65,81
SL050,34094343075,94,83,51,32,11,6,5
SL050,34094343076,599,528,276,252,71,44,27
SL050,34094343077,577,517,253,264,60,32,28
SL050,34094343078,1066,965,489,476,101,55,46
SL050,34094343079,498,427,235,192,71,40,31
SL050,34094343080,276,268,145,123,8,5,3
SL050,34094343081,799,768,398,370,31,12,19
SL050,34094343082,498,415,220,195,83,55,28
SL050,34094343083,183,177,86,91,6,4,2
SL050,34094343084,706,615,331,284,91,49,42
SL050,34094343085,281,249,125,124,32,22,10
SL050,34094343086,7384,6361,3211,3150,1023,527,496
SL050,34094343088,2828,2519,1306,1213,309,150,159
SL050,34094343089,383,351,189,162,32,17,15
SL050,34094343090,1437,1320,700,620,117,64,53
SL050,34094343091,167,141,82,59,26,16,10
SL050,34094343092,11809,8455,4399,4056,3354,1741,1613
SL050,34094343093,5642,4677,2309,2368,965,489,476
SL050,34094343094,3071,2527,1238,1289,544,287,257
SL050,34094343095,3649,3171,1618,1553,478,230,248
SL050,34094343096,157,111,62,49,46,25,21
SL050,34094343097,570,511,255,256,59,27,32
SL050,34094343098,477,438,235,203,39,21,18
SL050,34094343099,353,318,149,169,35,19,16
SL050,34094343100,4739,4521,2292,2229,218,92,126
SL050,34094343101,150,139,81,58,11,6,5
SL050,34094343102,561,535,264,271,26,10,16
SL050,34094343103,1265,1156,609,547,109,48,61
SL050,34094343104,2863,2107,1083,1024,756,395,361
SL050,34094343105,210,194,107,87,16,8,8
SL050,34094343106,998,925,465,460,73,36,37
SL050,34094343107,503,477,253,224,26,15,11
SL050,34094343108,2305,2132,1109,1023,173,86,87
SL050,34094343109,3893,3458,1777,1681,435,204,231
SL050,34094343110,328,294,160,134,34,20,14
SL050,34094343111,2828,2490,1329,1161,338,156,182
SL050,34094343112,335,295,156,139,40,26,14
SL050,34094343113,512,458,228,230,54,31,23
SL050,34094343114,441,411,220,191,30,12,18
SL050,34094343115,159,150,69,81,9,2,7
SL050,34094343116,589,525,276,249,64,31,33
SL050,34094343117,179,165,88,77,14,8,6
SL050,34094343118,709,481,253,228,228,121,107
SL050,34094343119,1151,1059,543,516,92,43,49
SL050,34094343120,521,478,272,206,43,24,19
SL050,34094343121,787,684,335,349,103,52,51
SL050,34094343122,153,140,74,66,13,6,7
SL050,34094343123,103477,86302,41718,44584,17175,8312,8863
SL050,34094343124,576,539,296,243,37,22,15
SL050,34094343125,1112,1015,530,485,97,59,38
SL050,34094343126,1701,1526,758,768,175,87,88
SL050,34094343127,1131,946,486,460,185,105,80
SL050,34094343128,1186,1065,561,504,121,61,60
SL050,34094343129,6565,5749,2946,2803,816,429,387
SL050,34094343130,260,235,124,111,25,16,9
SL050,34094343131,6461,5527,2841,2686,934,464,470
SL050,34094343132,480,424,227,197,56,31,25
SL050,34094343133,7961,6690,3407,3283,1271,704,567
SL050,34094343134,384,337,171,166,47,26,21
SL050,34094343135,564,437,229,208,127,69,58
SL050,34094343136,14611,12195,5938,6257,2416,1185,1231
SL050,34094343137,2551,2355,1216,1139,196,98,98
SL050,34094343138,3777,3201,1627,1574,576,289,287
SL050,34094343139,2697,2434,1204,1230,263,132,131
SL050,34094343140,3328,2983,1501,1482,345,180,165
SL050,34094343141,114,108,60,48,6,3,3
SL050,34094343142,1544,1309,662,647,235,117,118
SL050,34094343143,60,55,28,27,5,4,1
SL050,34094343144,1697,1522,758,764,175,88,87
SL050,34094343145,5632,5222,2628,2594,410,196,214
SL050,34094343146,47,47,32,15,0,0,0
SL050,34094343147,619,583,302,281,36,16,20
SL050,34094343148,132299,107696,52013,55683,24603,12269,12334
SL050,34094343149,882,757,389,368,125,62,63
SL050,34094343150,1639,1444,720,724,195,96,99
SL050,34094343151,137,129,67,62,8,4,4
SL050,34094343152,628,500,251,249,128,74,54
SL050,34094343153,15992,12783,6280,6503,3209,1541,1668
SL050,34094343154,148,134,77,57,14,5,9
SL050,34094343155,33510,26998,13109,13889,6512,3498,3014
SL050,34094343156,6240,4791,2420,2371,1449,789,660
SL050,34094343157,402,380,219,161,22,10,12
SL050,34094343158,98,95,58,37,3,1,2
SL050,34094343159,85,76,48,28,9,3,6
SL050,34094343160,1738,1561,798,763,177,81,96
SL050,34094343161,24156,20513,10028,10485,3643,2003,1640
SL050,34094343162,6386,5293,2678,2615,1093,517,576
SL050,34094343163,37153,30673,15226,15447,6480,3226,3254
SL050,34094343164,410,357,202,155,53,27,26
SL050,34094343165,746,664,340,324,82,46,36
SL050,34094343166,2339,2078,1058,1020,261,127,134
SL050,34094343167,549,475,250,225,74,35,39
SL050,34094343168,117,106,60,46,11,3,8
SL050,34094343169,579,513,259,254,66,40,26
SL050,34094343170,1253,1054,543,511,199,112,87
SL050,34094343171,22107,18258,9154,9104,3849,1929,1920
SL050,34094343172,456,416,215,201,40,22,18
SL050,34094343173,132,121,68,53,11,6,5
SL050,34094343174,202,176,94,82,26,17,9
SL050,34094343175,635,617,313,304,18,8,10
SL050,34094343176,917,856,473,383,61,32,29
SL050,34094343177,432,348,174,174,84,48,36
SL050,34094343178,1974,1681,888,793,293,142,151
SL050,34094343901,11505,10391,5205,5186,1114,587,527
SL050,34094343902,3481,3236,1625,1611,245,109,136
SL050,34094343903,3278,2801,1427,1374,477,239,238
SL050,34094343904,4137,3363,1718,1645,774,468,306
SL050,34094343905,26775,16796,8564,8232,9979,5292,4687
SL050,34094343906,3280,2417,1250,1167,863,420,443
SL050,34094343907,5842,5393,2652,2741,449,206,243
SL050,34024444001,76,73,46,27,3,2,1
SL050,34024444002,49,49,31,18,0,0,0
SL050,34024444003,18,17,6,11,1,0,1
SL050,34024444004,522,427,210,217,95,48,47
SL050,34024444005,63,52,30,22,11,6,5
SL050,34024444006,264,245,123,122,19,11,8
SL050,34024444007,178,162,89,73,16,9,7
SL050,34024444008,2004,1823,927,896,181,96,85
SL050,34024444009,1016,868,450,418,148,67,81
SL050,34024444010,257,198,106,92,59,31,28
SL050,34024444011,63,56,34,22,7,4,3
SL050,34024444012,347,325,179,146,22,14,8
SL050,34024444013,15939,13856,6901,6955,2083,1018,1065
SL050,34024444014,3276,2951,1495,1456,325,161,164
SL050,34024444016,531,488,261,227,43,20,23
SL050,34024444017,358,321,180,141,37,20,17
SL050,34024444018,16,16,11,5,0,0,0
SL050,34024444019,62,61,36,25,1,1,0
SL050,34024444020,22,22,13,9,0,0,0
SL050,34024444021,126,120,60,60,6,3,3
SL050,34024444022,582,536,276,260,46,19,27
SL050,34024444023,29,18,11,7,11,5,6
SL050,34024444024,27,27,17,10,0,0,0
SL050,34024444025,7633,6948,3490,3458,685,357,328
SL050,34024444026,105,101,60,41,4,1,3
SL050,34024444027,206,166,81,85,40,22,18
SL050,34024444028,198,184,91,93,14,5,9
SL050,34024444029,708,631,313,318,77,42,35
SL050,34024444031,94,87,44,43,7,2,5
SL050,34024444032,20,20,12,8,0,0,0
SL050,34024444033,311,276,158,118,35,14,21
SL050,34024444034,153,146,82,64,7,4,3
SL050,34024444035,118,110,59,51,8,5,3
SL050,34024444036,31,25,15,10,6,3,3
SL050,34024444037,541,514,262,252,27,11,16
SL050,34024444038,113,105,50,55,8,4,4
SL050,34024444039,225,212,102,110,13,5,8
SL050,34024444040,244,222,112,110,22,13,9
SL050,34024444041,70,62,39,23,8,5,3
SL050,34024444042,125,116,71,45,9,3,6
SL050,34024444043,95,93,62,31,2,0,2
SL050,34024444044,106,93,52,41,13,5,8
SL050,34024444045,443,408,231,177,35,21,14
SL050,34024444046,63,55,27,28,8,7,1
SL050,34024444047,243,229,121,108,14,9,5
SL050,34024444048,55,52,30,22,3,1,2
SL050,34024444049,1011,923,454,469,88,49,39
SL050,34024444050,4319,3653,1815,1838,666,323,343
SL050,34024444051,3708,3001,1480,1521,707,362,345
SL050,34024444052,74,74,45,29,0,0,0
SL050,34024444053,124,114,65,49,10,4,6
SL050,34024444054,113,111,71,40,2,0,2
SL050,34024444055,86,71,43,28,15,9,6
SL050,34024444056,619,515,268,247,104,53,51
SL050,34024444059,714,637,326,311,77,47,30
SL050,34024444060,39,39,25,14,0,0,0
SL050,34024444061,87,80,49,31,7,4,3
SL050,34024444062,35,34,24,10,1,1,0
SL050,34024444063,98,77,41,36,21,11,10
SL050,34024444064,71,68,43,25,3,0,3
SL050,34024444065,62,60,38,22,2,1,1
SL050,34024444066,104,103,57,46,1,1,0
SL050,34024444067,160,139,73,66,21,9,12
SL050,34024444068,831,778,406,372,53,26,27
SL050,34024444070,52,52,34,18,0,0,0
SL050,34024444071,676,618,325,293,58,24,34
SL050,34024444074,630,512,254,258,118,56,62
SL050,34024444075,396,360,204,156,36,23,13
SL050,34024444076,2606,2397,1236,1161,209,115,94
SL050,34024444077,100,82,54,28,18,8,10
SL050,34024444080,344,321,166,155,23,17,6
SL050,34024444082,109,103,54,49,6,4,2
SL050,34024444084,61,56,26,30,5,1,4
SL050,34024444085,52,51,31,20,1,0,1
SL050,34024444086,571,507,259,248,64,30,34
SL050,34024444087,68,68,33,35,0,0,0
SL050,34024444088,41,28,17,11,13,9,4
SL050,34024444089,54,50,35,15,4,1,3
SL050,34024444090,80,73,41,32,7,5,2
SL050,34024444092,86,78,47,31,8,0,8
SL050,34024444093,122,98,55,43,24,14,10
SL050,34024444094,131,127,68,59,4,2,2
SL050,34024444096,180,160,81,79,20,10,10
SL050,34024444097,139,129,65,64,10,3,7
SL050,34024444099,885,758,397,361,127,75,52
SL050,34024444100,210,187,99,88,23,16,7
SL050,34024444101,63,61,34,27,2,1,1
SL050,34024444102,28,28,16,12,0,0,0
SL050,34024444103,151,134,79,55,17,7,10
SL050,34024444105,75,72,37,35,3,2,1
SL050,34024444106,205,180,99,81,25,14,11
SL050,34024444107,238,220,123,97,18,7,11
SL050,34024444108,443,336,183,153,107,64,43
SL050,34024444109,116,108,63,45,8,4,4
SL050,34024444110,42,42,24,18,0,0,0
SL050,34024444111,101,90,53,37,11,5,6
SL050,34024444112,461,441,239,202,20,10,10
SL050,34024444113,114,85,43,42,29,17,12
SL050,34024444114,286,259,131,128,27,14,13
SL050,34024444115,161,125,66,59,36,17,19
SL050,34024444116,89,83,45,38,6,3,3
SL050,34024444117,376,347,185,162,29,15,14
SL050,34024444118,200,183,101,82,17,7,10
SL050,34024444119,143,133,81,52,10,4,6
SL050,34024444120,242,239,137,102,3,1,2
SL050,34024444121,72,69,37,32,3,2,1
SL050,34024444122,1709,1501,750,751,208,116,92
SL050,34024444123,119,106,61,45,13,6,7
SL050,34024444124,85,84,44,40,1,0,1
SL050,34024444125,67,63,39,24,4,2,2
SL050,34024444126,414,342,177,165,72,39,33
SL050,34024444127,65,58,32,26,7,5,2
SL050,34024444128,70,68,37,31,2,0,2
SL050,34024444129,40,38,24,14,2,1,1
SL050,34024444130,34,33,19,14,1,0,1
SL050,34024444131,34,27,16,11,7,4,3
SL050,34024444132,78,68,36,32,10,6,4
SL050,34024444133,24,20,15,5,4,2,2
SL050,34024444135,101,99,62,37,2,1,1
SL050,34024444136,55,52,27,25,3,2,1
SL050,34024444137,249,215,119,96,34,25,9
SL050,34024444138,129,116,73,43,13,5,8
SL050,34024444141,172,150,77,73,22,13,9
SL050,34024444142,27,26,15,11,1,0,1
SL050,34024444143,519,426,230,196,93,44,49
SL050,34024444144,417,377,189,188,40,21,19
SL050,34024444145,1272,1123,584,539,149,80,69
SL050,34024444146,265,197,91,106,68,40,28
SL050,34024444147,539,451,232,219,88,53,35
SL050,34024444148,98,88,52,36,10,6,4
SL050,34024444149,116,112,64,48,4,3,1
SL050,34024444150,35,31,21,10,4,2,2
SL050,34024444151,243,201,103,98,42,22,20
SL050,34024444152,65,65,46,19,0,0,0
SL050,34024444153,2433,2085,1037,1048,348,171,177
SL050,34024444154,340,302,176,126,38,25,13
SL050,34024444155,1243,1207,608,599,36,15,21
SL050,34024444156,50,48,26,22,2,1,1
SL050,34024444157,63,63,35,28,0,0,0
SL050,34024444158,1541,1328,657,671,213,112,101
SL050,34024444159,55,51,28,23,4,2,2
SL050,34024444160,551,509,272,237,42,28,14
SL050,34024444161,599,496,249,247,103,62,41
SL050,34024444163,133,129,70,59,4,2,2
SL050,34024444164,25,25,16,9,0,0,0
SL050,34024444165,217,191,110,81,26,13,13
SL050,34024444167,45,37,20,17,8,4,4
SL050,34024444168,205,194,101,93,11,7,4
SL050,34024444169,377,352,197,155,25,9,16
SL050,34024444171,226,209,123,86,17,6,11
SL050,34024444172,364,325,170,155,39,20,19
SL050,34024444173,122,117,64,53,5,3,2
SL050,34024444174,487,449,243,206,38,24,14
SL050,34024444175,126,115,63,52,11,5,6
SL050,34024444176,169,161,93,68,8,6,2
SL050,34024444177,110,106,62,44,4,2,2
SL050,34024444178,53,52,30,22,1,0,1
SL050,34024444179,439,375,199,176,64,43,21
SL050,34024444180,76,75,42,33,1,0,1
SL050,34024444181,88,81,47,34,7,2,5
SL050,34024444182,221,200,106,94,21,12,9
SL050,34024444183,79,75,39,36,4,3,1
SL050,34024444184,43,41,27,14,2,1,1
SL050,34024444185,114,106,68,38,8,5,3
SL050,34024444187,243,228,114,114,15,7,8
SL050,34024444189,48,46,29,17,2,0,2
SL050,34024444190,68,66,36,30,2,0,2
SL050,34024444191,908,839,422,417,69,34,35
SL050,34024444192,453,399,222,177,54,31,23
SL050,34024444193,112,80,43,37,32,15,17
SL050,34024444194,143,119,70,49,24,14,10
SL050,34024444195,93,92,53,39,1,1,0
SL050,34024444196,144,138,64,74,6,3,3
SL050,34024444197,61,53,29,24,8,4,4
SL050,34024444198,206,202,112,90,4,1,3
SL050,34024444199,50,46,26,20,4,2,2
SL050,34024444200,38,38,23,15,0,0,0
SL050,34024444201,627,557,290,267,70,37,33
SL050,34024444203,17,11,6,5,6,5,1
SL050,34024444204,26,26,17,9,0,0,0
SL050,34024444205,783,727,363,364,56,32,24
SL050,34024444206,125,109,68,41,16,11,5
SL050,34024444207,148,146,76,70,2,2,0
SL050,34024444208,37,31,17,14,6,1,5
SL050,34024444209,1037,891,450,441,146,78,68
SL050,34024444210,1133,925,473,452,208,118,90
SL050,34024444211,39,38,25,13,1,0,1
SL050,34024444212,39,36,16,20,3,1,2
SL050,34024444213,80,65,38,27,15,7,8
SL050,34024444215,183,169,94,75,14,9,5
SL050,34024444216,35691,31561,15057,16504,4130,1917,2213
SL050,34024444217,30,28,23,5,2,2,0
SL050,34024444218,31,29,17,12,2,2,0
SL050,34024444219,213,196,104,92,17,8,9
SL050,34024444220,156,129,70,59,27,16,11
SL050,34024444221,423,404,215,189,19,3,16
SL050,34024444222,127,124,83,41,3,0,3
SL050,34024444223,89,79,36,43,10,7,3
SL050,34024444224,28,22,13,9,6,2,4
SL050,34024444225,132,113,51,62,19,12,7
SL050,34024444226,154,132,73,59,22,8,14
SL050,34024444227,88,77,40,37,11,5,6
SL050,34024444228,107,98,54,44,9,6,3
SL050,34024444229,183,153,90,63,30,15,15
SL050,34024444230,189,172,84,88,17,11,6
SL050,34024444231,38,37,15,22,1,0,1
SL050,34024444232,447,378,201,177,69,36,33
SL050,34024444234,64,63,39,24,1,0,1
SL050,34024444235,106,99,50,49,7,3,4
SL050,34024444236,65,61,31,30,4,1,3
SL050,34024444237,436,401,198,203,35,19,16
SL050,34024444238,2970,2664,1367,1297,306,167,139
SL050,34024444239,21,21,11,10,0,0,0
SL050,34024444240,174,159,90,69,15,7,8
SL050,34024444241,622,583,284,299,39,24,15
SL050,34024444243,35,27,16,11,8,5,3
SL050,34024444244,87,83,48,35,4,2,2
SL050,34024444245,279,266,128,138,13,7,6
SL050,34024444246,2388,1938,955,983,450,252,198
SL050,34024444247,325,317,161,156,8,3,5
SL050,34024444249,48,46,26,20,2,2,0
SL050,34024444250,20,19,12,7,1,0,1
SL050,34024444251,297,271,139,132,26,14,12
SL050,34024444252,94,82,54,28,12,6,6
SL050,34024444256,47,45,26,19,2,1,1
SL050,34024444257,164,159,93,66,5,3,2
SL050,34024444258,60,60,37,23,0,0,0
SL050,34024444260,177,151,93,58,26,12,14
SL050,34024444261,862,799,414,385,63,34,29
SL050,34024444262,160,159,85,74,1,1,0
SL050,34024444263,494,437,219,218,57,33,24
SL050,34024444264,327,271,154,117,56,28,28
SL050,34024444265,249,198,102,96,51,31,20
SL050,34024444266,125,116,50,66,9,4,5
SL050,34024444267,79,74,33,41,5,5,0
SL050,34024444268,16,16,5,11,0,0,0
SL050,34084545001,2244,2138,1053,1085,106,63,43
SL050,34084545002,3562,3206,1692,1514,356,182,174
SL050,34084545003,692,635,332,303,57,27,30
SL050,34084545004,669,632,327,305,37,20,17
SL050,34084545005,275,250,127,123,25,12,13
SL050,34084545006,1703,1608,796,812,95,47,48
SL050,34084545007,797,761,372,389,36,22,14
SL050,34084545008,162,144,75,69,18,12,6
SL050,34084545009,542,518,266,252,24,7,17
SL050,34084545010,434,395,196,199,39,22,17
SL050,34084545011,305,295,155,140,10,5,5
SL050,34084545012,783,697,353,344,86,35,51
SL050,34084545013,2159,1911,1006,905,248,127,121
SL050,34084545014,5032,4776,2444,2332,256,127,129
SL050,34084545015,829,726,368,358,103,43,60
SL050,34084545016,6341,5751,2902,2849,590,264,326
SL050,34084545017,289,286,140,146,3,2,1
SL050,34084545018,856,700,370,330,156,75,81
SL050,34084545019,10092,9142,4576,4566,950,485,465
SL050,34084545020,1529,1366,679,687,163,84,79
SL050,34084545021,3706,3162,1658,1504,544,278,266
SL050,34084545022,430,413,211,202,17,9,8
SL050,34084545023,3184,2986,1554,1432,198,87,111
SL050,34084545024,1308,1257,653,604,51,19,32
SL050,34084545025,1789,1480,746,734,309,176,133
SL050,34084545026,240,227,118,109,13,6,7
SL050,34084545027,347,323,171,152,24,16,8
SL050,34084545028,4640,4323,2198,2125,317,153,164
SL050,34084545029,210,200,100,100,10,3,7
SL050,34084545030,539,512,287,225,27,13,14
SL050,34084545031,3745,3326,1748,1578,419,202,217
SL050,34084545032,556,495,247,248,61,35,26
SL050,34084545033,364,347,185,162,17,5,12
SL050,34084545034,1740,1529,785,744,211,108,103
SL050,34084545035,342,307,167,140,35,16,19
SL050,34084545036,731,696,365,331,35,8,27
SL050,34084545037,1872,1749,884,865,123,60,63
SL050,34084545038,4761,4333,2269,2064,428,200,228
SL050,34084545039,271,255,127,128,16,9,7
SL050,34084545040,1743,1394,764,630,349,171,178
SL050,34084545041,5422,4504,2392,2112,918,461,457
SL050,34084545042,208,185,94,91,23,9,14
SL050,34084545043,917,831,414,417,86,41,45
SL050,34084545045,1725,1561,804,757,164,94,70
SL050,34084545046,3263,2940,1483,1457,323,167,156
SL050,34084545047,3687,3234,1689,1545,453,226,227
SL050,34084545048,418,372,204,168,46,26,20
SL050,34084545049,509,481,244,237,28,14,14
SL050,34084545050,532,508,272,236,24,9,15
SL050,34084545051,2206,1994,1043,951,212,98,114
SL050,34084545052,4269,4108,2073,2035,161,77,84
SL050,34084545053,10098,9514,4781,4733,584,320,264
SL050,34084545054,5355,4602,2323,2279,753,432,321
SL050,34084545055,1335,1192,610,582,143,83,60
SL050,34084545056,3765,2906,1531,1375,859,438,421
SL050,34084545057,261,252,135,117,9,4,5
SL050,34084545058,404,385,199,186,19,10,9
SL050,34084545059,2201,1987,1013,974,214,119,95
SL050,34084545060,207,184,97,87,23,10,13
SL050,34084545061,3199,2810,1466,1344,389,182,207
SL050,34084545062,1437,1307,657,650,130,58,72
SL050,34084545063,439,411,233,178,28,11,17
SL050,34084545064,5449,4888,2463,2425,561,281,280
SL050,34084545065,233,230,122,108,3,0,3
SL050,34084545066,11032,9266,4716,4550,1766,864,902
SL050,34084545067,3016,2710,1364,1346,306,144,162
SL050,34084545068,187,182,96,86,5,2,3
SL050,34084545069,2289,2119,1075,1044,170,83,87
SL050,34084545070,1781,1647,824,823,134,73,61
SL050,34084545071,2236,2088,1064,1024,148,63,85
SL050,34084545072,798,735,394,341,63,34,29
SL050,34084545073,334,297,149,148,37,20,17
SL050,34084545074,394,371,204,167,23,13,10
SL050,34084545075,152,142,88,54,10,4,6
SL050,34084545076,680,608,328,280,72,33,39
SL050,34084545077,683,627,326,301,56,25,31
SL050,34084545078,1681,1597,791,806,84,36,48
SL050,34084545079,406,388,201,187,18,10,8
SL050,34084545080,5,5,4,1,0,0,0
SL050,34084545081,28064,24174,12359,11815,3890,1879,2011
SL050,34084545082,1405,1317,656,661,88,43,45
SL050,34084545083,685,607,308,299,78,31,47
SL050,34084545084,2600,2472,1286,1186,128,67,61
SL050,34084545085,2345,1918,997,921,427,231,196
SL050,34084545086,573,525,283,242,48,21,27
SL050,34084545087,10532,9842,4920,4922,690,361,329
SL050,34084545088,3401,2935,1519,1416,466,220,246
SL050,34084545089,1732,1625,831,794,107,58,49
SL050,34084545090,396,387,188,199,9,3,6
SL050,34084545091,461,438,216,222,23,11,12
SL050,34084545092,255,243,120,123,12,5,7
SL050,34084545093,153,151,80,71,2,0,2
SL050,34084545094,439,403,204,199,36,19,17
SL050,34084545095,853,768,384,384,85,43,42
SL050,34084545096,1258,1167,596,571,91,51,40
SL050,34084545097,1265,1231,637,594,34,15,19
SL050,34084545098,2702,2478,1287,1191,224,136,88
SL050,34084545099,4957,4481,2306,2175,476,239,237
SL050,34084545100,222,211,108,103,11,10,1
SL050,34084545101,4908,4400,2193,2207,508,260,248
SL050,34084545102,4829,4409,2228,2181,420,208,212
SL050,34084545103,407,398,221,177,9,5,4
SL050,34084545104,506,467,250,217,39,18,21
SL050,34084545105,408,398,211,187,10,7,3
SL050,34084545106,9737,8881,4405,4476,856,484,372
SL050,34084545107,4610,4276,2200,2076,334,161,173
SL050,34084545108,538,493,263,230,45,15,30
SL050,34084545109,3647,3321,1701,1620,326,181,145
SL050,34084545110,2042,1930,1026,904,112,54,58
SL050,34084545111,62,59,30,29,3,2,1
SL050,34084545112,2567,2172,1095,1077,395,256,139
SL050,34084545113,2171,2001,1014,987,170,97,73
SL050,34084545114,626,588,302,286,38,13,25
SL050,34084545115,3486,3144,1580,1564,342,191,151
SL050,34084545116,881,769,380,389,112,68,44
SL050,34084545117,883,855,454,401,28,12,16
SL050,34084545118,2767,2463,1276,1187,304,143,161
SL050,34084545119,4846,4214,2218,1996,632,316,316
SL050,34084545120,131,123,71,52,8,3,5
SL050,34084545121,11067,8768,4468,4300,2299,1125,1174
SL050,34084545122,7657,6681,3463,3218,976,473,503
SL050,34084545123,4279,3858,2101,1757,421,168,253
SL050,34084545124,2624,2482,1241,1241,142,70,72
SL050,34084545125,2658,2537,1255,1282,121,53,68
SL050,34084545126,338,271,141,130,67,36,31
SL050,34084545127,907,836,449,387,71,38,33
SL050,34084545128,3238,3047,1536,1511,191,93,98
SL050,34084545129,119,112,56,56,7,2,5
SL050,34084545130,343,309,164,145,34,20,14
SL050,34084545131,305,291,169,122,14,5,9
SL050,34084545132,2907,2772,1439,1333,135,63,72
SL050,34084545133,3788,3388,1685,1703,400,206,194
SL050,34084545134,2188,1919,964,955,269,134,135
SL050,34084545135,5278,5011,2539,2472,267,137,130
SL050,34084545136,7811,6923,3503,3420,888,466,422
SL050,34084545137,2188,1956,988,968,232,115,117
SL050,34084545138,1246,1211,602,609,35,18,17
SL050,34084545139,161,154,83,71,7,3,4
SL050,34084545140,1521,1293,662,631,228,114,114
SL050,34084545141,1006,949,478,471,57,35,22
SL050,34084545142,10918,9636,4762,4874,1282,651,631
SL050,34084545143,1511,1393,713,680,118,60,58
SL050,34084545144,945,825,452,373,120,57,63
SL050,34084545145,4206,3236,1689,1547,970,622,348
SL050,34084545146,105,100,51,49,5,3,2
SL050,34084545147,741,683,352,331,58,23,35
SL050,34084545148,289,279,158,121,10,5,5
SL050,34084545149,594,558,277,281,36,18,18
SL050,34084545150,438,425,228,197,13,7,6
SL050,34084545151,726,625,298,327,101,62,39
SL050,34084545152,694,632,330,302,62,32,30
SL050,34084545153,1805,1712,861,851,93,46,47
SL050,34084545154,1871,1714,918,796,157,78,79
SL050,34084545155,365,335,191,144,30,15,15
SL050,34084545156,4238,3979,2010,1969,259,132,127
SL050,34084545157,2946,2516,1335,1181,430,211,219
SL050,34084545158,3217,2908,1488,1420,309,161,148
SL050,34084545159,100,96,58,38,4,2,2
SL050,34084545160,1353,1309,655,654,44,23,21
SL050,34084545161,24255,18870,9898,8972,5385,2601,2784
SL050,34084545162,698,662,362,300,36,17,19
SL050,34084545163,11021,9847,4928,4919,1174,630,544
SL050,34084545164,193,189,101,88,4,2,2
SL050,34084545165,83009,74833,36047,38786,8176,3820,4356
SL050,34084545166,1996,1798,904,894,198,110,88
SL050,34084545167,1783,1586,800,786,197,90,107
SL050,34084545168,84282,75589,36426,39163,8693,3816,4877
SL050,34084545169,213,203,103,100,10,7,3
SL050,34084545170,225,205,115,90,20,7,13
SL050,34084545171,1702,1582,805,777,120,61,59
SL050,34084545172,731,708,361,347,23,12,11
SL050,34084545173,13278,11658,5767,5891,1620,777,843
SL050,34084545174,346,331,168,163,15,6,9
SL050,34084545175,768,705,357,348,63,37,26
SL050,34084545176,5336,4852,2527,2325,484,228,256
SL050,34084545177,2558,2389,1189,1200,169,85,84
SL050,34084545179,586,552,271,281,34,12,22
SL050,34084545180,4218,3566,1815,1751,652,321,331
SL050,34084545181,2865,2727,1421,1306,138,69,69
SL050,34084545182,1127,1048,524,524,79,48,31
SL050,34084545183,3268,2932,1558,1374,336,158,178
SL050,34084545184,229,222,109,113,7,4,3
SL050,34084545185,9689,9210,4579,4631,479,244,235
SL050,34084545186,3723,3485,1731,1754,238,122,116
SL050,34084545187,4929,4665,2318,2347,264,136,128
SL050,34084545188,3769,3394,1695,1699,375,192,183
SL050,34084545189,867,730,381,349,137,64,73
SL050,34084545190,539,520,263,257,19,9,10
SL050,34084545191,620,607,318,289,13,7,6
SL050,34084545192,3298,2883,1484,1399,415,233,182
SL050,34084545193,728,699,361,338,29,14,15
SL050,34084545194,73,66,33,33,7,5,2
SL050,34084545195,2582,2431,1215,1216,151,67,84
SL050,34084545196,1793,1654,832,822,139,65,74
SL050,34084545197,2496,2243,1154,1089,253,125,128
SL050,34084545198,2390,2111,1085,1026,279,142,137
SL050,34084545199,4351,3839,2092,1747,512,242,270
SL050,34084545200,5983,5428,2742,2686,555,319,236
SL050,34084545201,5164,4366,2299,2067,798,407,391
SL050,34084545202,5083,4717,2447,2270,366,174,192
SL050,34084545203,3759,3267,1663,1604,492,253,239
SL050,34084545204,809,742,379,363,67,40,27
SL050,34084545205,10968,9022,4639,4383,1946,979,967
SL050,34084545901,1024,863,457,406,161,77,84
SL050,34104646001,1046,894,476,418,152,81,71
SL050,34104646002,1393,1237,655,582,156,84,72
SL050,34104646003,1162,1121,571,550,41,15,26
SL050,34104646004,2413,2297,1143,1154,116,60,56
SL050,34104646005,29341,27297,13406,13891,2044,976,1068
SL050,34104646006,5908,5300,2636,2664,608,297,311
SL050,34104646007,16270,15076,7569,7507,1194,569,625
SL050,34104646008,3329,3029,1494,1535,300,175,125
SL050,34104646009,3944,3697,1819,1878,247,114,133
SL050,34104646010,1202,1088,570,518,114,62,52
SL050,34104646011,10556,9123,4484,4639,1433,746,687
SL050,34104646012,1127,1060,558,502,67,35,32
SL050,34104646013,24222,21113,10385,10728,3109,1453,1656
SL050,34104646014,3983,3633,1789,1844,350,158,192
SL050,34104646015,9908,8988,4521,4467,920,454,466
SL050,34104646016,1297,1230,609,621,67,37,30
SL050,34104646017,44393,39027,18973,20054,5366,2712,2654
SL050,34104646018,654,632,337,295,22,13,9
SL050,34104646019,11938,10710,5221,5489,1228,629,599
SL050,34104646020,5188,4585,2268,2317,603,318,285
SL050,34104646021,31492,29221,14562,14659,2271,1129,1142
SL050,34104646022,20763,17785,8700,9085,2978,1474,1504
SL050,34104646023,440,374,194,180,66,32,34
SL050,34104646024,539,503,257,246,36,10,26
SL050,34104646025,3314,2934,1449,1485,380,155,225
SL050,34104646026,1532,1428,736,692,104,56,48
SL050,34104646027,1262,1146,570,576,116,55,61
SL050,34104646028,470,416,216,200,54,29,25
SL050,34104646029,27285,24524,12121,12403,2761,1438,1323
SL050,34104646030,1019,940,468,472,79,42,37
SL050,34104646031,13100,11931,6011,5920,1169,623,546
SL050,34104646032,7295,6795,3320,3475,500,238,262
SL050,34104646033,258,226,117,109,32,16,16
SL050,34104646034,2379,2180,1104,1076,199,96,103
SL050,34104646035,8932,8099,4079,4020,833,386,447
SL050,34104646036,637,620,343,277,17,10,7
SL050,34104646037,1418,1253,607,646,165,80,85
SL050,34104646038,303,289,190,99,14,8,6
SL050,34104646039,2638,2427,1213,1214,211,108,103
SL050,34104646040,1209,1132,553,579,77,39,38
SL050,34104646041,374,360,203,157,14,8,6
SL050,34104646042,4646,4162,2079,2083,484,248,236
SL050,34104646043,155,143,77,66,12,7,5
SL050,34104646044,5276,4917,2466,2451,359,158,201
SL050,34104646045,1604,1455,744,711,149,78,71
SL050,34104646046,1229,972,513,459,257,125,132
SL050,34104646047,672,633,308,325,39,18,21
SL050,34104646048,4549,4014,2012,2002,535,262,273
SL050,34104646049,314,302,159,143,12,6,6
SL050,34104646050,190,186,107,79,4,1,3
SL050,34104646051,10878,9732,4978,4754,1146,577,569
SL050,34104646052,594,576,274,302,18,6,12
SL050,34104646053,648,617,310,307,31,17,14
SL050,34104646054,14668,13223,6421,6802,1445,707,738
SL050,34104646055,1746,1544,772,772,202,108,94
SL050,34104646056,224,194,104,90,30,13,17
SL050,34104646057,582,551,277,274,31,14,17
SL050,34104646058,2168,2041,1019,1022,127,65,62
SL050,34104646059,1580,1433,715,718,147,74,73
SL050,34104646060,11930,10878,5383,5495,1052,535,517
SL050,34104646061,455,426,223,203,29,11,18
SL050,34104646062,5899,5461,2771,2690,438,215,223
SL050,34104646063,2241,2098,1067,1031,143,70,73
SL050,34104646064,660,614,318,296,46,28,18
SL050,34104646065,1931,1862,953,909,69,32,37
SL050,34104646066,1576,1456,716,740,120,53,67
SL050,34104646067,2224,2056,1025,1031,168,88,80
SL050,34104646068,418,400,220,180,18,6,12
SL050,34104646069,180,162,79,83,18,9,9
SL050,34104646070,23647,21087,10592,10495,2560,1225,1335
SL050,34104646071,524,509,260,249,15,4,11
SL050,34104646072,4214,4094,2077,2017,120,54,66
SL050,34104646073,1347,1221,612,609,126,65,61
SL050,34104646074,3645,3367,1662,1705,278,130,148
SL050,34104646075,159,157,85,72,2,0,2
SL050,34104646076,715,607,306,301,108,61,47
SL050,34104646077,9517,8844,4444,4400,673,315,358
SL050,34104646078,37584,33073,16042,17031,4511,2083,2428
SL050,34104646079,342,319,184,135,23,9,14
SL050,34104646080,1195,1078,554,524,117,59,58
SL050,34104646081,13588,12021,5991,6030,1567,808,759
SL050,34104646082,6575,5931,3081,2850,644,286,358
SL050,34104646083,20424,18167,8874,9293,2257,1233,1024
SL050,34104646084,1876,1758,826,932,118,63,55
SL050,34104646085,15514,13592,6749,6843,1922,977,945
SL050,34104646086,93,87,45,42,6,4,2
SL050,34104646087,136,130,71,59,6,2,4
SL050,34104646088,172,166,87,79,6,2,4
SL050,34104646089,2773,2546,1321,1225,227,108,119
SL050,34104646090,2275,1970,1014,956,305,143,162
SL050,34104646091,145,116,63,53,29,14,15
SL050,34104646092,306,292,155,137,14,5,9
SL050,34104646093,2830,2526,1271,1255,304,145,159
SL050,34104646094,27827,25031,12343,12688,2796,1393,1403
SL050,34104646095,696,650,341,309,46,19,27
SL050,34104646096,334,316,172,144,18,8,10
SL050,34104646097,1125,1064,557,507,61,16,45
SL050,34104646098,3160,2916,1427,1489,244,137,107
SL050,34104646099,818,799,446,353,19,4,15
SL050,34104646100,332,310,157,153,22,13,9
SL050,34104646101,992,949,454,495,43,19,24
SL050,34104646102,24536,22685,11072,11613,1851,906,945
SL050,34104646103,1561,1489,711,778,72,35,37
SL050,34104646104,2239,2170,1099,1071,69,28,41
SL050,34104646105,21918,18243,9001,9242,3675,1909,1766
SL050,34104646106,1498,1459,756,703,39,17,22
SL050,34104646107,2469,2161,1048,1113,308,173,135
SL050,34104646108,494,472,258,214,22,9,13
SL050,34104646109,8319,7271,3634,3637,1048,615,433
SL050,34104646110,29108,24896,12231,12665,4212,2154,2058
SL050,34104646111,14941,13128,6758,6370,1813,915,898
SL050,34104646112,615,546,290,256,69,35,34
SL050,34104646113,3128,2826,1406,1420,302,148,154
SL050,34104646114,704,661,345,316,43,17,26
SL050,34104646115,355,345,198,147,10,5,5
SL050,34104646116,18050,15712,7706,8006,2338,1074,1264
SL050,34104646117,692,647,343,304,45,15,30
SL050,34104646118,4800,4257,2085,2172,543,284,259
SL050,34104646119,903,862,436,426,41,22,19
SL050,34104646120,1432,1363,660,703,69,33,36
SL050,34104646121,122,118,59,59,4,2,2
SL050,34104646122,3547,3215,1625,1590,332,158,174
SL050,34104646123,2490,2247,1141,1106,243,128,115
SL050,34104646124,979,923,468,455,56,28,28
SL050,34104646125,1030,981,485,496,49,28,21
SL050,34104646126,7342,6731,3330,3401,611,296,315
SL050,34104646127,3790,3235,1598,1637,555,284,271
SL050,34104646128,2038,1873,933,940,165,88,77
SL050,34104646129,682,594,327,267,88,49,39
SL050,34104646130,1058,1002,485,517,56,25,31
SL050,34104646131,73829,57052,27661,29391,16777,8634,8143
SL050,34104646132,2828,2664,1345,1319,164,82,82
SL050,34104646133,554,506,267,239,48,30,18
SL050,34104646134,3276,2853,1490,1363,423,214,209
SL050,34104646135,13058,11828,5772,6056,1230,562,668
SL050,34104646136,3462,3110,1605,1505,352,166,186
SL050,34104646137,297,285,139,146,12,6,6
SL050,34104646138,444,412,219,193,32,13,19
SL050,34104646139,5914,5360,2626,2734,554,278,276
SL050,34104646140,491,438,231,207,53,26,27
SL050,34104646141,508,480,254,226,28,16,12
SL050,34104646142,845,813,414,399,32,19,13
SL050,34104646143,5702,4895,2457,2438,807,423,384
SL050,34104646144,776,732,378,354,44,26,18
SL050,34104646145,29045,26021,12693,13328,3024,1501,1523
SL050,34104646146,2145,1937,997,940,208,106,102
SL050,34104646147,22972,19989,10083,9906,2983,1550,1433
SL050,34104646148,1984,1820,945,875,164,73,91
SL050,34104646149,504,409,210,199,95,53,42
SL050,34104646150,2373,2188,1125,1063,185,96,89
SL050,34104646151,893,854,447,407,39,19,20
SL050,34104646152,118,92,48,44,26,14,12
SL050,34104646153,542,506,251,255,36,20,16
SL050,34104646154,1049,970,488,482,79,37,42
SL050,34104646155,1209,1110,571,539,99,52,47
SL050,34104646156,2686,2400,1199,1201,286,145,141
SL050,34104646157,3585,3418,1758,1660,167,74,93
SL050,34104646158,1240,1162,619,543,78,38,40
SL050,34104646159,30693,27462,13541,13921,3231,1587,1644
SL050,34104646160,2439,2255,1100,1155,184,93,91
SL050,34104646161,1828,1726,908,818,102,51,51
SL050,34104646162,1575,1355,706,649,220,127,93
SL050,34104646163,2480,2285,1147,1138,195,85,110
SL050,34104646164,15752,14203,7057,7146,1549,743,806
SL050,34104646165,9538,8601,4288,4313,937,453,484
SL050,34104646166,10662,9734,4797,4937,928,434,494
SL050,34104646167,346,338,177,161,8,3,5
SL050,34104646168,2599,2235,1154,1081,364,188,176
SL050,34104646169,43278,37058,17958,19100,6220,3043,3177
SL050,34104646170,4318,4056,2036,2020,262,125,137
SL050,34104646171,21802,19438,9598,9840,2364,1070,1294
SL050,34104646172,7583,6443,3369,3074,1140,570,570
SL050,34104646173,1631,1547,779,768,84,41,43
SL050,34104646174,1180,1111,563,548,69,38,31
SL050,34104646175,605,524,258,266,81,43,38
SL050,34104646176,2822,2412,1300,1112,410,209,201
SL050,34104646177,6291,5638,2862,2776,653,325,328
SL050,34104646178,6205,5709,3001,2708,496,239,257
SL050,34104646179,2975,2505,1273,1232,470,227,243
SL050,34104646180,838,776,383,393,62,32,30
SL050,34104646181,25199,19999,9713,10286,5200,2667,2533
SL050,34104646182,1766,1536,816,720,230,116,114
SL050,34104646183,8225,7164,3612,3552,1061,512,549
SL050,34104646184,35395,31449,15483,15966,3946,2010,1936
SL050,34104646185,446,427,216,211,19,10,9
SL050,34104646186,25309,23241,11542,11699,2068,994,1074
SL050,34104646187,1543,1397,724,673,146,73,73
SL050,34104646188,1047,859,444,415,188,100,88
SL050,34104646189,576,528,269,259,48,23,25
SL050,34104646190,69156,61131,30467,30664,8025,3787,4238
SL050,34104646191,2777,2237,1169,1068,540,291,249
SL050,34104646192,969,906,452,454,63,29,34
SL050,34104646193,11409,10462,5233,5229,947,419,528
SL050,34104646194,20709,18981,9615,9366,1728,824,904
SL050,34104646195,2688,2208,1112,1096,480,247,233
SL050,34104646196,156,146,72,74,10,5,5
SL050,34104646197,2459,2283,1151,1132,176,86,90
SL050,34104646198,1014,931,477,454,83,36,47
SL050,34104646199,7840,6869,3509,3360,971,431,540
SL050,34104646200,2537,2168,1069,1099,369,167,202
SL050,34104646201,61,61,38,23,0,0,0
SL050,34104646202,24068,21684,11001,10683,2384,1111,1273
SL050,34104646203,4482,4149,2078,2071,333,176,157
SL050,34104646204,8566,7797,3818,3979,769,362,407
SL050,34104646205,19455,17183,8483,8700,2272,1078,1194
SL050,34104646206,662,617,332,285,45,16,29
SL050,34104646207,8929,8226,4058,4168,703,334,369
SL050,34104646208,1358,1245,614,631,113,54,59
SL050,34104646209,2370,2224,1105,1119,146,75,71
SL050,34104646210,440,400,197,203,40,20,20
SL050,34104646211,2395,2120,1054,1066,275,116,159
SL050,34104646212,2152,1922,983,939,230,122,108
SL050,34104646213,20227,18303,9161,9142,1924,932,992
SL050,34104646214,21992,19832,10098,9734,2160,1059,1101
SL050,34104646215,1734,1647,840,807,87,40,47
SL050,34104646216,7160,6475,3220,3255,685,284,401
SL050,34104646217,1114,1036,519,517,78,41,37
SL050,34104646218,1262,1183,610,573,79,35,44
SL050,34104646219,162,140,75,65,22,9,13
SL050,34104646220,65669,56695,27793,28902,8974,4380,4594
SL050,34104646221,433,407,208,199,26,12,14
SL050,34104646222,486,468,233,235,18,7,11
SL050,34104646223,10245,9259,4509,4750,986,481,505
SL050,34104646224,158,149,78,71,9,4,5
SL050,34104646225,379,366,183,183,13,7,6
SL050,34104646226,35,30,16,14,5,2,3
SL050,34104646227,1143,1090,536,554,53,35,18
SL050,34104646228,3091,2808,1441,1367,283,144,139
SL050,34104646229,1171,1050,577,473,121,56,65
SL050,34104646230,18467,16443,8170,8273,2024,1000,1024
SL050,34104646231,3325,2826,1400,1426,499,257,242
SL050,34104646232,1124,958,505,453,166,78,88
SL050,34104646233,4884,4473,2189,2284,411,192,219
SL050,34104646234,352,333,183,150,19,9,10
SL050,34104646235,27460,24874,12224,12650,2586,1307,1279
SL050,34104646236,1109,1055,532,523,54,23,31
SL050,34104646237,9117,8381,4122,4259,736,355,381
SL050,34104646238,17158,15408,7680,7728,1750,874,876
SL050,34104646239,650,493,255,238,157,79,78
SL050,34104646240,280,238,121,117,42,23,19
SL050,34104646241,459,447,234,213,12,7,5
SL050,34104646242,397,359,188,171,38,25,13
SL050,34104646243,148,139,80,59,9,3,6
SL050,34104646244,81245,71845,35441,36404,9400,4596,4804
SL050,34104646245,640,562,293,269,78,41,37
SL050,34104646246,1254,1208,610,598,46,19,27
SL050,34104646247,1132,1079,571,508,53,28,25
SL050,34104646248,6623,5920,3089,2831,703,381,322
SL050,34104646249,11540,10742,5362,5380,798,397,401
SL050,34104646250,791413,655688,310850,344838,135725,65898,69827
SL050,34104646251,3036,2851,1441,1410,185,97,88
SL050,34104646252,126,126,65,61,0,0,0
SL050,34104646253,157,147,79,68,10,6,4
SL050,34104646254,1242,1089,581,508,153,84,69
SL050,34104646255,4303,3794,1844,1950,509,251,258
SL050,34104646256,9550,8510,4446,4064,1040,506,534
SL050,34104646257,7095,6400,3154,3246,695,347,348
SL050,34104646258,3579,3181,1606,1575,398,209,189
SL050,34104646259,586,533,279,254,53,28,25
SL050,34104646260,3380,3215,1574,1641,165,69,96
SL050,34104646261,2073,1953,1007,946,120,61,59
SL050,34104646262,227,226,120,106,1,0,1
SL050,34104646263,365,270,158,112,95,42,53
SL050,34104646902,392,378,177,201,14,7,7
SL050,34104646903,8846,7961,3985,3976,885,389,496
SL050,34104646904,974,909,445,464,65,38,27
SL050,34074747001,58,58,36,22,0,0,0
SL050,34074747002,23,22,16,6,1,0,1
SL050,34074747003,244,222,130,92,22,12,10
SL050,34074747004,1382,1259,671,588,123,69,54
SL050,34074747005,640,579,305,274,61,40,21
SL050,34074747006,222,219,119,100,3,1,2
SL050,34074747007,5455,5124,2672,2452,331,144,187
SL050,34074747008,21,21,10,11,0,0,0
SL050,34074747009,105,104,67,37,1,1,0
SL050,34074747010,19632,18555,9434,9121,1077,450,627
SL050,34074747011,549,547,306,241,2,0,2
SL050,34074747012,108,105,49,56,3,1,2
SL050,34074747013,96,96,54,42,0,0,0
SL050,34074747014,56,45,28,17,11,8,3
SL050,34074747015,244,196,112,84,48,22,26
SL050,34074747016,68,66,34,32,2,1,1
SL050,34074747017,210,209,114,95,1,1,0
SL050,34074747018,39,37,23,14,2,1,1
SL050,34074747019,95,84,48,36,11,5,6
SL050,34074747020,298,291,166,125,7,3,4
SL050,34074747021,84,80,45,35,4,2,2
SL050,34074747022,61,61,26,35,0,0,0
SL050,34074747023,4154,3921,2012,1909,233,112,121
SL050,34074747024,304,252,137,115,52,27,25
SL050,34074747025,120,116,60,56,4,2,2
SL050,34074747026,68,47,28,19,21,12,9
SL050,34074747027,3693,3535,1811,1724,158,67,91
SL050,34074747028,36,35,19,16,1,1,0
SL050,34074747029,58,50,29,21,8,4,4
SL050,34074747030,1102,1024,563,461,78,39,39
SL050,34074747031,228,213,127,86,15,8,7
SL050,34074747032,155,149,88,61,6,2,4
SL050,34074747033,228,217,123,94,11,5,6
SL050,34074747034,72,71,42,29,1,1,0
SL050,34074747035,1024,1015,537,478,9,5,4
SL050,34074747036,244,224,126,98,20,11,9
SL050,34074747037,174,170,84,86,4,0,4
SL050,34074747038,110,103,61,42,7,4,3
SL050,34074747039,179,178,102,76,1,0,1
SL050,34074747040,63,63,33,30,0,0,0
SL050,34074747041,161,157,92,65,4,2,2
SL050,34074747042,65,55,38,17,10,4,6
SL050,34074747043,309,289,171,118,20,7,13
SL050,34074747044,372,365,195,170,7,3,4
SL050,34074747045,861,807,404,403,54,26,28
SL050,34074747046,147,130,74,56,17,8,9
SL050,34074747047,225,211,133,78,14,7,7
SL050,34074747048,225,200,110,90,25,13,12
SL050,34074747049,94,94,54,40,0,0,0
SL050,34074747050,5160,4827,2467,2360,333,167,166
SL050,34074747051,381,374,196,178,7,5,2
SL050,34074747052,9049,8594,4350,4244,455,222,233
SL050,34074747053,144,141,71,70,3,0,3
SL050,34074747054,691,672,362,310,19,11,8
SL050,34074747055,209,205,111,94,4,3,1
SL050,34074747056,100,87,50,37,13,8,5
SL050,34074747057,307,281,158,123,26,18,8
SL050,34074747058,226,218,112,106,8,4,4
SL050,34074747059,126,111,74,37,15,5,10
SL050,34074747060,257,241,138,103,16,13,3
SL050,34074747061,272,263,142,121,9,3,6
SL050,34074747062,173,165,94,71,8,5,3
SL050,34074747063,110,107,56,51,3,1,2
SL050,34074747064,34,34,20,14,0,0,0
SL050,34074747065,913,901,482,419,12,5,7
SL050,34074747066,1640,1521,798,723,119,46,73
SL050,34074747067,156,148,79,69,8,2,6
SL050,34074747068,35,32,16,16,3,1,2
SL050,34074747069,129,127,66,61,2,1,1
SL050,34074747070,34,31,17,14,3,1,2
SL050,34074747071,524,462,246,216,62,2,60
SL050,34074747073,127,125,61,64,2,2,0
SL050,34074747074,166,155,91,64,11,6,5
SL050,34074747075,6370,5625,2823,2802,745,368,377
SL050,34074747076,22645,21462,10729,10733,1183,522,661
SL050,34074747077,246,241,156,85,5,2,3
SL050,34074747078,175,174,94,80,1,0,1
SL050,34074747079,61,57,30,27,4,2,2
SL050,34074747080,55,46,22,24,9,5,4
SL050,34074747081,48,46,24,22,2,0,2
SL050,34074747082,1045,951,488,463,94,48,46
SL050,34074747083,107,92,56,36,15,7,8
SL050,34074747084,1590,1250,624,626,340,173,167
SL050,34074747085,20583,19326,9352,9974,1257,624,633
SL050,34074747086,4716,4473,2181,2292,243,130,113
SL050,34074747087,428,379,198,181,49,26,23
SL050,34074747088,110,104,57,47,6,2,4
SL050,34074747089,157,141,76,65,16,10,6
SL050,34074747090,3252,2869,1491,1378,383,217,166
SL050,34074747091,78,75,41,34,3,1,2
SL050,34074747092,116,112,66,46,4,3,1
SL050,34074747093,884,865,469,396,19,11,8
SL050,34074747094,158,138,78,60,20,11,9
SL050,34074747095,41,41,26,15,0,0,0
SL050,34074747096,142,126,66,60,16,8,8
SL050,34074747097,366,351,187,164,15,6,9
SL050,34074747098,669,640,324,316,29,16,13
SL050,34074747099,159,159,80,79,0,0,0
SL050,34074747100,139,139,78,61,0,0,0
SL050,34074747101,2039,1927,992,935,112,51,61
SL050,34074747102,294,292,165,127,2,0,2
SL050,34074747103,313,287,159,128,26,14,12
SL050,34074747104,3654,3256,1607,1649,398,190,208
SL050,34074747105,212,206,113,93,6,2,4
SL050,34074747106,57,46,23,23,11,8,3
SL050,34074747109,190,182,95,87,8,5,3
SL050,34074747110,484,479,241,238,5,3,2
SL050,34074747111,1142,1095,555,540,47,25,22
SL050,34074747112,3322,3043,1561,1482,279,144,135
SL050,34074747113,185,166,94,72,19,9,10
SL050,34074747114,5090,4686,2356,2330,404,184,220
SL050,34074747115,298,285,160,125,13,10,3
SL050,34074747116,457,442,245,197,15,6,9
SL050,34074747117,330,325,167,158,5,3,2
SL050,34074747118,167,165,94,71,2,1,1
SL050,34074747119,91,89,49,40,2,1,1
SL050,34074747121,593,573,300,273,20,13,7
SL050,34074747122,2454,2306,1218,1088,148,73,75
SL050,34074747123,541,535,298,237,6,4,2
SL050,34074747124,496,453,237,216,43,24,19
SL050,34074747125,55,54,31,23,1,0,1
SL050,34074747126,48,48,27,21,0,0,0
SL050,34074747127,158,146,81,65,12,7,5
SL050,34074747128,61,58,27,31,3,1,2
SL050,34074747129,1019,970,512,458,49,23,26
SL050,34074747130,105,104,54,50,1,0,1
SL050,34074747131,182,173,95,78,9,2,7
SL050,34074747132,47,46,26,20,1,1,0
SL050,34074747133,3764,3646,1866,1780,118,56,62
SL050,34074747134,161,156,87,69,5,1,4
SL050,34074747135,97,97,56,41,0,0,0
SL050,34074747137,32,32,19,13,0,0,0
SL050,34074747138,235,230,130,100,5,2,3
SL050,34074747139,1285,1111,568,543,174,95,79
SL050,34074747140,114,114,73,41,0,0,0
SL050,34074747141,130,130,74,56,0,0,0
SL050,34074747142,140,130,80,50,10,6,4
SL050,34074747143,117,117,65,52,0,0,0
SL050,34074747144,86,82,45,37,4,3,1
SL050,34074747145,671,660,349,311,11,6,5
SL050,34074747146,339,324,171,153,15,7,8
SL050,34074747147,113,111,59,52,2,1,1
SL050,34074747148,495,465,251,214,30,12,18
SL050,34074747149,51,50,25,25,1,0,1
SL050,34074747150,328,293,141,152,35,20,15
SL050,34074747151,29,26,14,12,3,1,2
SL050,34074747152,91,77,41,36,14,9,5
SL050,34074747153,115,111,59,52,4,1,3
SL050,34074747154,158,148,85,63,10,5,5
SL050,34074747155,4346,4118,2120,1998,228,111,117
SL050,34074747156,168,166,88,78,2,1,1
SL050,34074747157,583,544,289,255,39,21,18
SL050,34074747158,1094,994,505,489,100,50,50
SL050,34074747159,1135,984,507,477,151,88,63
SL050,34074747160,431,425,227,198,6,2,4
SL050,34074747161,5242,4917,2504,2413,325,155,170
SL050,34074747162,55,55,31,24,0,0,0
SL050,34074747163,294,293,142,151,1,0,1
SL050,34074747164,433,392,206,186,41,27,14
SL050,34074747165,8825,8009,4085,3924,816,392,424
SL050,34074747166,275,265,132,133,10,2,8
SL050,34074747167,247,243,125,118,4,2,2
SL050,34074747168,33,31,20,11,2,1,1
SL050,34074747169,71,69,35,34,2,1,1
SL050,34074747170,42,40,22,18,2,2,0
SL050,34074747171,425,420,221,199,5,2,3
SL050,34074747172,150,148,79,69,2,0,2
SL050,34074747173,1089,978,535,443,111,54,57
SL050,34074747174,298,281,154,127,17,10,7
SL050,34074747175,8547,8054,4120,3934,493,244,249
SL050,34074747176,238,217,106,111,21,16,5
SL050,34074747177,102,101,60,41,1,1,0
SL050,34074747178,188,171,94,77,17,10,7
SL050,34074747179,471,416,224,192,55,27,28
SL050,34074747180,61,59,31,28,2,1,1
SL050,34074747181,197,178,96,82,19,7,12
SL050,34074747182,1657,1551,811,740,106,52,54
SL050,34074747183,133,126,65,61,7,2,5
SL050,34074747184,647,609,328,281,38,20,18
SL050,34074747185,100,90,54,36,10,6,4
SL050,34074747186,298866,277745,130807,146938,21121,9575,11546
SL050,34074747187,94,87,52,35,7,5,2
SL050,34074747188,108,106,58,48,2,1,1
SL050,34074747189,162,159,90,69,3,0,3
SL050,34074747190,113,113,54,59,0,0,0
SL050,34074747191,108,108,69,39,0,0,0
SL050,34074747192,108,102,60,42,6,3,3
SL050,34074747193,2038,1946,1024,922,92,41,51
SL050,34074747194,337,317,165,152,20,10,10
SL050,34074747195,504,482,271,211,22,6,16
SL050,34074747196,34,34,15,19,0,0,0
SL050,34074747197,1033,981,516,465,52,30,22
SL050,34074747198,82,71,43,28,11,4,7
SL050,34074747199,74,69,45,24,5,2,3
SL050,34074747200,83,81,53,28,2,1,1
SL050,34074747203,65,58,30,28,7,5,2
SL050,34074747204,274,255,131,124,19,6,13
SL050,34074747205,505,414,223,191,91,51,40
SL050,34074747206,82,81,45,36,1,1,0
SL050,34074747207,309,279,164,115,30,16,14
SL050,34074747208,67,61,32,29,6,2,4
SL050,34074747209,35,35,23,12,0,0,0
SL050,34074747210,458,425,203,222,33,18,15
SL050,34074747211,55,55,30,25,0,0,0
SL050,34074747212,400,373,199,174,27,18,9
SL050,34074747213,123,113,58,55,10,4,6
SL050,34074747214,1606,1502,748,754,104,43,61
SL050,34074747215,53,52,27,25,1,0,1
SL050,34074747216,128,123,72,51,5,3,2
SL050,34074747217,2692,2554,1328,1226,138,64,74
SL050,34074747218,1170,1100,580,520,70,30,40
SL050,34074747219,58,44,24,20,14,7,7
SL050,34074747220,172,165,87,78,7,3,4
SL050,34074747221,107,106,64,42,1,1,0
SL050,34074747222,85,85,46,39,0,0,0
SL050,34074747223,167,164,92,72,3,2,1
SL050,34074747224,103,98,53,45,5,2,3
SL050,34074747225,83,80,46,34,3,1,2
SL050,34074747226,167,164,94,70,3,2,1
SL050,34074747227,60,60,37,23,0,0,0
SL050,34074747228,514,499,265,234,15,8,7
SL050,34074747229,239,232,110,122,7,3,4
SL050,34074747230,328,325,172,153,3,2,1
SL050,34074747231,6212,5897,3028,2869,315,153,162
SL050,34074747232,114,112,61,51,2,2,0
SL050,34164848001,7533,7084,3536,3548,449,235,214
SL050,34164848002,9545,9221,4578,4643,324,123,201
SL050,34164848003,19140,17324,8501,8823,1816,879,937
SL050,34164848004,419,393,207,186,26,8,18
SL050,34164848005,156,143,65,78,13,7,6
SL050,34164848006,393,369,183,186,24,10,14
SL050,34164848007,460,433,240,193,27,9,18
SL050,34164848008,734,703,385,318,31,10,21
SL050,34164848009,970,936,457,479,34,20,14
SL050,34164848010,567,546,281,265,21,9,12
SL050,34164848011,12230,11539,5633,5906,691,324,367
SL050,34164848012,2645,2477,1266,1211,168,73,95
SL050,34164848013,100435,91461,44397,47064,8974,4152,4822
SL050,34164848014,1541,1464,720,744,77,37,40
SL050,34164848015,40762,37861,18378,19483,2901,1397,1504
SL050,34164848016,7130,6734,3328,3406,396,167,229
SL050,34164848017,16688,15326,7535,7791,1362,704,658
SL050,34164848018,1247,1029,532,497,218,153,65
SL050,34164848019,4678,4308,2143,2165,370,195,175
SL050,34164848020,345821,306718,144866,161852,39103,18065,21038
SL050,34164848021,1637,1561,793,768,76,32,44
SL050,34164848022,2715,2591,1369,1222,124,39,85
SL050,34164848023,735,698,347,351,37,18,19
SL050,34164848024,1242,1182,595,587,60,29,31
SL050,34164848025,1059,1026,529,497,33,15,18
SL050,34164848026,1447,1400,732,668,47,18,29
SL050,34164848027,29636,26706,13009,13697,2930,1501,1429
SL050,34164848028,831,764,402,362,67,22,45
SL050,34164848029,11304,10791,5428,5363,513,232,281
SL050,34164848030,772,690,340,350,82,45,37
SL050,34164848031,346,331,164,167,15,8,7
SL050,34164848032,7336,6841,3380,3461,495,245,250
SL050,34164848033,239,231,131,100,8,3,5
SL050,34164848034,15890,14745,7316,7429,1145,599,546
SL050,34164848035,545,510,255,255,35,15,20
SL050,34164848036,29288,27873,13807,14066,1415,631,784
SL050,34164848037,829,798,434,364,31,11,20
SL050,34164848038,1375,1316,654,662,59,23,36
SL050,34164848039,320,311,158,153,9,3,6
SL050,34164848040,1673,1591,801,790,82,33,49
SL050,34164848041,840,770,391,379,70,31,39
SL050,34164848042,1686,1578,812,766,108,42,66
SL050,34164848043,5683,5312,2658,2654,371,151,220
SL050,34164848044,78276,70806,33665,37141,7470,2974,4496
SL050,34164848045,6681,6204,3005,3199,477,219,258
SL050,34164848046,16972,14983,7224,7759,1989,955,1034
SL050,34164848047,212,197,103,94,15,8,7
SL050,34164848048,636,613,319,294,23,9,14
SL050,34164848049,725,672,360,312,53,23,30
SL050,34164848050,255,211,119,92,44,36,8
SL050,34164848051,254,236,128,108,18,7,11
SL050,34164848052,2029,1951,953,998,78,28,50
SL050,34164848053,1191,1116,564,552,75,29,46
SL050,34164848054,31495,28930,14229,14701,2565,1137,1428
SL050,34164848055,3521,3243,1627,1616,278,133,145
SL050,34164848056,1241,1182,634,548,59,22,37
SL050,34164848057,7258,6608,3264,3344,650,327,323
SL050,34164848058,1158,1104,564,540,54,22,32
SL050,34164848059,519,488,251,237,31,20,11
SL050,34164848060,4934,4281,2146,2135,653,362,291
SL050,34164848061,982,937,490,447,45,15,30
SL050,34164848062,381,355,185,170,26,9,17
SL050,34164848063,432,409,208,201,23,12,11
SL050,34164848064,755,729,384,345,26,13,13
SL050,34164848065,4124,3885,1936,1949,239,127,112
SL050,34164848066,423,398,212,186,25,13,12
SL050,34164848067,1455,1368,707,661,87,55,32
SL050,34164848068,1835,1723,830,893,112,53,59
SL050,34164848069,17554,15657,7670,7987,1897,882,1015
SL050,34164848070,648,617,310,307,31,9,22
SL050,34164848071,7567,7198,3570,3628,369,161,208
SL050,34164848072,1296,1182,604,578,114,51,63
SL050,34164848073,8397,7696,3756,3940,701,462,239
SL050,34164848074,4180,3852,1955,1897,328,204,124
SL050,34164848075,2651,2509,1236,1273,142,61,81
SL050,34164848076,357,332,177,155,25,9,16
SL050,34164848077,4363,3985,1961,2024,378,173,205
SL050,34164848078,45826,43146,20697,22449,2680,1258,1422
SL050,34164848079,487,463,256,207,24,12,12
SL050,34164848080,11953,11507,5625,5882,446,196,250
SL050,34164848081,2429,2278,1141,1137,151,64,87
SL050,34164848082,45795,43188,20720,22468,2607,1319,1288
SL050,34164848083,8360,8019,3929,4090,341,152,189
SL050,34164848084,27445,25071,12097,12974,2374,1212,1162
SL050,34164848085,13643,12774,6318,6456,869,398,471
SL050,34164848086,2569,2447,1228,1219,122,54,68
SL050,34164848087,511,489,264,225,22,8,14
SL050,34164848088,177,156,79,77,21,13,8
SL050,34164848089,4319,4066,2026,2040,253,110,143
SL050,34164848090,7684,7018,3441,3577,666,287,379
SL050,34164848091,1377,1298,653,645,79,43,36
SL050,34164848092,1041,979,470,509,62,29,33
SL050,34164848093,1212,1076,512,564,136,67,69
SL050,34164848094,4257,3812,1860,1952,445,222,223
SL050,34164848095,3054,2816,1423,1393,238,116,122
SL050,34164848096,8379,7675,3751,3924,704,374,330
SL050,34164848097,1615,1536,764,772,79,35,44
SL050,34164848901,6545,6191,3060,3131,354,156,198
SL050,34164848902,24222,21874,10703,11171,2348,1061,1287
SL050,34164848903,2416,2152,1039,1113,264,173,91
SL050,34164848904,4495,4163,2009,2154,332,161,171
SL050,34164848905,3236,2920,1432,1488,316,152,164
SL050,34164848906,929,869,430,439,60,28,32
SL050,34164848907,444,412,209,203,32,13,19
SL050,34164848908,309,293,149,144,16,7,9
SL050,34164848909,255,240,120,120,15,8,7
SL050,34164848910,3643,3288,1621,1667,355,197,158
SL050,34164848911,482,467,245,222,15,8,7
SL050,34164848912,2903,2726,1360,1366,177,69,108
SL050,34164848913,1492,1426,769,657,66,23,43
SL050,34164848914,418,397,191,206,21,11,10
SL050,34164848915,427,414,220,194,13,7,6
SL050,34074949002,60,59,30,29,1,0,1
SL050,34074949003,1074,915,460,455,159,87,72
SL050,34074949004,123,123,67,56,0,0,0
SL050,34074949005,130,129,74,55,1,1,0
SL050,34074949006,145,145,79,66,0,0,0
SL050,34074949007,402,398,207,191,4,1,3
SL050,34074949008,462,454,244,210,8,1,7
SL050,34074949009,438,419,214,205,19,12,7
SL050,34074949010,405,390,197,193,15,7,8
SL050,34074949011,229,228,126,102,1,1,0
SL050,34074949012,76,76,36,40,0,0,0
SL050,34074949013,247,245,120,125,2,1,1
SL050,34074949014,116,115,58,57,1,0,1
SL050,34074949015,232,225,113,112,7,0,7
SL050,34074949016,260,251,117,134,9,4,5
SL050,34074949017,261,250,124,126,11,7,4
SL050,34074949018,317,300,151,149,17,8,9
SL050,34074949019,258,251,134,117,7,3,4
SL050,34074949020,281,279,152,127,2,1,1
SL050,34074949021,18095,16873,8223,8650,1222,529,693
SL050,34074949022,325,312,166,146,13,6,7
SL050,34074949023,1037,1000,534,466,37,19,18
SL050,34074949024,736,709,359,350,27,10,17
SL050,34074949025,184,176,106,70,8,3,5
SL050,34074949026,228,226,120,106,2,1,1
SL050,34074949027,134,133,65,68,1,1,0
SL050,34074949028,108,108,64,44,0,0,0
SL050,34074949029,656,647,339,308,9,2,7
SL050,34074949030,85,85,44,41,0,0,0
SL050,34074949031,160,156,82,74,4,3,1
SL050,34074949032,305,295,137,158,10,5,5
SL050,34074949033,813,745,374,371,68,33,35
SL050,34074949034,455,426,222,204,29,13,16
SL050,34074949035,236,233,124,109,3,2,1
SL050,34074949036,556,530,269,261,26,14,12
SL050,34074949037,202,195,106,89,7,4,3
SL050,34074949038,104,100,56,44,4,0,4
SL050,34074949039,390,368,196,172,22,13,9
SL050,34074949040,121,117,59,58,4,2,2
SL050,34074949041,478,463,252,211,15,9,6
SL050,34074949042,232,230,113,117,2,0,2
SL050,34074949043,303,280,142,138,23,13,10
SL050,34074949044,87,84,46,38,3,2,1
SL050,34074949046,275,261,145,116,14,7,7
SL050,34074949047,121,110,62,48,11,6,5
SL050,34074949048,116,115,59,56,1,1,0
SL050,34074949050,576,545,290,255,31,16,15
SL050,34074949052,194,192,106,86,2,1,1
SL050,34074949053,1057,1009,518,491,48,25,23
SL050,34074949054,982,942,467,475,40,19,21
SL050,34074949055,106,102,54,48,4,2,2
SL050,34074949056,310,297,150,147,13,7,6
SL050,34074949057,115,112,63,49,3,1,2
SL050,34074949058,320,314,169,145,6,1,5
SL050,34074949059,86,86,54,32,0,0,0
SL050,34074949061,156,147,81,66,9,6,3
SL050,34074949062,110,109,54,55,1,0,1
SL050,34074949063,344,333,171,162,11,6,5
SL050,34074949064,524,511,268,243,13,6,7
SL050,34074949065,1225,1103,559,544,122,63,59
SL050,34074949066,519,494,253,241,25,12,13
SL050,34074949067,376,371,202,169,5,3,2
SL050,34074949068,476,470,258,212,6,3,3
SL050,34074949069,339,335,160,175,4,1,3
SL050,34074949071,761,730,385,345,31,15,16
SL050,34074949075,138,137,73,64,1,1,0
SL050,34074949076,375,354,190,164,21,10,11
SL050,34074949077,180,180,94,86,0,0,0
SL050,34074949078,160,155,86,69,5,1,4
SL050,34074949079,110,106,60,46,4,0,4
SL050,34074949080,702,674,368,306,28,8,20
SL050,34074949081,1491,1379,681,698,112,60,52
SL050,34074949082,379,361,187,174,18,5,13
SL050,34074949083,51,50,24,26,1,0,1
SL050,34074949084,310,299,159,140,11,5,6
SL050,34074949085,1058,997,514,483,61,22,39
SL050,34074949086,112,110,66,44,2,0,2
SL050,34074949087,497,490,268,222,7,3,4
SL050,34074949088,96,96,56,40,0,0,0
SL050,34074949090,222,214,106,108,8,2,6
SL050,34074949091,280,261,135,126,19,10,9
SL050,34074949092,122,119,57,62,3,2,1
SL050,34074949093,324,306,155,151,18,11,7
SL050,34074949094,247,232,122,110,15,7,8
SL050,34074949095,320,304,159,145,16,7,9
SL050,34074949096,162,160,86,74,2,1,1
SL050,34074949097,80,79,45,34,1,1,0
SL050,34074949098,218,213,119,94,5,1,4
SL050,34074949099,98,96,58,38,2,0,2
SL050,34074949100,302,291,157,134,11,7,4
SL050,34074949101,159,159,84,75,0,0,0
SL050,34074949102,195,189,100,89,6,3,3
SL050,34074949103,471,451,237,214,20,10,10
SL050,34074949104,316,309,174,135,7,3,4
SL050,34074949105,151,151,79,72,0,0,0
SL050,34074949107,131,125,56,69,6,2,4
SL050,34074949108,482,476,240,236,6,2,4
SL050,34074949109,669,652,315,337,17,9,8
SL050,34074949110,358,346,185,161,12,7,5
SL050,34074949111,126,124,66,58,2,0,2
SL050,34074949112,128,122,68,54,6,5,1
SL050,34074949113,169,166,97,69,3,1,2
SL050,34074949114,41,41,23,18,0,0,0
SL050,34074949115,194,187,102,85,7,3,4
SL050,34074949116,391,384,197,187,7,4,3
SL050,34074949117,469,456,233,223,13,7,6
SL050,34074949118,224,211,114,97,13,7,6
SL050,34074949119,256,245,137,108,11,5,6
SL050,34074949120,64,54,28,26,10,4,6
SL050,34074949121,409,381,212,169,28,11,17
SL050,34074949122,980,949,494,455,31,10,21
SL050,34074949123,603,584,306,278,19,9,10
SL050,34074949124,261,258,150,108,3,0,3
SL050,34074949125,1705,1633,839,794,72,32,40
SL050,34074949126,274,269,142,127,5,1,4
SL050,34074949127,2907,2787,1464,1323,120,52,68
SL050,34074949128,576,551,275,276,25,14,11
SL050,34074949129,1003,911,487,424,92,45,47
SL050,34074949130,176,174,91,83,2,0,2
SL050,34074949131,263,254,136,118,9,1,8
SL050,34074949132,352,346,179,167,6,3,3
SL050,34074949133,306,295,156,139,11,5,6
SL050,34074949134,179,174,100,74,5,2,3
SL050,34074949135,639,630,324,306,9,4,5
SL050,34074949136,342,322,155,167,20,10,10
SL050,34074949137,185,178,101,77,7,3,4
SL050,34074949138,230,227,125,102,3,1,2
SL050,34074949139,164,160,88,72,4,1,3
SL050,34074949141,336,334,170,164,2,1,1
SL050,34074949142,271,268,137,131,3,2,1
SL050,34074949143,238,224,112,112,14,5,9
SL050,34074949145,232,216,115,101,16,9,7
SL050,34074949146,292,288,142,146,4,3,1
SL050,34074949147,255,242,122,120,13,6,7
SL050,34074949148,274,263,125,138,11,4,7
SL050,34074949149,399,393,195,198,6,4,2
SL050,34074949150,133,129,57,72,4,0,4
SL050,34074949151,692,669,357,312,23,7,16
SL050,34074949152,540,518,280,238,22,7,15
SL050,34074949153,167,161,83,78,6,3,3
SL050,34074949154,123,121,70,51,2,1,1
SL050,34074949155,85,82,45,37,3,0,3
SL050,34074949156,226,225,117,108,1,0,1
SL050,34074949157,200,200,108,92,0,0,0
SL050,34074949158,237,225,120,105,12,5,7
SL050,34074949159,288,279,145,134,9,5,4
SL050,34074949160,37,37,20,17,0,0,0
SL050,34074949162,165,165,90,75,0,0,0
SL050,34074949163,207,203,103,100,4,2,2
SL050,34074949164,162,142,74,68,20,6,14
SL050,34074949165,55,55,30,25,0,0,0
SL050,34074949166,1409,1326,658,668,83,36,47
SL050,34074949167,194,190,106,84,4,2,2
SL050,34074949168,105,96,49,47,9,6,3
SL050,34074949169,38,36,19,17,2,0,2
SL050,34074949170,103,96,51,45,7,3,4
SL050,34074949171,668,641,336,305,27,11,16
SL050,34074949172,528,518,269,249,10,6,4
SL050,34074949173,385,370,182,188,15,8,7
SL050,34074949174,146,132,64,68,14,6,8
SL050,34074949175,267,232,122,110,35,16,19
SL050,34074949176,684,678,381,297,6,1,5
SL050,34074949177,278,269,141,128,9,4,5
SL050,34074949178,923,869,461,408,54,26,28
SL050,34074949179,417,390,213,177,27,13,14
SL050,34074949180,156,153,76,77,3,0,3
SL050,34074949181,365,357,195,162,8,1,7
SL050,34074949183,103,101,45,56,2,2,0
SL050,34074949184,180,175,98,77,5,1,4
SL050,34074949185,185,170,90,80,15,5,10
SL050,34074949186,250,248,120,128,2,2,0
SL050,34074949187,1401,1373,724,649,28,10,18
SL050,34074949188,133,116,66,50,17,11,6
SL050,34074949189,219,211,116,95,8,4,4
SL050,34074949190,52,50,27,23,2,1,1
SL050,34074949191,286,274,137,137,12,5,7
SL050,34074949192,141,135,67,68,6,2,4
SL050,34074949193,463,436,229,207,27,11,16
SL050,34074949194,347,341,175,166,6,3,3
SL050,34074949197,170,169,86,83,1,0,1
SL050,34074949199,262,256,126,130,6,0,6
SL050,34074949200,1075,1042,536,506,33,15,18
SL050,34074949201,307,303,153,150,4,1,3
SL050,34074949202,184,181,105,76,3,2,1
SL050,34074949203,308,304,159,145,4,1,3
SL050,34074949204,55,54,25,29,1,0,1
SL050,34074949205,389,384,198,186,5,2,3
SL050,34074949206,977,880,442,438,97,48,49
SL050,34074949207,259,241,122,119,18,7,11
SL050,34074949208,395,383,200,183,12,9,3
SL050,34074949209,520,499,281,218,21,10,11
SL050,34074949210,506,492,248,244,14,6,8
SL050,34074949214,762,721,374,347,41,19,22
SL050,34074949216,158,155,91,64,3,2,1
SL050,34074949219,8789,8218,4027,4191,571,275,296
SL050,34074949220,146,140,75,65,6,3,3
SL050,34074949221,277,260,134,126,17,10,7
SL050,34074949222,403,393,200,193,10,5,5
SL050,34074949223,872,738,372,366,134,83,51
SL050,34074949224,187,177,87,90,10,5,5
SL050,34074949225,140,137,74,63,3,0,3
SL050,34074949226,264,262,140,122,2,1,1
SL050,34074949227,353,344,179,165,9,4,5
SL050,34074949228,47,47,28,19,0,0,0
SL050,34074949229,134,130,64,66,4,2,2
SL050,34074949230,89,89,48,41,0,0,0
SL050,34074949231,346,333,160,173,13,6,7
SL050,34074949232,107,97,43,54,10,7,3
SL050,34074949233,92,91,52,39,1,0,1
SL050,34074949234,429,404,220,184,25,11,14
SL050,34074949235,383,377,193,184,6,2,4
SL050,34074949236,89,82,43,39,7,4,3
SL050,34074949237,156,155,82,73,1,0,1
SL050,34074949238,205,199,105,94,6,2,4
SL050,34074949239,705,691,355,336,14,7,7
SL050,34074949240,205,201,110,91,4,0,4
SL050,34074949241,254,246,137,109,8,3,5
SL050,34074949242,483,473,246,227,10,6,4
SL050,34074949243,109,106,55,51,3,1,2
SL050,34074949244,48,44,27,17,4,2,2
SL050,34074949245,278,274,135,139,4,2,2
SL050,34074949246,233,233,130,103,0,0,0
SL050,34074949247,444,436,214,222,8,4,4
SL050,34074949248,253,200,99,101,53,24,29
SL050,34074949249,75,66,35,31,9,6,3
SL050,34074949250,1519,1371,680,691,148,75,73
SL050,34074949251,158,158,85,73,0,0,0
SL050,34074949252,324,321,161,160,3,1,2
SL050,34074949255,398,392,210,182,6,1,5
SL050,34074949256,280,262,134,128,18,10,8
SL050,34074949257,336,320,160,160,16,8,8
SL050,34074949258,115,112,65,47,3,2,1
SL050,34074949259,77,72,38,34,5,3,2
SL050,34074949260,857,811,401,410,46,24,22
SL050,34074949261,1858,1795,911,884,63,31,32
SL050,34074949262,418,389,200,189,29,11,18
SL050,34074949263,44,43,23,20,1,1,0
SL050,34074949264,579,568,294,274,11,4,7
SL050,34074949265,126,122,63,59,4,2,2
SL050,34074949266,75,68,39,29,7,3,4
SL050,34074949267,104,103,57,46,1,1,0
SL050,34074949268,404,400,214,186,4,3,1
SL050,34074949269,238,229,108,121,9,3,6
SL050,34074949270,168,154,96,58,14,7,7
SL050,34074949271,194,192,107,85,2,1,1
SL050,34074949272,82,82,42,40,0,0,0
SL050,34074949273,190,184,96,88,6,1,5
SL050,34074949275,61827,58376,27269,31107,3451,1490,1961
SL050,34025050001,97,90,52,38,7,6,1
SL050,34025050002,165,139,80,59,26,16,10
SL050,34025050003,146,136,76,60,10,5,5
SL050,34025050004,631,530,280,250,101,52,49
SL050,34025050005,235,232,126,106,3,2,1
SL050,34025050006,1085,1027,519,508,58,26,32
SL050,34025050007,52,49,34,15,3,0,3
SL050,34025050008,7094,6129,3051,3078,965,475,490
SL050,34025050009,133,104,59,45,29,18,11
SL050,34025050010,72,71,40,31,1,1,0
SL050,34025050011,132,127,65,62,5,3,2
SL050,34025050012,108,104,56,48,4,1,3
SL050,34025050013,251,236,118,118,15,4,11
SL050,34025050014,144,126,75,51,18,8,10
SL050,34025050015,63,63,36,27,0,0,0
SL050,34025050016,49,45,31,14,4,1,3
SL050,34025050017,2312,2154,1119,1035,158,71,87
SL050,34025050018,1441,1070,559,511,371,201,170
SL050,34025050019,62,60,32,28,2,1,1
SL050,34025050020,1036,891,470,421,145,75,70
SL050,34025050021,29,29,12,17,0,0,0
SL050,34025050022,567,553,285,268,14,4,10
SL050,34025050023,252,230,113,117,22,11,11
SL050,34025050024,691,592,323,269,99,59,40
SL050,34025050025,7819,5634,2828,2806,2185,1150,1035
SL050,34025050026,579,492,244,248,87,44,43
SL050,34025050027,256,250,121,129,6,2,4
SL050,34025050028,95,75,45,30,20,17,3
SL050,34025050029,708,662,360,302,46,23,23
SL050,34025050030,213,197,119,78,16,10,6
SL050,34025050031,160,149,94,55,11,5,6
SL050,34025050032,309,268,143,125,41,23,18
SL050,34025050033,72,70,44,26,2,1,1
SL050,34025050034,1139,916,450,466,223,129,94
SL050,34025050035,73,70,43,27,3,0,3
SL050,34025050036,96,95,52,43,1,0,1
SL050,34025050037,156,137,84,53,19,12,7
SL050,34025050038,1793,1556,790,766,237,135,102
SL050,34025050039,543,498,284,214,45,26,19
SL050,34025050040,83,80,45,35,3,2,1
SL050,34025050041,12,11,7,4,1,1,0
SL050,34025050042,17,17,7,10,0,0,0
SL050,34025050043,300,280,154,126,20,10,10
SL050,34025050044,261,245,116,129,16,7,9
SL050,34025050045,1528,1407,708,699,121,60,61
SL050,34025050046,198,176,97,79,22,13,9
SL050,34025050047,47,47,33,14,0,0,0
SL050,34025050048,33,33,18,15,0,0,0
SL050,34025050050,98,96,60,36,2,1,1
SL050,34025050051,948,907,461,446,41,19,22
SL050,34025050052,97,84,47,37,13,11,2
SL050,34025050053,808,729,369,360,79,38,41
SL050,34025050054,56,56,36,20,0,0,0
SL050,34025050055,4922,4373,2221,2152,549,288,261
SL050,34025050056,498,459,257,202,39,14,25
SL050,34025050057,1665,1585,807,778,80,40,40
SL050,34025050058,63,62,33,29,1,0,1
SL050,34025050059,1005,908,481,427,97,46,51
SL050,34025050060,217,183,102,81,34,17,17
SL050,34025050061,217,207,103,104,10,8,2
SL050,34025050062,2432,2233,1138,1095,199,95,104
SL050,34025050063,72,71,40,31,1,1,0
SL050,34025050064,498,467,246,221,31,17,14
SL050,34025050065,32,32,19,13,0,0,0
SL050,34025050066,3891,3453,1867,1586,438,188,250
SL050,34025050067,20035,16403,8062,8341,3632,1803,1829
SL050,34025050068,2861,2321,1203,1118,540,297,243
SL050,34025050069,75,72,43,29,3,1,2
SL050,34025050070,59,56,33,23,3,0,3
SL050,34025050071,149,135,74,61,14,6,8
SL050,34025050072,177,161,86,75,16,7,9
SL050,34025050073,3276,2549,1269,1280,727,386,341
SL050,34025050074,9525,7464,3725,3739,2061,1193,868
SL050,34025050075,92,81,51,30,11,7,4
SL050,34025050076,90,74,42,32,16,9,7
SL050,34025050077,221,219,114,105,2,0,2
SL050,34025050078,265,247,132,115,18,8,10
SL050,34025050079,271,251,139,112,20,11,9
SL050,34025050080,35,35,22,13,0,0,0
SL050,34025050081,592,548,290,258,44,20,24
SL050,34025050082,93,84,47,37,9,4,5
SL050,34025050083,112,103,50,53,9,3,6
SL050,34025050084,65,63,37,26,2,1,1
SL050,34025050085,198,197,103,94,1,0,1
SL050,34025050086,183,174,110,64,9,5,4
SL050,34025050087,37,31,18,13,6,3,3
SL050,34025050088,367,323,174,149,44,21,23
SL050,34025050089,13055,11458,5964,5494,1597,710,887
SL050,34025050090,168,160,78,82,8,4,4
SL050,34025050091,39,39,20,19,0,0,0
SL050,34025050092,508,360,176,184,148,89,59
SL050,34025050093,113,103,56,47,10,6,4
SL050,34025050094,1996,1729,857,872,267,126,141
SL050,34025050095,16605,14326,7195,7131,2279,1258,1021
SL050,34025050096,36,35,19,16,1,0,1
SL050,34025050098,189,164,86,78,25,10,15
SL050,34025050099,4402,3702,1872,1830,700,405,295
SL050,34025050100,345,336,173,163,9,2,7
SL050,34025050101,1026,916,447,469,110,65,45
SL050,34025050102,1152,956,500,456,196,119,77
SL050,34025050104,386,368,179,189,18,9,9
SL050,34025050105,354,322,164,158,32,15,17
SL050,34025050106,141,129,73,56,12,7,5
SL050,34025050107,1240,1143,572,571,97,43,54
SL050,34025050108,54,49,30,19,5,5,0
SL050,34025050109,99,97,60,37,2,1,1
SL050,34025050110,384,357,194,163,27,17,10
SL050,34025050111,202,194,107,87,8,4,4
SL050,34025050113,793,669,354,315,124,68,56
SL050,34025050114,121,113,64,49,8,4,4
SL050,34025050115,4543,3955,2040,1915,588,313,275
SL050,34025050116,229,187,101,86,42,21,21
SL050,34025050117,154,141,81,60,13,5,8
SL050,34025050118,2628,2458,1238,1220,170,86,84
SL050,34025050119,995,963,512,451,32,12,20
SL050,34025050120,54,54,30,24,0,0,0
SL050,34025050121,306,295,154,141,11,7,4
SL050,34025050122,67,66,40,26,1,0,1
SL050,34025050123,597,513,268,245,84,42,42
SL050,34025050124,506,456,246,210,50,28,22
SL050,34025050125,404,374,199,175,30,13,17
SL050,34025050126,2964,2617,1292,1325,347,168,179
SL050,34025050128,31,27,17,10,4,2,2
SL050,34025050129,280,238,124,114,42,23,19
SL050,34025050130,436,400,217,183,36,24,12
SL050,34025050131,237,227,124,103,10,4,6
SL050,34025050132,1072,963,503,460,109,55,54
SL050,34025050133,111,106,58,48,5,1,4
SL050,34025050134,132,129,65,64,3,2,1
SL050,34025050135,100,95,50,45,5,3,2
SL050,34025050136,661,593,321,272,68,41,27
SL050,34025050137,1162,1111,568,543,51,17,34
SL050,34025050138,53,53,31,22,0,0,0
SL050,34025050139,342,321,181,140,21,9,12
SL050,34025050140,166,160,90,70,6,2,4
SL050,34025050141,127,122,63,59,5,1,4
SL050,34025050142,28,26,13,13,2,1,1
SL050,34025050143,763,616,322,294,147,118,29
SL050,34025050144,35,32,23,9,3,1,2
SL050,34025050146,237,221,124,97,16,5,11
SL050,34025050147,945,875,441,434,70,32,38
SL050,34025050148,310,306,167,139,4,1,3
SL050,34025050149,34,34,21,13,0,0,0
SL050,34025050150,827,735,378,357,92,45,47
SL050,34025050151,701,659,352,307,42,16,26
SL050,34025050152,2007,1610,818,792,397,260,137
SL050,34025050153,1133,1066,550,516,67,37,30
SL050,34025050154,151,120,67,53,31,17,14
SL050,34025050155,100,98,63,35,2,0,2
SL050,34025050156,259,240,127,113,19,7,12
SL050,34025050157,323,300,158,142,23,10,13
SL050,34025050159,942,732,360,372,210,101,109
SL050,34025050160,3083,2581,1347,1234,502,265,237
SL050,34025050161,98,97,54,43,1,1,0
SL050,34025050162,181,158,79,79,23,12,11
SL050,34025050163,5663,5173,2668,2505,490,226,264
SL050,34025050164,465,431,214,217,34,15,19
SL050,34025050165,2301,2068,1022,1046,233,145,88
SL050,34025050166,271,264,137,127,7,1,6
SL050,34025050167,240,222,129,93,18,8,10
SL050,34025050168,32,26,14,12,6,5,1
SL050,34025050169,432,378,198,180,54,33,21
SL050,34025050170,413,395,226,169,18,5,13
SL050,34025050171,94,92,57,35,2,1,1
SL050,34025050172,212,186,108,78,26,13,13
SL050,34025050173,159,149,95,54,10,6,4
SL050,34025050174,94,88,50,38,6,3,3
SL050,34025050175,1097,1021,500,521,76,37,39
SL050,34025050176,282,219,124,95,63,38,25
SL050,34025050177,334,319,171,148,15,7,8
SL050,34025050178,362,304,151,153,58,35,23
SL050,34025050179,245,238,129,109,7,3,4
SL050,34025050180,130,122,61,61,8,3,5
SL050,34025050181,1333,1164,607,557,169,77,92
SL050,34025050182,5479,4564,2414,2150,915,441,474
SL050,34025050183,385,358,193,165,27,16,11
SL050,34025050184,107,99,60,39,8,2,6
SL050,34025050185,174,162,98,64,12,6,6
SL050,34025050186,40,39,24,15,1,1,0
SL050,34025050187,66,59,37,22,7,4,3
SL050,34025050188,29,26,17,9,3,1,2
SL050,34025050189,962,790,419,371,172,102,70
SL050,34025050190,850,801,420,381,49,29,20
SL050,34025050191,540,512,259,253,28,10,18
SL050,34025050192,325,279,159,120,46,18,28
SL050,34025050193,827,768,386,382,59,27,32
SL050,34025050194,106,86,53,33,20,11,9
SL050,34025050195,59,54,35,19,5,3,2
SL050,34025050196,118,116,62,54,2,0,2
SL050,34025050197,104,96,58,38,8,5,3
SL050,34025050198,52,49,30,19,3,3,0
SL050,34025050199,395,350,176,174,45,25,20
SL050,34025050200,634,550,287,263,84,46,38
SL050,34025050201,601,542,276,266,59,34,25
SL050,34025050202,158,141,74,67,17,9,8
SL050,34025050203,1293,1242,603,639,51,22,29
SL050,34025050204,3509,2817,1427,1390,692,360,332
SL050,34025050205,90,85,43,42,5,1,4
SL050,34025050206,577,536,294,242,41,14,27
SL050,34025050207,97,96,49,47,1,0,1
SL050,34025050208,2373,2059,1061,998,314,156,158
SL050,34025050209,3908,3451,1809,1642,457,200,257
SL050,34025050210,37,36,22,14,1,1,0
SL050,34025050211,303,247,142,105,56,30,26
SL050,34025050212,36,36,14,22,0,0,0
SL050,34025050213,101,95,51,44,6,3,3
SL050,34025050214,22,19,13,6,3,2,1
SL050,34025050215,21,21,12,9,0,0,0
SL050,34025050216,284,259,137,122,25,15,10
SL050,34025050217,574,495,255,240,79,46,33
SL050,34025050218,120,120,74,46,0,0,0
SL050,34025050219,6173,5524,2846,2678,649,316,333
SL050,34025050220,44,43,26,17,1,0,1
SL050,34025050221,36,35,26,9,1,0,1
SL050,34025050222,1948,1845,933,912,103,57,46
SL050,34025050223,1081,1023,519,504,58,32,26
SL050,34025050224,74,72,43,29,2,2,0
SL050,34025050225,2815,1857,978,879,958,508,450
SL050,34025050227,119,111,57,54,8,2,6
SL050,34025050228,325,285,152,133,40,22,18
SL050,34025050229,72,66,32,34,6,5,1
SL050,34025050230,1324,1253,632,621,71,31,40
SL050,34025050231,304,269,140,129,35,15,20
SL050,34025050232,198,194,94,100,4,1,3
SL050,34025050233,112,108,62,46,4,1,3
SL050,34025050234,286,284,160,124,2,1,1
SL050,34025050235,3134,2832,1469,1363,302,136,166
SL050,34025050236,108,95,56,39,13,7,6
SL050,34025050237,125,122,66,56,3,1,2
SL050,34025050238,98,87,45,42,11,8,3
SL050,34025050239,61,61,39,22,0,0,0
SL050,34025050240,1170,1107,554,553,63,35,28
SL050,34025050241,691,633,339,294,58,35,23
SL050,34025050242,95,93,56,37,2,2,0
SL050,34025050243,370,339,190,149,31,18,13
SL050,34025050244,253,208,111,97,45,25,20
SL050,34025050245,88,88,47,41,0,0,0
SL050,34025050246,31,31,20,11,0,0,0
SL050,34025050247,1089,1015,489,526,74,34,40
SL050,34025050248,588,541,287,254,47,25,22
SL050,34025050249,323,306,179,127,17,8,9
SL050,34025050250,63,59,30,29,4,2,2
SL050,34025050251,10509,9575,4736,4839,934,467,467
SL050,34025050252,6914,5888,2924,2964,1026,523,503
SL050,34025050253,485,408,223,185,77,38,39
SL050,34025050254,192,188,103,85,4,1,3
SL050,34025050255,214,213,113,100,1,0,1
SL050,34025050256,86,83,45,38,3,1,2
SL050,34025050257,172,169,96,73,3,1,2
SL050,34025050258,61,57,34,23,4,1,3
SL050,34025050259,63,63,35,28,0,0,0
SL050,34025050260,32,32,21,11,0,0,0
SL050,34025050261,250,231,122,109,19,8,11
SL050,34025050262,1446,1377,714,663,69,31,38
SL050,34025050263,206,188,114,74,18,4,14
SL050,34025050264,180,153,90,63,27,12,15
SL050,34025050265,89,85,51,34,4,2,2
SL050,34025050266,120,119,74,45,1,0,1
SL050,34025050267,650,625,294,331,25,13,12
SL050,34025050268,55,48,28,20,7,4,3
SL050,34025050269,418,332,175,157,86,56,30
SL050,34025050270,38,37,20,17,1,0,1
SL050,34025050271,271,262,141,121,9,7,2
SL050,34025050272,18602,16499,8280,8219,2103,978,1125
SL050,34025050273,30,30,15,15,0,0,0
SL050,34025050274,64,64,36,28,0,0,0
SL050,34025050275,112,107,67,40,5,2,3
SL050,34025050276,142,126,59,67,16,9,7
SL050,34025050277,68,57,28,29,11,5,6
SL050,34025050278,215,210,112,98,5,2,3
SL050,34025050279,90,81,40,41,9,3,6
SL050,34025050280,360,342,178,164,18,5,13
SL050,34025050281,74,74,40,34,0,0,0
SL050,34025050282,77,63,29,34,14,10,4
SL050,34025050283,88,81,48,33,7,3,4
SL050,34025050284,170,143,77,66,27,17,10
SL050,34025050285,830,741,361,380,89,43,46
SL050,34025050286,99,84,42,42,15,6,9
SL050,34025050287,319,284,160,124,35,15,20
SL050,34025050288,4661,4214,2154,2060,447,196,251
SL050,34025050289,46,43,22,21,3,2,1
SL050,34025050290,463,408,206,202,55,33,22
SL050,34025050291,102,96,53,43,6,3,3
SL050,34025050292,274,155,82,73,119,72,47
SL050,34025050293,466,432,230,202,34,16,18
SL050,34025050294,68,66,35,31,2,1,1
SL050,34025050295,49,49,28,21,0,0,0
SL050,34025050296,455,425,215,210,30,13,17
SL050,34025050297,666880,580483,278195,302288,86397,40982,45415
SL050,34025050298,8365,6572,3354,3218,1793,976,817
SL050,34025050901,140,122,76,46,18,11,7
SL050,34025050902,86,84,48,36,2,2,0
SL050,34025050903,2696,2564,1294,1270,132,56,76
SL050,34185151001,85144,74098,37633,36465,11046,5544,5502
SL050,34195252001,86384,65945,33857,32088,20439,9908,10531
