SUMLEV,Geo,CED_V78,CED_V81,CED_V84,CED_V87,CED_V90,CED_V93,CED_V96,CED_V99,CED_V102,CED_V105,CED_V79,CED_V82,CED_V85,CED_V88,CED_V91,CED_V94,CED_V97,CED_V100,CED_V103,CED_V106,CED_V77,CED_V80,CED_V83,CED_V86,CED_V89,CED_V92,CED_V95,CED_V98,CED_V101,CED_V104,CED_V76
SL010,34,882698,146645,517590,175092,1088546,27437,109013,100151,40894,4062,913180,196432,382980,79248,1475402,31727,46365,115697,50077,3668,1795878,343077,900570,254340,2563948,59164,155378,215848,90971,7730,6386904
SL030,3401,139285,18405,93441,28382,82597,4157,5920,10560,4940,604,147701,30195,70837,7766,118079,4512,2669,12278,5198,575,286986,48600,164278,36148,200676,8669,8589,22838,10138,1179,788101
SL030,3402,28671,2207,13962,9812,22837,468,1904,2352,558,72,29678,3030,9501,4332,33999,489,820,2646,455,65,58349,5237,23463,14144,56836,957,2724,4998,1013,137,167858
SL030,3403,10291,1732,2317,1944,15478,433,378,651,316,127,11196,2300,1758,929,23712,452,158,869,320,104,21487,4032,4075,2873,39190,885,536,1520,636,231,75465
SL030,3404,39675,3784,15879,7139,46283,953,3647,2702,1799,252,45112,5320,11202,3394,55562,1149,1340,3014,2365,223,84787,9104,27081,10533,101845,2102,4987,5716,4164,475,250794
SL030,3405,68147,5439,14961,8384,82903,939,4324,5149,1937,171,68929,7109,9243,4905,100260,1014,2926,5570,2574,149,137076,12548,24204,13289,183163,1953,7250,10719,4511,320,395033
SL030,3406,5682,2145,1419,1266,10334,264,286,550,245,96,5451,2692,972,621,15644,319,98,680,275,72,11133,4837,2391,1887,25978,583,384,1230,520,168,49111
SL030,3407,34628,3180,12219,2834,26851,581,1190,1807,632,97,33872,3964,9296,1631,41993,845,716,2585,649,87,68500,7144,21515,4465,68844,1426,1906,4392,1281,184,179657
SL030,3408,37549,3185,19276,4233,28795,483,1173,2658,515,75,36435,3830,13679,1889,39661,531,663,2918,466,67,73984,7015,32955,6122,68456,1014,1836,5576,981,142,198081
SL030,3409,129587,36517,130622,51280,238485,6004,55573,26719,11556,826,130163,48232,99630,19530,319776,6530,23047,31461,14399,653,259750,84749,230252,70810,558261,12534,78620,58180,25955,1479,1380590
SL030,3410,159351,29553,62290,14060,104630,2375,15401,11191,3510,385,165481,37074,44507,6813,134718,2560,5460,12302,3533,357,324832,66627,106797,20873,239348,4935,20861,23493,7043,742,815551
SL030,3411,8686,600,4831,560,4759,147,288,783,173,20,8373,757,3915,330,8786,207,108,1040,131,13,17059,1357,8746,890,13545,354,396,1823,304,33,44507
SL030,3412,30392,9644,5176,5054,48770,1292,586,1445,1016,178,29133,10076,3803,2449,68199,1583,254,2049,686,178,59525,19720,8979,7503,116969,2875,840,3494,1702,356,221963
SL030,3413,127418,19148,51983,19419,277672,7647,9989,27909,12049,815,139990,27078,42467,14840,377611,9521,4372,31456,17151,812,267408,46226,94450,34259,655283,17168,14361,59365,29200,1627,1219347
SL030,3414,25149,4476,44603,6519,35578,348,1883,1805,372,45,25545,6493,27384,1685,41427,418,666,1863,325,37,50694,10969,71987,8204,77005,766,2549,3668,697,82,226621
SL030,3415,10781,1718,8882,2683,18920,316,488,748,280,57,9879,2476,6164,1590,25369,430,227,986,225,79,20660,4194,15046,4273,44289,746,715,1734,505,136,92298
SL030,3416,20063,3619,17416,10583,37087,912,4380,2723,869,225,18463,4443,10730,5987,61427,993,1747,3508,1174,181,38526,8062,28146,16570,98514,1905,6127,6231,2043,406,206530
SL030,3417,6672,1216,4411,886,6043,98,1547,312,69,14,7122,1276,3361,534,8690,151,1022,363,111,14,13794,2492,7772,1420,14733,249,2569,675,180,28,43912
SL030,3418,261,21,4835,24,248,10,52,61,32,0,276,21,4838,10,203,11,66,56,20,1,537,42,9673,34,451,21,118,117,52,1,11046
SL030,3419,410,56,9067,30,276,10,4,26,26,3,381,66,9693,13,286,12,6,53,20,1,791,122,18760,43,562,22,10,79,46,4,20439
SL040,340104,25167,1876,30027,11205,10814,194,1076,601,178,30,26036,4250,18309,2185,12894,234,420,709,201,26,51203,6126,48336,13390,23708,428,1496,1310,379,56,146432
SL040,340111,10646,881,8183,1202,6549,1009,398,916,342,71,10557,1449,7026,520,10292,853,176,1248,453,92,21203,2330,15209,1722,16841,1862,574,2164,795,163,62863
SL040,340114,5050,772,2188,1109,3398,108,313,460,184,38,5147,1235,1595,304,6279,140,174,582,124,33,10197,2007,3783,1413,9677,248,487,1042,308,71,29233
SL040,340118,13899,1378,9298,3074,9435,468,358,1019,564,86,13854,2449,6921,628,12547,554,199,1292,420,67,27753,3827,16219,3702,21982,1022,557,2311,984,153,78510
SL040,340121,9578,774,6490,3054,2622,72,203,368,72,11,14563,911,4848,314,3775,70,49,447,53,8,24141,1685,11338,3368,6397,142,252,815,125,19,48282
SL040,340123,2449,348,3884,935,2144,38,541,336,58,12,2407,583,2347,210,3623,67,290,460,44,16,4856,931,6231,1145,5767,105,831,796,102,28,20792
SL040,340129,59637,10139,25630,5476,31950,1416,2510,4496,2775,266,61650,15564,23406,2362,43252,1571,1115,4708,3246,272,121287,25703,49036,7838,75202,2987,3625,9204,6021,538,301441
SL040,340141,12859,2237,7741,2327,15685,852,521,2364,767,90,13487,3754,6385,1243,25417,1023,246,2832,657,61,26346,5991,14126,3570,41102,1875,767,5196,1424,151,100548
SL040,340222,5465,495,2415,2905,2996,61,127,193,54,27,5686,551,1742,696,4542,79,50,248,79,27,11151,1046,4157,3601,7538,140,177,441,133,54,28438
SL040,340244,3066,162,2390,188,1507,32,309,71,56,8,3165,195,1579,76,2283,41,199,75,39,3,6231,357,3969,264,3790,73,508,146,95,11,15444
SL040,340250,20140,1550,9157,6719,18334,375,1468,2088,448,37,20827,2284,6180,3560,27174,369,571,2323,337,35,40967,3834,15337,10279,45508,744,2039,4411,785,72,123976
SL040,340333,10291,1732,2317,1944,15478,433,378,651,316,127,11196,2300,1758,929,23712,452,158,869,320,104,21487,4032,4075,2873,39190,885,536,1520,636,231,75465
SL040,340407,39675,3784,15879,7139,46283,953,3647,2702,1799,252,45112,5320,11202,3394,55562,1149,1340,3014,2365,223,84787,9104,27081,10533,101845,2102,4987,5716,4164,475,250794
SL040,340535,31447,2376,10901,5326,34707,449,2360,3125,1164,92,32181,3028,6928,3470,43214,459,1601,3382,1483,69,63628,5404,17829,8796,77921,908,3961,6507,2647,161,187762
SL040,340538,36700,3063,4060,3058,48196,490,1964,2024,773,79,36748,4081,2315,1435,57046,555,1325,2188,1091,80,73448,7144,6375,4493,105242,1045,3289,4212,1864,159,207271
SL040,340639,5682,2145,1419,1266,10334,264,286,550,245,96,5451,2692,972,621,15644,319,98,680,275,72,11133,4837,2391,1887,25978,583,384,1230,520,168,49111
SL040,340705,1858,128,1449,75,1838,38,20,180,45,7,1914,157,1202,53,2717,55,19,221,59,5,3772,285,2651,128,4555,93,39,401,104,12,12040
SL040,340709,7191,431,1951,655,4875,90,333,243,65,22,6556,575,1360,371,7827,100,145,373,74,18,13747,1006,3311,1026,12702,190,478,616,139,40,33255
SL040,340724,5965,848,1871,639,4653,121,306,317,136,19,5567,1041,1526,469,7634,177,181,393,144,18,11532,1889,3397,1108,12287,298,487,710,280,37,32025
SL040,340734,1368,171,922,103,1228,30,59,136,39,5,1272,203,667,77,2241,36,22,174,45,4,2640,374,1589,180,3469,66,81,310,84,9,8802
SL040,340737,3315,592,1096,443,3537,97,99,296,110,12,3569,760,888,260,5414,157,68,501,117,11,6884,1352,1984,703,8951,254,167,797,227,23,21342
SL040,340740,4153,185,1549,209,2322,56,50,87,43,4,4316,223,1163,58,3535,91,40,110,49,3,8469,408,2712,267,5857,147,90,197,92,7,18246
SL040,340742,1670,118,821,335,1890,21,26,95,37,2,1441,141,648,81,2493,33,8,105,34,4,3111,259,1469,416,4383,54,34,200,71,6,10003
SL040,340747,6937,550,2129,323,5474,101,279,368,131,23,7014,643,1505,227,8265,158,224,598,102,22,13951,1193,3634,550,13739,259,503,966,233,45,35073
SL040,340749,2171,157,431,52,1034,27,18,85,26,3,2223,221,337,35,1867,38,9,110,25,2,4394,378,768,87,2901,65,27,195,51,5,8871
SL040,340802,4796,807,3221,1468,4869,82,134,249,74,5,4620,897,1986,270,6918,74,58,374,52,5,9416,1704,5207,1738,11787,156,192,623,126,10,30959
SL040,340813,7474,498,2835,333,4609,78,132,430,101,8,7192,552,2041,126,6476,86,74,472,68,3,14666,1050,4876,459,11085,164,206,902,169,11,33588
SL040,340816,5289,490,1938,116,2131,37,207,193,22,6,5014,614,1264,59,3188,28,84,204,26,2,10303,1104,3202,175,5319,65,291,397,48,8,20912
SL040,340819,7142,515,3468,1107,6056,120,181,399,146,14,7283,630,2502,726,8006,123,82,450,138,21,14425,1145,5970,1833,14062,243,263,849,284,35,39109
SL040,340845,12848,875,7814,1209,11130,166,519,1387,172,42,12326,1137,5886,708,15073,220,365,1418,182,36,25174,2012,13700,1917,26203,386,884,2805,354,78,73513
SL040,340908,80112,23166,78443,27685,194335,5218,47125,22851,10396,712,79635,31162,61143,12034,259919,5725,19131,26925,12990,545,159747,54328,139586,39719,454254,10943,66256,49776,23386,1257,999252
SL040,340917,18975,5979,21398,11183,20393,367,3935,1659,620,70,19227,7802,16292,3542,28246,395,2254,1962,714,64,38202,13781,37690,14725,48639,762,6189,3621,1334,134,165077
SL040,340925,13073,2645,10633,8807,6752,93,866,661,83,12,13129,3026,6879,2466,9132,96,347,754,115,10,26202,5671,17512,11273,15884,189,1213,1415,198,22,79579
SL040,340943,17427,4727,20148,3605,17005,326,3647,1548,457,32,18172,6242,15316,1488,22479,314,1315,1820,580,34,35599,10969,35464,5093,39484,640,4962,3368,1037,66,136682
SL040,341003,83242,18488,34094,4802,43252,994,5581,4726,1413,167,86963,23167,23968,2287,52787,1098,1926,4843,1693,172,170205,41655,58062,7089,96039,2092,7507,9569,3106,339,395663
SL040,341012,21515,1692,9805,817,7253,122,798,654,337,15,23374,2093,7285,493,10047,145,290,725,276,16,44889,3785,17090,1310,17300,267,1088,1379,613,31,87752
SL040,341046,54594,9373,18391,8441,54125,1259,9022,5811,1760,203,55144,11814,13254,4033,71884,1317,3244,6734,1564,169,109738,21187,31645,12474,126009,2576,12266,12545,3324,372,332136
SL040,341106,5951,347,1520,348,2831,78,189,520,93,9,5645,461,1379,194,5436,122,57,696,87,7,11596,808,2899,542,8267,200,246,1216,180,16,25970
SL040,341110,2735,253,3311,212,1928,69,99,263,80,11,2728,296,2536,136,3350,85,51,344,44,6,5463,549,5847,348,5278,154,150,607,124,17,18537
SL040,341215,9364,5180,1809,2024,20843,678,261,629,413,70,9389,5397,1319,917,28785,841,123,968,349,76,18753,10577,3128,2941,49628,1519,384,1597,762,146,89435
SL040,341227,3664,774,998,644,4561,95,87,120,374,6,3123,754,739,453,7002,125,39,174,53,11,6787,1528,1737,1097,11563,220,126,294,427,17,23796
SL040,341232,6643,1631,482,390,6093,137,56,144,51,33,6290,1659,374,182,9072,186,22,206,65,29,12933,3290,856,572,15165,323,78,350,116,62,33745
SL040,341236,10721,2059,1887,1996,17273,382,182,552,178,69,10331,2266,1371,897,23340,431,70,701,219,62,21052,4325,3258,2893,40613,813,252,1253,397,131,74987
SL040,341328,127418,19148,51983,19419,277672,7647,9989,27909,12049,815,139990,27078,42467,14840,377611,9521,4372,31456,17151,812,267408,46226,94450,34259,655283,17168,14361,59365,29200,1627,1219347
SL040,341430,25149,4476,44603,6519,35578,348,1883,1805,372,45,25545,6493,27384,1685,41427,418,666,1863,325,37,50694,10969,71987,8204,77005,766,2549,3668,697,82,226621
SL040,341531,10781,1718,8882,2683,18920,316,488,748,280,57,9879,2476,6164,1590,25369,430,227,986,225,79,20660,4194,15046,4273,44289,746,715,1734,505,136,92298
SL040,341601,2822,753,4589,2270,6299,91,1112,357,88,18,2295,953,3450,1640,9356,88,509,531,140,20,5117,1706,8039,3910,15655,179,1621,888,228,38,37381
SL040,341620,7959,1563,5594,2477,11775,341,1785,716,209,73,6824,1857,3631,1438,19638,387,780,1136,277,49,14783,3420,9225,3915,31413,728,2565,1852,486,122,68509
SL040,341648,9282,1303,7233,5836,19013,480,1483,1650,572,134,9344,1633,3649,2909,32433,518,458,1841,757,112,18626,2936,10882,8745,51446,998,1941,3491,1329,246,100640
SL040,341726,6672,1216,4411,886,6043,98,1547,312,69,14,7122,1276,3361,534,8690,151,1022,363,111,14,13794,2492,7772,1420,14733,249,2569,675,180,28,43912
SL040,341851,261,21,4835,24,248,10,52,61,32,0,276,21,4838,10,203,11,66,56,20,1,537,42,9673,34,451,21,118,117,52,1,11046
SL040,341952,410,56,9067,30,276,10,4,26,26,3,381,66,9693,13,286,12,6,53,20,1,791,122,18760,43,562,22,10,79,46,4,20439
SL050,34160101001,42,1,64,10,32,0,7,0,0,1,21,2,58,8,56,0,3,0,1,0,63,3,122,18,88,0,10,0,1,1,306
SL050,34160101002,112,12,133,14,117,0,4,3,5,0,56,12,118,10,170,0,0,4,11,1,168,24,251,24,287,0,4,7,16,1,782
SL050,34160101003,1,1,7,0,10,0,5,0,0,0,5,4,0,0,16,0,1,0,0,0,6,5,7,0,26,0,6,0,0,0,50
SL050,34160101004,10,1,31,3,6,0,0,1,0,0,11,1,23,3,16,1,0,0,7,0,21,2,54,6,22,1,0,1,7,0,114
SL050,34160101006,3,0,1,0,4,0,0,0,0,0,1,0,1,0,2,0,0,0,0,0,4,0,2,0,6,0,0,0,0,0,12
SL050,34160101008,9,1,11,1,7,0,0,0,0,0,7,1,6,0,6,0,0,0,0,1,16,2,17,1,13,0,0,0,0,1,50
SL050,34160101009,17,0,30,4,17,0,1,0,0,0,11,1,27,2,22,0,1,0,0,0,28,1,57,6,39,0,2,0,0,0,133
SL050,34160101010,19,4,6,1,17,0,0,0,0,0,11,0,2,2,29,0,0,0,1,0,30,4,8,3,46,0,0,0,1,0,92
SL050,34160101011,23,0,0,1,0,0,0,0,0,0,15,0,2,0,1,0,0,0,0,0,38,0,2,1,1,0,0,0,0,0,42
SL050,34160101013,15,2,1,2,7,0,2,0,0,0,9,1,0,0,6,1,0,1,0,0,24,3,1,2,13,1,2,1,0,0,47
SL050,34160101014,0,0,4,0,7,0,0,0,0,0,0,1,2,0,8,0,0,0,0,0,0,1,6,0,15,0,0,0,0,0,22
SL050,34160101016,2,0,7,1,5,0,1,0,0,0,0,0,6,1,9,0,1,0,0,0,2,0,13,2,14,0,2,0,0,0,33
SL050,34160101017,11,0,16,5,10,0,0,0,0,0,8,1,12,2,16,0,0,0,0,0,19,1,28,7,26,0,0,0,0,0,81
SL050,34160101018,12,2,5,1,18,0,1,5,0,0,10,2,2,0,15,1,1,3,0,0,22,4,7,1,33,1,2,8,0,0,78
SL050,34160101019,2,0,0,0,0,0,0,0,0,0,1,0,1,0,1,0,0,0,0,0,3,0,1,0,1,0,0,0,0,0,5
SL050,34160101020,2,2,3,0,4,0,1,0,0,0,2,0,3,0,2,0,0,1,0,0,4,2,6,0,6,0,1,1,0,0,20
SL050,34160101021,12,0,4,0,0,0,0,1,0,0,3,0,2,1,5,0,0,2,1,0,15,0,6,1,5,0,0,3,1,0,31
SL050,34160101022,28,0,9,3,3,0,0,0,1,0,14,2,12,0,5,0,0,1,0,0,42,2,21,3,8,0,0,1,1,0,78
SL050,34160101023,7,0,7,0,0,0,0,0,0,0,10,2,3,0,6,2,0,0,0,0,17,2,10,0,6,2,0,0,0,0,37
SL050,34160101027,4,1,0,0,4,0,0,0,0,0,3,1,0,0,7,0,0,0,1,0,7,2,0,0,11,0,0,0,1,0,21
SL050,34160101028,26,1,39,4,9,1,1,0,2,0,23,2,30,0,18,0,0,1,1,0,49,3,69,4,27,1,1,1,3,0,158
SL050,34160101030,0,0,0,0,1,0,0,0,0,0,0,0,1,0,1,0,0,0,0,0,0,0,1,0,2,0,0,0,0,0,3
SL050,34160101031,27,3,27,6,12,2,1,0,0,0,30,6,30,0,10,3,0,0,0,0,57,9,57,6,22,5,1,0,0,0,157
SL050,34160101032,8,0,24,7,0,0,3,0,0,0,6,1,21,10,3,1,3,0,0,1,14,1,45,17,3,1,6,0,0,1,88
SL050,34160101033,15,5,27,0,5,0,0,0,0,0,10,3,22,0,9,0,0,0,0,0,25,8,49,0,14,0,0,0,0,0,96
SL050,34160101034,1,0,7,0,5,0,0,0,0,0,1,0,2,0,4,0,0,0,0,0,2,0,9,0,9,0,0,0,0,0,20
SL050,34160101036,58,11,184,24,223,7,20,13,7,0,57,15,146,23,350,0,11,16,7,0,115,26,330,47,573,7,31,29,14,0,1172
SL050,34160101037,6,0,5,1,9,0,0,0,0,0,9,1,5,0,8,0,0,0,0,0,15,1,10,1,17,0,0,0,0,0,44
SL050,34160101039,0,0,4,0,1,0,0,0,0,0,1,0,3,0,4,1,0,0,0,0,1,0,7,0,5,1,0,0,0,0,14
SL050,34160101041,23,0,1,0,1,0,0,0,0,0,3,1,1,0,4,0,0,0,0,0,26,1,2,0,5,0,0,0,0,0,34
SL050,34160101042,3,3,11,3,12,0,0,0,0,0,5,3,5,3,17,2,0,0,0,0,8,6,16,6,29,2,0,0,0,0,67
SL050,34160101043,21,2,125,11,26,0,33,1,0,0,39,2,88,9,38,0,31,0,0,0,60,4,213,20,64,0,64,1,0,0,426
SL050,34160101044,2,0,0,1,1,0,0,0,0,0,0,0,0,0,4,0,0,2,0,0,2,0,0,1,5,0,0,2,0,0,10
SL050,34160101046,8,1,3,2,14,0,0,0,0,0,2,1,1,1,14,1,0,0,1,0,10,2,4,3,28,1,0,0,1,0,49
SL050,34160101047,38,2,30,1,9,0,0,1,0,0,33,0,21,1,17,0,0,2,0,0,71,2,51,2,26,0,0,3,0,0,155
SL050,34160101049,0,0,6,0,1,0,0,0,0,0,0,0,3,0,1,0,0,0,0,0,0,0,9,0,2,0,0,0,0,0,11
SL050,34160101051,35,7,132,21,42,1,54,4,0,1,36,10,124,10,57,1,36,6,1,0,71,17,256,31,99,2,90,10,1,1,578
SL050,34160101052,8,0,1,0,3,0,0,0,0,0,7,0,0,0,6,0,0,0,0,0,15,0,1,0,9,0,0,0,0,0,25
SL050,34160101053,5,2,1,0,2,0,1,0,0,0,7,1,1,3,7,0,0,0,0,0,12,3,2,3,9,0,1,0,0,0,30
SL050,34160101054,24,2,13,15,10,1,0,0,0,0,13,1,12,14,15,1,0,0,0,0,37,3,25,29,25,2,0,0,0,0,121
SL050,34160101055,16,6,6,0,19,0,0,0,1,0,12,7,4,1,20,0,0,0,0,0,28,13,10,1,39,0,0,0,1,0,92
SL050,34160101056,0,0,1,0,0,0,0,0,0,0,0,0,0,0,3,0,0,0,0,0,0,0,1,0,3,0,0,0,0,0,4
SL050,34160101057,8,3,5,0,1,0,0,0,0,0,10,3,5,0,5,0,0,0,0,0,18,6,10,0,6,0,0,0,0,0,40
SL050,34160101058,14,4,50,8,25,1,0,0,0,1,19,3,21,2,44,0,0,1,0,1,33,7,71,10,69,1,0,1,0,2,194
SL050,34160101059,2038,665,3484,2103,5522,78,971,328,70,15,1684,854,2561,1519,8199,73,419,485,104,16,3722,1519,6045,3622,13721,151,1390,813,174,31,31188
SL050,34160101060,13,0,9,0,0,0,0,0,0,0,6,0,4,0,1,0,0,0,0,0,19,0,13,0,1,0,0,0,0,0,33
SL050,34160101061,2,2,0,0,3,0,0,0,0,0,1,0,0,0,1,0,0,0,0,0,3,2,0,0,4,0,0,0,0,0,9
SL050,34160101062,8,0,10,0,4,0,0,0,0,0,6,0,10,0,5,0,0,0,0,0,14,0,20,0,9,0,0,0,0,0,43
SL050,34160101063,22,3,5,1,20,0,3,0,0,0,34,4,6,2,33,0,0,2,1,0,56,7,11,3,53,0,3,2,1,0,136
SL050,34160101901,48,4,39,7,44,0,3,0,2,0,32,3,42,8,50,0,2,4,3,0,80,7,81,15,94,0,5,4,5,0,291
SL050,34160101902,14,0,1,9,7,0,0,0,0,0,11,1,1,5,10,0,0,0,0,0,25,1,2,14,17,0,0,0,0,0,59
SL050,34080202001,25,2,0,2,2,0,0,0,0,0,18,1,1,0,3,0,0,1,0,0,43,3,1,2,5,0,0,1,0,0,55
SL050,34080202002,21,0,0,0,0,0,0,0,0,0,19,0,1,0,0,0,0,0,0,0,40,0,1,0,0,0,0,0,0,0,41
SL050,34080202003,1354,184,836,1354,2582,59,58,143,54,5,1332,268,507,226,3775,54,30,219,28,4,2686,452,1343,1580,6357,113,88,362,82,9,13072
SL050,34080202004,0,1,4,2,13,0,0,0,0,0,1,1,5,0,11,0,0,0,0,0,1,2,9,2,24,0,0,0,0,0,38
SL050,34080202005,18,1,2,0,1,0,0,0,0,0,22,1,1,1,5,0,0,0,0,0,40,2,3,1,6,0,0,0,0,0,52
SL050,34080202006,3,0,3,0,3,0,0,0,0,0,2,0,3,0,2,0,0,0,0,0,5,0,6,0,5,0,0,0,0,0,16
SL050,34080202007,31,1,4,0,5,0,0,0,0,0,24,1,2,0,13,0,0,0,0,0,55,2,6,0,18,0,0,0,0,0,81
SL050,34080202008,15,1,0,0,6,0,0,0,1,0,7,1,1,1,20,0,0,0,0,0,22,2,1,1,26,0,0,0,1,0,53
SL050,34080202009,126,25,122,18,288,7,16,44,2,0,143,26,81,4,392,5,6,56,1,0,269,51,203,22,680,12,22,100,3,0,1362
SL050,34080202010,57,0,20,1,14,0,0,0,0,0,43,1,12,0,24,1,0,0,0,0,100,1,32,1,38,1,0,0,0,0,173
SL050,34080202011,13,1,0,0,2,0,0,0,0,0,12,0,0,0,3,0,0,0,0,0,25,1,0,0,5,0,0,0,0,0,31
SL050,34080202012,52,1,7,1,5,0,0,2,0,0,47,0,4,0,14,0,0,1,0,0,99,1,11,1,19,0,0,3,0,0,134
SL050,34080202013,7,0,5,0,0,0,0,0,0,0,5,0,3,0,0,0,0,0,0,0,12,0,8,0,0,0,0,0,0,0,20
SL050,34080202014,3,1,1,0,6,0,0,0,0,0,1,3,0,0,6,0,0,0,0,0,4,4,1,0,12,0,0,0,0,0,21
SL050,34080202015,40,0,11,1,5,0,0,0,0,0,44,0,12,1,22,0,0,0,0,0,84,0,23,2,27,0,0,0,0,0,136
SL050,34080202016,1,1,0,0,2,0,0,0,0,0,4,0,0,0,3,0,0,0,0,0,5,1,0,0,5,0,0,0,0,0,11
SL050,34080202017,2,0,5,0,0,0,0,0,0,0,4,0,3,0,3,0,0,0,0,0,6,0,8,0,3,0,0,0,0,0,17
SL050,34080202018,14,0,61,0,1,1,0,0,0,0,11,1,40,0,6,0,0,2,0,0,25,1,101,0,7,1,0,2,0,0,137
SL050,34080202019,16,6,13,1,9,0,0,0,0,0,20,2,15,0,15,0,0,1,0,0,36,8,28,1,24,0,0,1,0,0,98
SL050,34080202020,19,2,2,0,1,0,0,1,0,0,11,0,1,0,4,0,0,0,0,0,30,2,3,0,5,0,0,1,0,0,41
SL050,34080202021,10,1,47,2,7,0,0,0,0,0,14,1,33,2,10,0,0,1,0,0,24,2,80,4,17,0,0,1,0,0,128
SL050,34080202022,2,0,0,0,2,0,0,0,0,0,1,0,0,0,3,0,0,0,0,0,3,0,0,0,5,0,0,0,0,0,8
SL050,34080202023,12,1,6,0,2,0,0,0,0,0,6,0,3,1,6,0,0,0,0,0,18,1,9,1,8,0,0,0,0,0,37
SL050,34080202024,120,17,81,4,42,0,6,3,1,0,108,16,57,3,56,0,3,8,2,0,228,33,138,7,98,0,9,11,3,0,527
SL050,34080202025,186,6,190,3,150,3,6,2,2,0,182,14,140,2,178,4,2,4,5,0,368,20,330,5,328,7,8,6,7,0,1079
SL050,34080202026,63,2,8,0,10,0,0,0,0,0,71,3,6,0,26,0,0,0,0,0,134,5,14,0,36,0,0,0,0,0,189
SL050,34080202027,2,0,0,0,3,0,0,0,0,0,3,0,0,0,3,0,0,0,0,0,5,0,0,0,6,0,0,0,0,0,11
SL050,34080202028,0,0,0,0,0,0,0,0,0,0,2,0,0,0,1,0,0,0,0,0,2,0,0,0,1,0,0,0,0,0,3
SL050,34080202029,60,3,26,0,40,1,1,2,1,0,59,4,9,0,54,0,0,3,0,0,119,7,35,0,94,1,1,5,1,0,263
SL050,34080202030,15,3,6,1,17,1,0,5,1,0,21,1,4,0,27,0,0,4,0,0,36,4,10,1,44,1,0,9,1,0,106
SL050,34080202031,2,0,3,0,6,0,0,0,0,0,3,1,8,0,8,0,0,0,0,0,5,1,11,0,14,0,0,0,0,0,31
SL050,34080202032,8,0,0,1,3,0,0,0,0,0,10,0,1,0,5,0,0,0,0,0,18,0,1,1,8,0,0,0,0,0,28
SL050,34080202033,42,2,78,1,21,0,0,0,0,0,37,1,41,0,19,0,0,0,1,0,79,3,119,1,40,0,0,0,1,0,243
SL050,34080202034,88,2,6,0,27,0,0,0,0,0,85,1,6,0,48,0,0,3,0,0,173,3,12,0,75,0,0,3,0,0,266
SL050,34080202035,44,1,14,1,15,0,0,0,1,0,51,0,7,1,18,0,0,0,0,0,95,1,21,2,33,0,0,0,1,0,153
SL050,34080202036,1,0,5,0,0,0,0,0,0,0,1,1,1,0,1,0,0,0,0,0,2,1,6,0,1,0,0,0,0,0,10
SL050,34080202037,273,28,543,44,883,3,7,12,7,0,339,31,276,11,990,5,3,16,5,0,612,59,819,55,1873,8,10,28,12,0,3476
SL050,34080202038,20,0,5,0,0,0,0,0,0,0,15,0,3,0,3,0,0,0,0,0,35,0,8,0,3,0,0,0,0,0,46
SL050,34080202039,7,1,8,0,3,0,0,1,0,0,10,0,6,0,9,0,0,0,0,0,17,1,14,0,12,0,0,1,0,0,45
SL050,34080202040,1,1,6,0,8,0,0,0,0,0,0,0,8,0,12,0,0,0,0,0,1,1,14,0,20,0,0,0,0,0,36
SL050,34080202041,1,0,0,0,3,0,0,0,0,0,0,1,0,0,1,0,0,0,0,0,1,1,0,0,4,0,0,0,0,0,6
SL050,34080202042,2,2,1,0,5,0,0,0,0,0,4,1,0,0,8,0,0,0,0,0,6,3,1,0,13,0,0,0,0,0,23
SL050,34080202043,18,0,8,1,9,0,0,0,0,0,12,0,8,0,21,0,0,1,0,0,30,0,16,1,30,0,0,1,0,0,78
SL050,34080202044,5,0,2,1,3,0,0,0,0,0,13,0,2,0,4,0,0,0,0,0,18,0,4,1,7,0,0,0,0,0,30
SL050,34080202045,126,4,28,0,29,0,0,1,0,0,115,10,18,0,45,0,0,2,0,0,241,14,46,0,74,0,0,3,0,0,378
SL050,34080202046,19,3,17,0,6,0,0,0,0,0,8,2,10,0,10,0,0,0,0,0,27,5,27,0,16,0,0,0,0,0,75
SL050,34080202048,69,0,35,0,5,0,0,3,0,0,40,1,13,0,10,0,0,2,0,0,109,1,48,0,15,0,0,5,0,0,178
SL050,34080202049,6,0,0,0,4,0,0,0,0,0,9,1,0,0,1,0,0,0,0,0,15,1,0,0,5,0,0,0,0,0,21
SL050,34080202050,0,0,0,0,0,0,0,0,0,0,0,0,0,0,1,0,0,0,0,0,0,0,0,0,1,0,0,0,0,0,1
SL050,34080202051,13,2,10,1,58,0,0,0,0,0,10,1,6,0,48,0,0,0,0,0,23,3,16,1,106,0,0,0,0,0,149
SL050,34080202052,11,0,3,1,0,0,0,0,0,0,9,0,2,0,2,0,0,1,0,0,20,0,5,1,2,0,0,1,0,0,29
SL050,34080202053,13,4,7,0,13,0,0,3,0,0,12,1,5,1,17,0,0,8,0,0,25,5,12,1,30,0,0,11,0,0,84
SL050,34080202054,47,0,0,0,1,0,0,0,0,0,33,1,0,0,7,0,0,0,0,0,80,1,0,0,8,0,0,0,0,0,89
SL050,34080202055,1,0,3,0,1,0,0,0,0,0,0,0,2,0,2,0,0,1,0,0,1,0,5,0,3,0,0,1,0,0,10
SL050,34080202056,46,4,6,5,7,0,0,0,0,0,39,5,4,0,24,0,0,0,0,0,85,9,10,5,31,0,0,0,0,0,140
SL050,34080202057,17,6,2,0,7,0,0,0,0,0,23,12,4,0,16,0,0,1,0,0,40,18,6,0,23,0,0,1,0,0,88
SL050,34080202058,2,0,1,0,0,0,0,0,0,0,3,0,0,0,7,0,0,0,0,0,5,0,1,0,7,0,0,0,0,0,13
SL050,34080202059,0,0,2,0,0,0,0,0,0,0,1,1,0,0,0,0,0,0,0,0,1,1,2,0,0,0,0,0,0,0,4
SL050,34080202060,8,1,0,0,2,0,0,0,0,0,6,2,2,0,4,0,0,0,0,0,14,3,2,0,6,0,0,0,0,0,25
SL050,34080202061,5,2,6,0,1,0,0,0,0,0,2,0,6,0,3,0,0,0,0,0,7,2,12,0,4,0,0,0,0,0,25
SL050,34080202062,5,0,0,1,3,0,2,0,0,0,2,0,0,0,0,0,0,0,0,0,7,0,0,1,3,0,2,0,0,0,13
SL050,34080202063,22,0,2,1,11,0,0,0,0,0,20,2,1,0,21,0,0,0,2,0,42,2,3,1,32,0,0,0,2,0,82
SL050,34080202064,5,1,3,0,0,0,0,0,0,0,2,0,1,0,4,0,0,0,0,0,7,1,4,0,4,0,0,0,0,0,16
SL050,34080202065,0,0,0,0,0,0,0,0,0,0,0,0,0,0,1,0,0,0,0,0,0,0,0,0,1,0,0,0,0,0,1
SL050,34080202066,2,0,0,0,1,0,0,0,0,0,4,2,0,0,2,0,0,0,0,0,6,2,0,0,3,0,0,0,0,0,11
SL050,34080202067,9,1,0,0,4,0,0,0,0,0,17,0,0,1,9,0,0,0,0,0,26,1,0,1,13,0,0,0,0,0,41
SL050,34080202068,0,0,0,0,4,0,0,0,0,0,1,0,0,0,3,0,0,0,0,0,1,0,0,0,7,0,0,0,0,0,8
SL050,34080202069,451,13,285,6,103,3,20,8,2,0,419,19,180,3,200,1,3,11,8,0,870,32,465,9,303,4,23,19,10,0,1735
SL050,34080202070,25,0,4,0,1,0,0,0,0,0,17,0,3,1,0,0,0,0,0,0,42,0,7,1,1,0,0,0,0,0,51
SL050,34080202071,13,3,16,0,5,0,0,0,0,0,9,7,11,0,8,0,0,0,0,0,22,10,27,0,13,0,0,0,0,0,72
SL050,34080202072,30,0,3,1,11,0,0,0,0,0,29,0,3,0,5,0,0,0,0,0,59,0,6,1,16,0,0,0,0,0,82
SL050,34080202073,101,72,71,0,13,0,1,4,2,0,100,48,38,1,30,0,5,4,0,0,201,120,109,1,43,0,6,8,2,0,490
SL050,34080202074,56,8,329,0,97,1,0,4,0,0,50,13,205,0,83,0,1,4,0,0,106,21,534,0,180,1,1,8,0,0,851
SL050,34080202075,11,1,31,0,9,0,0,0,0,0,7,1,18,0,9,0,0,1,0,0,18,2,49,0,18,0,0,1,0,0,88
SL050,34080202076,0,0,0,0,0,0,0,0,0,0,0,0,1,0,0,0,0,0,0,0,0,0,1,0,0,0,0,0,0,0,1
SL050,34080202077,0,0,0,0,0,0,0,0,0,0,1,0,0,0,0,0,0,0,0,0,1,0,0,0,0,0,0,0,0,0,1
SL050,34080202078,21,0,2,0,5,0,3,0,0,0,22,0,1,0,8,0,0,0,0,0,43,0,3,0,13,0,3,0,0,0,62
SL050,34080202079,202,46,44,2,46,0,0,1,0,0,218,61,37,0,83,0,0,4,0,0,420,107,81,2,129,0,0,5,0,0,744
SL050,34080202080,10,1,11,0,1,0,0,0,0,0,9,1,2,1,2,0,0,0,0,0,19,2,13,1,3,0,0,0,0,0,38
SL050,34080202081,618,335,136,9,190,2,14,10,0,0,531,316,88,6,389,4,5,13,0,1,1149,651,224,15,579,6,19,23,0,1,2667
SL050,34080202082,0,0,0,0,1,0,0,0,0,0,1,0,0,0,0,0,0,0,0,0,1,0,0,0,1,0,0,0,0,0,2
SL050,34080202083,1,0,1,0,0,0,0,0,0,0,0,0,0,0,0,0,0,0,0,0,1,0,1,0,0,0,0,0,0,0,2
SL050,34080202084,3,0,1,0,2,0,0,0,0,0,4,0,0,0,4,0,0,0,0,0,7,0,1,0,6,0,0,0,0,0,14
SL050,34080202085,1,0,0,1,0,0,0,0,0,0,2,0,0,2,0,0,0,0,0,0,3,0,0,3,0,0,0,0,0,0,6
SL050,34080202086,5,0,1,0,7,0,0,0,0,0,10,1,0,0,8,0,0,1,0,0,15,1,1,0,15,0,0,1,0,0,33
SL050,34080202901,23,3,22,1,17,1,0,0,0,0,18,7,14,1,20,0,0,1,0,0,41,10,36,2,37,1,0,1,0,0,128
SL050,34100303001,139,3,1,1,2,1,1,0,0,1,126,4,1,2,4,2,0,0,1,0,265,7,2,3,6,3,1,0,1,1,289
SL050,34100303002,71,19,64,3,36,1,1,1,5,0,80,17,45,1,60,0,2,4,8,0,151,36,109,4,96,1,3,5,13,0,418
SL050,34100303003,16,0,1,0,0,0,0,0,0,0,17,0,0,0,0,1,0,0,0,0,33,0,1,0,0,1,0,0,0,0,35
SL050,34100303004,81,3,14,1,23,1,0,0,0,0,86,11,2,1,26,4,0,3,0,0,167,14,16,2,49,5,0,3,0,0,256
SL050,34100303005,303,21,615,8,306,1,4,5,1,0,305,25,379,4,270,0,0,6,3,0,608,46,994,12,576,1,4,11,4,0,2256
SL050,34100303006,334,1,6,1,11,1,2,3,0,0,328,7,11,0,22,4,0,4,5,0,662,8,17,1,33,5,2,7,5,0,740
SL050,34100303007,17,0,3,0,1,0,0,0,0,0,16,0,1,0,0,0,0,0,0,0,33,0,4,0,1,0,0,0,0,0,38
SL050,34100303008,3,0,0,0,0,0,0,0,0,0,1,0,1,1,0,0,0,0,0,0,4,0,1,1,0,0,0,0,0,0,6
SL050,34100303009,561,42,650,50,634,10,80,55,12,2,567,77,484,31,799,10,18,47,7,4,1128,119,1134,81,1433,20,98,102,19,6,4140
SL050,34100303010,14,0,0,1,1,0,0,0,0,0,7,0,1,0,1,0,0,0,0,0,21,0,1,1,2,0,0,0,0,0,25
SL050,34100303011,2963,1179,170,40,502,35,76,90,32,2,3161,1283,156,32,594,31,38,88,57,3,6124,2462,326,72,1096,66,114,178,89,5,10532
SL050,34100303012,626,35,20,1,19,1,6,2,3,0,651,38,15,0,22,1,2,8,3,0,1277,73,35,1,41,2,8,10,6,0,1453
SL050,34100303013,24,0,16,0,5,2,0,0,0,0,12,2,16,0,7,0,0,0,0,0,36,2,32,0,12,2,0,0,0,0,84
SL050,34100303014,5038,2516,7810,1437,11545,231,589,872,441,33,5307,3489,5770,867,14649,277,235,990,419,28,10345,6005,13580,2304,26194,508,824,1862,860,61,62543
SL050,34100303015,587,180,1279,8,202,2,9,29,4,1,621,194,941,6,314,6,3,25,4,1,1208,374,2220,14,516,8,12,54,8,2,4416
SL050,34100303016,3,0,0,0,2,0,0,0,0,0,5,0,0,0,1,0,0,0,0,0,8,0,0,0,3,0,0,0,0,0,11
SL050,34100303017,8,0,13,0,3,0,0,0,0,0,4,0,9,2,1,0,0,0,0,0,12,0,22,2,4,0,0,0,0,0,40
SL050,34100303018,1894,545,267,51,657,33,158,47,30,9,1975,690,174,25,821,44,51,68,35,5,3869,1235,441,76,1478,77,209,115,65,14,7579
SL050,34100303019,323,51,89,10,247,8,15,15,4,1,371,66,75,3,285,5,6,22,4,0,694,117,164,13,532,13,21,37,8,1,1600
SL050,34100303020,12,0,0,0,1,0,0,0,0,0,9,0,0,0,0,0,0,0,0,0,21,0,0,0,1,0,0,0,0,0,22
SL050,34100303021,27,5,35,5,61,0,53,2,0,0,19,7,27,1,84,0,28,4,0,0,46,12,62,6,145,0,81,6,0,0,358
SL050,34100303022,0,0,0,0,3,0,0,0,0,0,2,0,0,0,3,0,0,0,0,0,2,0,0,0,6,0,0,0,0,0,8
SL050,34100303023,41,2,1,4,11,0,1,0,0,0,33,3,1,2,14,0,0,0,0,0,74,5,2,6,25,0,1,0,0,0,113
SL050,34100303024,191,23,97,4,21,1,8,2,0,0,181,13,73,6,37,0,0,2,1,0,372,36,170,10,58,1,8,4,1,0,660
SL050,34100303025,138,9,8,0,18,0,0,0,0,0,140,12,11,0,26,0,0,0,3,0,278,21,19,0,44,0,0,0,3,0,365
SL050,34100303026,174,12,23,3,63,2,0,0,0,0,160,16,12,0,69,1,0,0,4,0,334,28,35,3,132,3,0,0,4,0,539
SL050,34100303027,13,0,1,0,2,0,0,0,0,0,6,0,0,0,0,0,0,0,0,0,19,0,1,0,2,0,0,0,0,0,22
SL050,34100303028,15,1,2,0,8,0,0,0,0,0,17,0,4,1,13,0,0,0,0,0,32,1,6,1,21,0,0,0,0,0,61
SL050,34100303029,90,1,2,1,2,14,0,0,0,0,81,2,3,0,2,13,0,0,0,0,171,3,5,1,4,27,0,0,0,0,211
SL050,34100303030,194,11,13,1,22,3,0,0,1,0,201,10,9,0,21,0,0,0,0,1,395,21,22,1,43,3,0,0,1,1,487
SL050,34100303031,3790,708,1192,112,2430,36,1778,453,63,9,4030,1005,965,91,3098,24,641,417,87,10,7820,1713,2157,203,5528,60,2419,870,150,19,20939
SL050,34100303033,9,0,2,0,1,0,0,0,0,0,7,2,0,0,0,0,0,0,0,0,16,2,2,0,1,0,0,0,0,0,21
SL050,34100303034,676,62,20,2,27,2,22,9,3,0,704,64,15,0,30,0,6,9,4,2,1380,126,35,2,57,2,28,18,7,2,1657
SL050,34100303035,18,0,0,0,1,0,1,0,0,0,19,2,1,0,3,0,0,0,0,0,37,2,1,0,4,0,1,0,0,0,45
SL050,34100303036,1,0,0,0,0,0,0,0,0,0,1,0,0,0,0,0,0,0,0,0,2,0,0,0,0,0,0,0,0,0,2
SL050,34100303037,34,7,1,0,9,0,0,0,0,0,31,10,2,1,16,0,0,0,0,0,65,17,3,1,25,0,0,0,0,0,111
SL050,34100303038,15,2,0,0,2,0,0,0,0,0,15,1,0,0,5,1,0,0,0,0,30,3,0,0,7,1,0,0,0,0,41
SL050,34100303039,7,0,0,0,0,0,0,0,0,0,7,0,0,0,1,0,0,0,0,0,14,0,0,0,1,0,0,0,0,0,15
SL050,34100303040,44,2,0,1,3,0,0,0,0,1,55,4,2,1,12,0,0,0,0,0,99,6,2,2,15,0,0,0,0,1,125
SL050,34100303041,1218,124,172,6,235,9,6,25,8,6,1280,172,114,9,288,10,1,24,16,4,2498,296,286,15,523,19,7,49,24,10,3727
SL050,34100303042,897,127,38,7,91,6,3,30,4,0,970,124,18,5,92,11,4,34,7,1,1867,251,56,12,183,17,7,64,11,1,2469
SL050,34100303043,46,5,13,0,12,0,7,3,1,0,37,7,13,0,19,0,3,5,0,0,83,12,26,0,31,0,10,8,1,0,171
SL050,34100303044,211,61,240,5,108,1,4,4,6,0,211,54,148,1,124,0,0,5,9,0,422,115,388,6,232,1,4,9,15,0,1192
SL050,34100303045,80,4,15,0,3,2,0,0,0,0,76,2,3,0,2,0,0,2,0,0,156,6,18,0,5,2,0,2,0,0,189
SL050,34100303046,417,22,8,1,41,4,0,1,7,3,399,31,11,1,34,4,0,2,4,0,816,53,19,2,75,8,0,3,11,3,990
SL050,34100303047,3061,501,528,206,625,19,92,94,40,1,3225,681,305,52,727,18,34,97,48,3,6286,1182,833,258,1352,37,126,191,88,4,10357
SL050,34100303048,328,27,101,3,457,4,5,2,1,2,285,37,54,0,418,2,1,4,3,0,613,64,155,3,875,6,6,6,4,2,1734
SL050,34100303049,302,93,1409,4,219,3,16,8,1,0,335,134,957,6,258,0,3,8,2,0,637,227,2366,10,477,3,19,16,3,0,3758
SL050,34100303050,1312,217,326,27,719,34,46,53,36,7,1510,325,342,17,904,41,12,48,40,7,2822,542,668,44,1623,75,58,101,76,14,6023
SL050,34100303051,14,0,1,1,0,0,0,0,0,0,12,0,1,0,3,0,0,0,0,0,26,0,2,1,3,0,0,0,0,0,32
SL050,34100303052,14,6,3,0,3,0,1,0,0,0,8,3,6,0,6,0,0,0,0,0,22,9,9,0,9,0,1,0,0,0,50
SL050,34100303053,303,20,108,4,141,2,25,10,5,1,284,34,82,2,136,5,10,17,5,0,587,54,190,6,277,7,35,27,10,1,1194
SL050,34100303054,40,0,5,0,3,0,0,0,0,0,27,0,3,0,2,0,0,0,0,0,67,0,8,0,5,0,0,0,0,0,80
SL050,34100303055,634,23,238,1,60,0,14,15,1,0,658,43,181,2,88,0,0,19,1,0,1292,66,419,3,148,0,14,34,2,0,1978
SL050,34100303056,136,15,476,12,77,3,9,6,1,1,147,30,275,4,91,1,1,18,1,0,283,45,751,16,168,4,10,24,2,1,1304
SL050,34100303057,11,0,2,1,3,0,0,0,0,0,9,2,4,1,3,0,0,0,0,1,20,2,6,2,6,0,0,0,0,1,37
SL050,34100303058,159,36,286,0,165,2,0,3,1,0,128,43,272,1,141,5,0,4,0,0,287,79,558,1,306,7,0,7,1,0,1246
SL050,34100303059,442,38,1092,18,254,6,7,26,5,0,438,41,779,10,307,3,1,43,6,0,880,79,1871,28,561,9,8,69,11,0,3516
SL050,34100303060,5,0,0,1,0,0,0,0,0,0,4,0,0,0,2,0,0,0,0,0,9,0,0,1,2,0,0,0,0,0,12
SL050,34100303061,143,13,50,2,7,0,0,0,0,0,157,16,40,2,10,0,0,1,2,0,300,29,90,4,17,0,0,1,2,0,443
SL050,34100303062,207,8,2,0,6,2,4,2,1,1,181,9,0,0,11,1,0,0,0,0,388,17,2,0,17,3,4,2,1,1,435
SL050,34100303063,2192,683,376,50,1691,40,160,70,45,6,2487,877,339,44,2057,55,59,87,67,3,4679,1560,715,94,3748,95,219,157,112,9,11388
SL050,34100303064,246,17,287,2,45,0,3,1,3,0,249,19,225,1,85,2,3,1,2,2,495,36,512,3,130,2,6,2,5,2,1193
SL050,34100303065,3563,668,3500,1307,4169,60,145,954,55,9,3602,823,2606,297,5366,52,48,964,63,6,7165,1491,6106,1604,9535,112,193,1918,118,15,28257
SL050,34100303066,347,116,332,28,937,10,91,51,8,0,415,134,223,24,1127,19,18,55,9,1,762,250,555,52,2064,29,109,106,17,1,3945
SL050,34100303067,2,0,1,0,0,0,0,0,0,0,1,0,0,0,0,0,0,0,0,0,3,0,1,0,0,0,0,0,0,0,4
SL050,34100303068,2,0,0,0,0,0,0,0,0,0,3,0,2,0,0,0,0,0,0,0,5,0,2,0,0,0,0,0,0,0,7
SL050,34100303069,677,240,104,6,233,7,5,19,7,0,717,284,65,6,255,6,3,16,13,1,1394,524,169,12,488,13,8,35,20,1,2664
SL050,34100303070,546,24,166,8,65,2,5,6,1,1,546,33,110,10,59,1,7,5,1,0,1092,57,276,18,124,3,12,11,2,1,1596
SL050,34100303071,264,26,172,4,161,3,4,5,2,0,267,29,114,5,160,3,1,5,1,1,531,55,286,9,321,6,5,10,3,1,1227
SL050,34100303072,22,0,0,1,1,0,0,0,0,0,24,0,0,0,2,0,0,0,0,0,46,0,0,1,3,0,0,0,0,0,50
SL050,34100303073,6,0,1,1,2,0,0,0,0,0,7,0,0,1,0,0,0,0,0,0,13,0,1,2,2,0,0,0,0,0,18
SL050,34100303074,79,8,110,0,61,0,0,0,1,0,55,9,73,0,65,0,0,2,0,0,134,17,183,0,126,0,0,2,1,0,463
SL050,34100303075,20,1,1,0,1,0,2,0,0,1,17,3,2,0,4,0,0,0,1,0,37,4,3,0,5,0,2,0,1,1,53
SL050,34100303076,1198,498,221,38,234,15,22,58,11,0,1238,672,169,9,334,12,7,49,21,1,2436,1170,390,47,568,27,29,107,32,1,4807
SL050,34100303077,431,6,5,0,16,1,3,4,1,0,392,7,3,1,16,2,0,1,5,1,823,13,8,1,32,3,3,5,6,1,895
SL050,34100303078,261,4,0,0,10,0,7,0,0,0,273,11,1,1,8,0,2,1,0,0,534,15,1,1,18,0,9,1,0,0,579
SL050,34100303079,360,13,60,5,437,0,56,27,0,0,325,26,54,1,470,2,26,17,3,0,685,39,114,6,907,2,82,44,3,0,1882
SL050,34100303080,142,13,18,0,11,1,0,1,0,0,157,9,21,1,15,1,0,1,0,0,299,22,39,1,26,2,0,2,0,0,391
SL050,34100303081,358,8,54,3,38,3,5,3,1,2,372,14,50,0,54,4,2,2,3,3,730,22,104,3,92,7,7,5,4,5,979
SL050,34100303082,3676,389,624,35,1133,57,238,69,38,15,3939,492,346,48,1260,71,82,72,60,14,7615,881,970,83,2393,128,320,141,98,29,12658
SL050,34100303083,72,13,58,5,83,0,2,4,1,0,73,12,64,1,93,0,0,3,0,0,145,25,122,6,176,0,2,7,1,0,484
SL050,34100303084,17,0,0,0,3,0,0,0,0,0,19,0,1,0,2,0,0,0,0,0,36,0,1,0,5,0,0,0,0,0,42
SL050,34100303085,340,6,5,1,4,1,0,0,1,0,350,8,3,0,3,0,0,0,2,0,690,14,8,1,7,1,0,0,3,0,724
SL050,34100303086,29,0,0,0,1,0,0,0,0,0,26,1,0,0,0,0,0,0,0,0,55,1,0,0,1,0,0,0,0,0,57
SL050,34100303088,160,11,203,5,185,1,7,5,4,0,147,13,40,3,197,2,2,6,5,0,307,24,243,8,382,3,9,11,9,0,996
SL050,34100303089,195,14,23,6,178,1,16,5,2,0,214,19,21,3,191,3,3,4,2,0,409,33,44,9,369,4,19,9,4,0,900
SL050,34100303090,781,128,295,17,424,10,16,26,19,7,816,173,237,12,541,12,1,38,20,7,1597,301,532,29,965,22,17,64,39,14,3580
SL050,34100303091,93,2,3,0,3,2,0,0,1,0,101,2,1,0,4,6,0,0,0,0,194,4,4,0,7,8,0,0,1,0,218
SL050,34100303092,117,6,325,17,46,1,10,6,10,0,154,18,218,9,90,2,1,4,5,0,271,24,543,26,136,3,11,10,15,0,1039
SL050,34100303093,389,53,259,9,390,3,18,29,12,0,401,60,128,1,437,1,7,19,14,1,790,113,387,10,827,4,25,48,26,1,2231
SL050,34100303094,1998,380,258,67,508,19,41,40,26,2,2176,423,164,34,628,22,26,37,35,3,4174,803,422,101,1136,41,67,77,61,5,6887
SL050,34100303095,182,61,136,16,201,4,1,12,3,0,230,77,107,5,212,8,0,14,12,0,412,138,243,21,413,12,1,26,15,0,1281
SL050,34100303096,149,8,55,0,103,2,7,0,2,0,124,14,51,3,110,0,2,3,2,0,273,22,106,3,213,2,9,3,4,0,635
SL050,34100303097,406,10,18,4,19,11,4,1,1,0,425,14,23,4,19,11,1,1,2,0,831,24,41,8,38,22,5,2,3,0,974
SL050,34100303098,67,2,5,1,6,0,1,3,2,0,66,2,4,0,15,0,0,4,1,0,133,4,9,1,21,0,1,7,3,0,179
SL050,34100303099,7522,1252,1466,268,1434,33,261,234,75,6,7877,1658,835,115,1621,44,106,222,106,11,15399,2910,2301,383,3055,77,367,456,181,17,25146
SL050,34100303100,151,4,7,1,7,1,0,0,1,0,157,6,9,1,6,5,0,0,1,0,308,10,16,2,13,6,0,0,2,0,357
SL050,34100303101,557,45,106,4,174,4,4,8,2,0,548,49,80,4,187,11,3,7,4,0,1105,94,186,8,361,15,7,15,6,0,1797
SL050,34100303102,585,84,87,2,105,6,17,11,1,0,548,91,61,4,102,3,5,8,4,0,1133,175,148,6,207,9,22,19,5,0,1724
SL050,34100303103,5,0,2,2,1,0,0,0,0,0,2,0,0,0,5,0,0,0,0,0,7,0,2,2,6,0,0,0,0,0,17
SL050,34100303104,155,63,54,21,382,4,29,40,10,0,192,69,54,9,504,2,6,40,6,0,347,132,108,30,886,6,35,80,16,0,1640
SL050,34100303105,358,30,68,3,112,2,22,3,1,0,368,34,54,1,113,3,13,7,3,0,726,64,122,4,225,5,35,10,4,0,1195
SL050,34100303106,40,0,0,0,2,1,0,0,0,0,30,2,0,0,4,0,1,0,0,0,70,2,0,0,6,1,1,0,0,0,80
SL050,34100303107,458,113,99,27,141,11,6,4,7,0,448,123,68,6,138,3,1,6,4,1,906,236,167,33,279,14,7,10,11,1,1664
SL050,34100303109,85,17,184,0,70,0,0,1,1,0,91,20,160,0,70,0,0,0,0,0,176,37,344,0,140,0,0,1,1,0,699
SL050,34100303110,105,20,2,0,8,1,0,0,0,0,104,16,0,2,17,2,0,0,2,0,209,36,2,2,25,3,0,0,2,0,279
SL050,34100303111,124,14,324,2,102,5,8,6,0,0,129,14,203,0,129,4,4,6,0,1,253,28,527,2,231,9,12,12,0,1,1075
SL050,34100303112,209,1,3,1,7,1,0,1,1,0,205,3,0,0,3,1,0,1,0,0,414,4,3,1,10,2,0,2,1,0,437
SL050,34100303113,4254,830,298,17,137,8,89,101,29,1,4236,853,163,13,179,17,29,91,43,6,8490,1683,461,30,316,25,118,192,72,7,11394
SL050,34100303114,208,7,5,2,29,2,2,1,0,0,206,7,4,0,37,0,0,0,2,0,414,14,9,2,66,2,2,1,2,0,512
SL050,34100303115,48,1,6,0,2,0,0,0,0,0,51,1,3,0,2,0,0,0,0,0,99,2,9,0,4,0,0,0,0,0,114
SL050,34100303116,102,3,0,1,16,0,1,0,0,4,91,6,1,1,19,0,0,0,0,0,193,9,1,2,35,0,1,0,0,4,245
SL050,34100303117,98,11,0,0,9,1,0,0,0,0,94,13,0,1,9,1,0,0,0,0,192,24,0,1,18,2,0,0,0,0,237
SL050,34100303118,2055,115,169,10,58,11,32,31,8,2,2128,111,119,4,87,8,14,29,12,2,4183,226,288,14,145,19,46,60,20,4,5005
SL050,34100303119,469,115,209,17,799,21,20,86,13,5,552,162,235,13,958,19,8,74,21,2,1021,277,444,30,1757,40,28,160,34,7,3798
SL050,34100303120,1107,106,77,12,60,3,18,16,9,0,1162,101,57,7,64,2,0,12,8,1,2269,207,134,19,124,5,18,28,17,1,2822
SL050,34100303121,1338,325,262,114,754,18,154,97,35,4,1345,421,238,33,1015,21,27,92,38,8,2683,746,500,147,1769,39,181,189,73,12,6339
SL050,34100303122,578,185,428,80,1057,20,106,134,33,1,653,248,353,61,1398,27,34,150,39,2,1231,433,781,141,2455,47,140,284,72,3,5587
SL050,34100303123,219,13,8,3,92,0,9,10,0,0,203,21,6,3,109,1,2,8,0,0,422,34,14,6,201,1,11,18,0,0,707
SL050,34100303124,31,2,6,0,1,0,0,0,0,1,26,3,0,2,3,0,0,0,0,0,57,5,6,2,4,0,0,0,0,1,75
SL050,34100303125,60,5,19,1,10,1,0,0,0,0,54,2,14,0,13,2,0,0,1,0,114,7,33,1,23,3,0,0,1,0,182
SL050,34100303127,106,4,8,0,8,1,0,0,1,0,87,2,6,1,12,2,0,0,0,0,193,6,14,1,20,3,0,0,1,0,238
SL050,34100303128,1988,132,223,13,387,10,53,50,18,4,2095,174,126,9,446,11,21,45,15,7,4083,306,349,22,833,21,74,95,33,11,5827
SL050,34100303129,79,1,4,0,17,0,0,0,0,0,72,3,3,2,23,0,1,2,0,0,151,4,7,2,40,0,1,2,0,0,207
SL050,34100303130,5,0,0,0,1,0,0,0,0,0,3,0,0,0,2,0,0,0,0,0,8,0,0,0,3,0,0,0,0,0,11
SL050,34100303131,57,1,2,1,2,0,0,0,0,0,59,1,1,0,1,0,0,0,0,0,116,2,3,1,3,0,0,0,0,0,125
SL050,34100303132,42,6,2,0,4,0,0,0,1,0,42,2,1,0,8,0,0,0,1,0,84,8,3,0,12,0,0,0,2,0,109
SL050,34100303133,6478,3740,2223,452,3823,54,580,449,146,8,7025,4475,1297,221,4384,52,176,452,203,12,13503,8215,3520,673,8207,106,756,901,349,20,36250
SL050,34100303134,7,2,0,0,0,0,0,0,0,0,4,2,0,0,0,0,0,0,0,1,11,4,0,0,0,0,0,0,0,1,16
SL050,34100303135,11,0,4,0,2,0,0,0,0,0,7,0,5,0,1,0,0,0,0,0,18,0,9,0,3,0,0,0,0,0,30
SL050,34100303136,62,0,3,2,7,1,0,0,0,0,43,1,1,1,14,2,0,0,2,0,105,1,4,3,21,3,0,0,2,0,139
SL050,34100303137,43,2,4,0,5,2,0,0,0,0,47,7,8,1,9,1,0,0,1,0,90,9,12,1,14,3,0,0,1,0,130
SL050,34100303138,230,31,64,5,65,4,4,30,6,0,250,43,58,6,66,3,0,13,3,0,480,74,122,11,131,7,4,43,9,0,881
SL050,34100303139,1380,504,796,20,756,17,90,50,23,3,1453,644,537,16,896,12,22,48,22,1,2833,1148,1333,36,1652,29,112,98,45,4,7290
SL050,34100303140,340,32,401,21,495,3,70,34,8,0,329,63,304,15,603,5,22,25,2,0,669,95,705,36,1098,8,92,59,10,0,2772
SL050,34100303901,580,95,21,3,33,3,3,11,2,0,651,143,16,3,39,4,0,9,2,1,1231,238,37,6,72,7,3,20,4,1,1619
SL050,34100303902,2355,318,1190,7,480,7,60,39,6,3,2383,376,563,13,529,5,19,50,9,1,4738,694,1753,20,1009,12,79,89,15,4,8413
SL050,34100303903,637,64,34,6,63,2,31,13,2,1,682,71,29,2,76,3,11,7,0,1,1319,135,63,8,139,5,42,20,2,2,1735
SL050,34100303904,60,7,23,4,26,0,0,0,0,0,84,6,17,2,31,0,0,0,1,0,144,13,40,6,57,0,0,0,1,0,261
SL050,34010404001,19,1,17,4,9,0,0,0,0,0,24,1,7,2,14,0,0,0,0,0,43,2,24,6,23,0,0,0,0,0,98
SL050,34010404002,11,0,11,0,1,0,0,0,0,0,8,0,9,0,0,0,0,0,0,0,19,0,20,0,1,0,0,0,0,0,40
SL050,34010404003,513,160,925,78,103,1,8,11,2,0,497,235,458,2,140,5,1,9,1,0,1010,395,1383,80,243,6,9,20,3,0,3149
SL050,34010404004,140,2,0,0,1,0,0,0,0,0,145,4,0,0,2,0,1,0,0,0,285,6,0,0,3,0,1,0,0,0,295
SL050,34010404005,3,0,4,0,1,0,0,0,0,0,5,1,2,0,1,0,0,0,0,0,8,1,6,0,2,0,0,0,0,0,17
SL050,34010404006,973,55,77,25,412,4,313,17,1,0,929,53,42,10,393,5,124,19,3,0,1902,108,119,35,805,9,437,36,4,0,3455
SL050,34010404007,1,1,2,1,4,0,0,0,0,0,3,0,1,1,3,0,0,0,0,0,4,1,3,2,7,0,0,0,0,0,17
SL050,34010404008,11,0,0,0,7,0,0,0,0,0,6,1,1,0,5,0,0,0,0,0,17,1,1,0,12,0,0,0,0,0,31
SL050,34010404009,0,0,0,0,0,0,0,0,0,0,1,0,0,0,0,0,0,0,0,0,1,0,0,0,0,0,0,0,0,0,1
SL050,34010404010,11,0,1,0,1,0,0,0,0,0,5,0,0,0,0,0,0,0,0,0,16,0,1,0,1,0,0,0,0,0,18
SL050,34010404011,94,0,15,18,33,2,0,2,0,0,95,8,9,6,39,1,0,5,1,0,189,8,24,24,72,3,0,7,1,0,328
SL050,34010404012,1,1,0,0,0,0,0,0,0,0,0,0,0,0,0,0,0,0,0,0,1,1,0,0,0,0,0,0,0,0,2
SL050,34010404013,2345,259,6237,642,2696,47,259,265,68,6,2760,704,3939,216,3616,69,120,295,65,5,5105,963,10176,858,6312,116,379,560,133,11,24613
SL050,34010404014,2,0,2,0,4,0,0,0,1,0,2,1,1,0,3,0,0,0,0,0,4,1,3,0,7,0,0,0,1,0,16
SL050,34010404015,4,0,0,0,0,0,0,0,0,0,2,0,0,0,0,0,0,0,0,0,6,0,0,0,0,0,0,0,0,0,6
SL050,34010404016,147,20,87,29,73,0,3,4,1,1,135,18,74,13,75,1,1,3,1,0,282,38,161,42,148,1,4,7,2,1,686
SL050,34010404017,1475,17,19,7,37,1,2,3,3,0,1447,12,12,6,61,3,1,7,5,0,2922,29,31,13,98,4,3,10,8,0,3118
SL050,34010404018,7,2,1,0,0,0,0,0,0,0,10,1,3,0,4,0,0,1,0,0,17,3,4,0,4,0,0,1,0,0,29
SL050,34010404019,0,0,0,0,2,0,0,0,0,0,2,0,0,0,1,0,0,0,0,1,2,0,0,0,3,0,0,0,0,1,6
SL050,34010404020,1,0,1,0,0,0,0,0,0,0,2,2,1,0,1,0,0,0,0,0,3,2,2,0,1,0,0,0,0,0,8
SL050,34010404021,7,1,0,0,1,0,0,0,0,0,7,0,0,0,1,0,0,0,0,0,14,1,0,0,2,0,0,0,0,0,17
SL050,34010404022,230,3,17,3,5,2,2,2,2,0,235,2,15,1,10,4,2,1,3,1,465,5,32,4,15,6,4,3,5,1,540
SL050,34010404023,1,0,0,0,1,0,0,0,0,0,0,0,0,0,1,0,0,0,0,0,1,0,0,0,2,0,0,0,0,0,3
SL050,34010404024,78,5,20,12,25,2,0,2,0,0,93,7,11,0,32,1,0,2,0,0,171,12,31,12,57,3,0,4,0,0,290
SL050,34010404026,0,0,0,0,0,0,0,0,0,0,1,0,0,0,0,1,0,0,0,0,1,0,0,0,0,1,0,0,0,0,2
SL050,34010404027,3,0,2,0,1,0,0,0,0,0,8,0,0,0,6,0,0,0,0,0,11,0,2,0,7,0,0,0,0,0,20
SL050,34010404028,1,0,0,0,0,0,0,0,0,0,1,0,0,0,0,0,0,0,0,0,2,0,0,0,0,0,0,0,0,0,2
SL050,34010404029,423,10,222,55,38,1,4,7,1,0,419,40,131,3,50,1,1,7,0,0,842,50,353,58,88,2,5,14,1,0,1413
SL050,34010404030,5,0,3,1,5,1,0,0,0,0,9,1,1,0,4,0,0,0,0,0,14,1,4,1,9,1,0,0,0,0,30
SL050,34010404031,247,12,7,3,48,2,3,1,3,0,285,11,5,2,47,4,0,3,4,0,532,23,12,5,95,6,3,4,7,0,687
SL050,34010404032,200,27,111,60,78,4,0,10,1,0,224,41,89,10,83,5,0,6,1,0,424,68,200,70,161,9,0,16,2,0,950
SL050,34010404033,2,0,1,0,0,0,0,0,0,0,4,0,0,0,0,0,0,0,0,0,6,0,1,0,0,0,0,0,0,0,7
SL050,34010404034,1,1,0,0,3,0,0,0,0,0,1,0,0,0,2,0,0,1,0,0,2,1,0,0,5,0,0,1,0,0,9
SL050,34010404035,527,46,625,358,376,1,6,4,0,0,506,73,425,79,406,1,1,3,4,0,1033,119,1050,437,782,2,7,7,4,0,3441
SL050,34010404036,9,0,0,0,3,0,3,0,0,0,10,1,0,0,3,0,2,0,0,0,19,1,0,0,6,0,5,0,0,0,31
SL050,34010404037,41,1,12,7,3,0,0,0,0,0,42,2,2,0,6,0,0,0,0,0,83,3,14,7,9,0,0,0,0,0,116
SL050,34010404038,37,2,73,0,14,1,0,2,0,0,43,15,37,0,27,1,0,5,1,0,80,17,110,0,41,2,0,7,1,0,258
SL050,34010404041,26,3,2,0,5,0,0,0,0,0,30,1,1,0,6,2,0,0,0,0,56,4,3,0,11,2,0,0,0,0,76
SL050,34010404043,20,0,1,1,6,1,0,1,0,0,20,4,1,0,6,0,0,0,0,0,40,4,2,1,12,1,0,1,0,0,61
SL050,34010404044,47,14,27,12,27,0,10,0,1,0,41,6,13,1,19,0,6,1,0,0,88,20,40,13,46,0,16,1,1,0,225
SL050,34010404045,19,4,15,2,2,0,0,1,0,0,16,1,3,0,6,0,0,1,0,0,35,5,18,2,8,0,0,2,0,0,70
SL050,34010404046,9,3,1,1,3,0,0,0,0,0,6,9,1,0,3,0,0,0,0,0,15,12,2,1,6,0,0,0,0,0,36
SL050,34010404047,78,2,37,3,19,0,0,4,1,0,78,4,20,0,19,0,0,2,1,0,156,6,57,3,38,0,0,6,2,0,268
SL050,34010404048,405,5,53,2,87,5,0,0,1,0,418,12,28,2,72,5,0,2,3,0,823,17,81,4,159,10,0,2,4,0,1100
SL050,34010404049,336,57,210,193,316,9,86,12,2,2,382,93,132,45,355,3,28,12,3,0,718,150,342,238,671,12,114,24,5,2,2276
SL050,34010404050,35,2,58,0,3,0,1,0,0,0,35,2,15,0,4,0,0,0,0,0,70,4,73,0,7,0,1,0,0,0,155
SL050,34010404051,5,0,1,0,1,0,0,0,0,0,3,0,1,0,0,0,0,0,0,0,8,0,2,0,1,0,0,0,0,0,11
SL050,34010404052,115,20,61,23,144,3,3,16,0,3,127,64,27,10,193,5,4,20,0,0,242,84,88,33,337,8,7,36,0,3,838
SL050,34010404053,809,88,479,79,568,7,42,10,1,1,851,128,267,13,619,9,13,11,5,0,1660,216,746,92,1187,16,55,21,6,1,4000
SL050,34010404054,6,0,1,0,1,0,0,0,0,0,4,1,1,0,1,0,0,0,0,0,10,1,2,0,2,0,0,0,0,0,15
SL050,34010404055,10,0,2,1,0,0,0,0,0,0,10,0,3,0,0,0,0,0,0,0,20,0,5,1,0,0,0,0,0,0,26
SL050,34010404056,3,1,0,0,0,0,0,0,0,0,2,0,0,0,0,0,0,0,0,0,5,1,0,0,0,0,0,0,0,0,6
SL050,34010404057,7,1,9,0,4,0,0,0,0,0,9,4,3,0,8,0,0,0,0,0,16,5,12,0,12,0,0,0,0,0,45
SL050,34010404058,8,2,0,0,1,0,0,0,0,0,11,1,0,0,2,0,0,0,0,0,19,3,0,0,3,0,0,0,0,0,25
SL050,34010404059,123,2,16,4,21,1,4,0,0,0,118,0,5,0,17,3,1,0,0,0,241,2,21,4,38,4,5,0,0,0,315
SL050,34010404060,26,1,18,2,7,2,0,0,0,0,18,0,8,2,7,0,0,0,0,0,44,1,26,4,14,2,0,0,0,0,91
SL050,34010404061,27,7,0,0,1,0,0,0,0,0,22,5,0,0,0,0,0,0,0,0,49,12,0,0,1,0,0,0,0,0,62
SL050,34010404062,31,11,14,5,77,0,40,1,2,0,34,13,5,3,71,1,8,3,0,0,65,24,19,8,148,1,48,4,2,0,319
SL050,34010404063,23,0,7,7,7,0,0,0,1,0,11,2,4,0,11,0,0,0,0,0,34,2,11,7,18,0,0,0,1,0,73
SL050,34010404064,1156,37,40,15,173,16,20,19,10,3,1233,54,33,10,210,18,10,17,12,6,2389,91,73,25,383,34,30,36,22,9,3092
SL050,34010404065,32,1,9,1,2,0,0,0,0,0,31,1,3,0,2,0,0,0,0,0,63,2,12,1,4,0,0,0,0,0,82
SL050,34010404066,1255,105,4425,979,168,3,29,11,7,0,1407,147,2468,97,232,3,8,19,9,0,2662,252,6893,1076,400,6,37,30,16,0,11372
SL050,34010404067,2,0,2,0,0,0,0,0,0,0,6,3,0,0,0,0,0,0,0,0,8,3,2,0,0,0,0,0,0,0,13
SL050,34010404068,8,0,1,0,0,0,0,0,0,0,4,0,1,0,0,0,0,0,0,0,12,0,2,0,0,0,0,0,0,0,14
SL050,34010404069,78,46,73,9,63,1,48,4,0,0,86,38,49,10,97,0,12,4,1,0,164,84,122,19,160,1,60,8,1,0,619
SL050,34010404070,230,0,17,1,7,1,1,1,0,1,228,4,3,0,14,0,0,1,0,0,458,4,20,1,21,1,1,2,0,1,509
SL050,34010404071,9,1,0,2,0,0,0,0,0,0,5,1,1,0,0,0,0,0,0,0,14,2,1,2,0,0,0,0,0,0,19
SL050,34010404072,346,7,2,1,4,0,0,0,0,0,334,4,3,0,6,0,0,0,0,1,680,11,5,1,10,0,0,0,0,1,708
SL050,34010404073,1,1,2,0,3,0,0,0,0,0,2,2,0,0,4,0,0,0,0,0,3,3,2,0,7,0,0,0,0,0,15
SL050,34010404074,104,8,35,8,28,0,0,0,0,0,128,16,21,3,27,2,0,0,0,0,232,24,56,11,55,2,0,0,0,0,380
SL050,34010404075,356,13,315,70,946,1,7,5,2,0,352,16,247,14,766,3,5,8,0,0,708,29,562,84,1712,4,12,13,2,0,3126
SL050,34010404076,27,3,47,8,20,0,1,1,0,0,35,8,2,1,15,0,0,1,0,0,62,11,49,9,35,0,1,2,0,0,169
SL050,34010404077,0,0,1,0,0,0,0,0,0,0,0,2,0,0,0,0,0,0,0,0,0,2,1,0,0,0,0,0,0,0,3
SL050,34010404078,20,4,13,0,13,1,0,0,0,0,28,3,5,0,10,0,0,0,0,0,48,7,18,0,23,1,0,0,0,0,97
SL050,34010404079,4975,391,3267,4320,1527,27,86,104,37,6,5130,1177,2074,1003,2095,42,31,129,47,8,10105,1568,5341,5323,3622,69,117,233,84,14,26476
SL050,34010404080,6,1,0,0,3,0,0,0,0,0,5,0,1,0,2,0,0,0,0,0,11,1,1,0,5,0,0,0,0,0,18
SL050,34010404081,16,0,1,0,0,0,1,0,0,0,16,0,3,0,0,0,0,0,0,0,32,0,4,0,0,0,1,0,0,0,37
SL050,34010404082,13,0,1,0,2,0,0,0,0,0,8,0,0,0,6,0,0,0,0,0,21,0,1,0,8,0,0,0,0,0,30
SL050,34010404083,16,0,8,2,5,0,0,0,0,0,22,9,5,2,12,0,0,2,0,0,38,9,13,4,17,0,0,2,0,0,83
SL050,34010404084,4,4,0,1,0,0,0,0,0,0,8,0,1,0,2,0,0,0,0,0,12,4,1,1,2,0,0,0,0,0,20
SL050,34010404085,22,2,2,0,1,0,0,0,1,0,17,4,1,0,2,0,0,0,0,0,39,6,3,0,3,0,0,0,1,0,52
SL050,34010404086,147,4,46,16,23,6,0,0,1,0,138,4,36,1,21,2,0,0,1,0,285,8,82,17,44,8,0,0,2,0,446
SL050,34010404087,19,0,0,0,1,0,0,0,0,0,15,0,0,0,2,0,0,0,0,0,34,0,0,0,3,0,0,0,0,0,37
SL050,34010404088,353,7,51,18,19,0,1,1,0,0,324,8,22,5,22,2,0,3,0,0,677,15,73,23,41,2,1,4,0,0,836
SL050,34010404089,66,2,2,2,5,0,0,0,0,2,83,3,1,1,8,0,0,0,0,2,149,5,3,3,13,0,0,0,0,4,177
SL050,34010404090,15,0,5,0,4,0,0,0,0,0,12,2,5,0,8,0,0,0,0,0,27,2,10,0,12,0,0,0,0,0,51
SL050,34010404091,6,1,1,3,1,1,0,0,0,0,5,1,1,1,4,0,0,0,0,0,11,2,2,4,5,1,0,0,0,0,25
SL050,34010404092,23,6,20,0,52,2,0,2,0,0,39,17,12,0,58,0,0,3,1,0,62,23,32,0,110,2,0,5,1,0,235
SL050,34010404093,419,12,49,8,52,1,16,4,0,0,440,19,28,2,65,4,10,5,1,0,859,31,77,10,117,5,26,9,1,0,1135
SL050,34010404094,8,0,0,1,4,0,0,0,0,0,11,0,0,0,1,1,0,0,0,0,19,0,0,1,5,1,0,0,0,0,26
SL050,34010404095,31,1,7,1,4,0,0,0,0,0,33,0,5,0,7,0,0,0,0,0,64,1,12,1,11,0,0,0,0,0,89
SL050,34010404096,22,0,0,0,1,0,0,0,0,0,22,0,0,0,1,0,0,0,0,0,44,0,0,0,2,0,0,0,0,0,46
SL050,34010404097,3,0,0,0,1,0,0,0,0,0,4,0,0,0,0,0,0,0,0,0,7,0,0,0,1,0,0,0,0,0,8
SL050,34010404098,125,3,9,1,14,1,0,0,2,0,117,3,8,0,19,0,0,0,0,0,242,6,17,1,33,1,0,0,2,0,302
SL050,34010404099,264,43,64,9,122,1,4,2,0,0,258,50,44,2,149,0,2,8,1,0,522,93,108,11,271,1,6,10,1,0,1023
SL050,34010404100,894,69,348,56,898,9,32,21,5,4,925,102,269,31,892,9,14,22,6,0,1819,171,617,87,1790,18,46,43,11,4,4606
SL050,34010404101,59,4,74,6,79,0,0,1,0,0,65,12,49,5,83,0,0,3,0,0,124,16,123,11,162,0,0,4,0,0,440
SL050,34010404102,713,49,1537,1644,447,8,4,6,3,0,717,158,1244,212,544,6,5,8,2,0,1430,207,2781,1856,991,14,9,14,5,0,7307
SL050,34010404103,549,2,30,1,13,6,4,0,1,0,543,6,26,0,22,3,2,0,2,0,1092,8,56,1,35,9,6,0,3,0,1210
SL050,34010404901,12,0,9,0,1,1,0,0,0,0,11,0,8,0,3,1,0,0,0,0,23,0,17,0,4,2,0,0,0,0,46
SL050,34010404902,2855,188,8680,1490,788,11,27,44,16,1,2785,764,5015,215,990,8,5,57,17,2,5640,952,13695,1705,1778,19,32,101,33,3,23958
SL050,34010404903,62,6,1130,820,22,0,6,0,1,0,76,16,693,143,22,0,2,0,0,0,138,22,1823,963,44,0,8,0,1,0,2999
SL050,34010404904,108,6,200,74,13,0,0,0,0,0,116,12,109,0,16,0,0,0,0,0,224,18,309,74,29,0,0,0,0,0,654
SL050,34070505001,12,1,0,1,0,0,0,0,0,0,1,0,0,0,0,0,0,0,0,0,13,1,0,1,0,0,0,0,0,0,15
SL050,34070505002,22,5,62,3,64,4,1,1,3,0,36,5,51,1,86,0,4,1,1,0,58,10,113,4,150,4,5,2,4,0,350
SL050,34070505007,0,0,0,0,0,0,0,0,0,0,1,0,0,0,2,0,0,0,0,0,1,0,0,0,2,0,0,0,0,0,3
SL050,34070505008,1,0,1,0,2,0,0,0,0,0,2,1,0,0,2,0,0,0,0,0,3,1,1,0,4,0,0,0,0,0,9
SL050,34070505010,1,0,0,0,0,1,0,0,0,0,3,0,0,0,2,0,0,0,0,0,4,0,0,0,2,1,0,0,0,0,7
SL050,34070505012,0,0,0,0,0,0,0,0,0,0,0,0,0,0,1,0,0,0,0,0,0,0,0,0,1,0,0,0,0,0,1
SL050,34070505013,65,1,6,0,6,0,0,0,0,0,56,0,6,0,6,2,0,0,0,0,121,1,12,0,12,2,0,0,0,0,148
SL050,34070505014,101,6,18,4,55,2,3,8,1,0,120,11,21,2,87,6,0,8,6,1,221,17,39,6,142,8,3,16,7,1,460
SL050,34070505015,0,0,0,0,0,0,0,0,0,0,2,0,0,0,1,0,0,0,0,0,2,0,0,0,1,0,0,0,0,0,3
SL050,34070505016,67,5,64,1,35,1,0,6,2,0,87,2,35,0,87,1,0,9,1,1,154,7,99,1,122,2,0,15,3,1,404
SL050,34070505018,0,0,1,0,0,0,0,0,0,0,1,0,0,0,0,0,0,0,0,0,1,0,1,0,0,0,0,0,0,0,2
SL050,34070505019,619,45,499,35,1012,13,11,119,34,3,692,69,416,36,1398,16,13,143,34,1,1311,114,915,71,2410,29,24,262,68,4,5208
SL050,34070505021,54,3,3,0,22,0,0,2,0,0,46,2,1,0,38,2,0,5,1,0,100,5,4,0,60,2,0,7,1,0,179
SL050,34070505022,16,2,4,0,33,1,0,1,1,1,25,1,0,0,40,3,0,3,0,2,41,3,4,0,73,4,0,4,1,3,133
SL050,34070505024,1,0,0,0,1,0,0,0,0,0,0,0,0,0,0,0,0,0,0,0,1,0,0,0,1,0,0,0,0,0,2
SL050,34070505026,1,0,0,0,2,0,0,0,0,0,2,0,0,0,5,0,0,0,0,0,3,0,0,0,7,0,0,0,0,0,10
SL050,34070505027,12,0,2,0,1,0,0,0,0,0,9,1,6,0,0,2,0,0,0,0,21,1,8,0,1,2,0,0,0,0,33
SL050,34070505029,1,0,0,0,0,0,0,0,0,0,0,0,0,0,0,0,0,0,0,0,1,0,0,0,0,0,0,0,0,0,1
SL050,34070505033,0,0,0,0,0,0,0,0,0,0,1,0,0,0,0,0,0,0,0,0,1,0,0,0,0,0,0,0,0,0,1
SL050,34070505034,0,0,0,0,0,0,0,0,0,0,1,0,0,0,1,0,0,0,0,0,1,0,0,0,1,0,0,0,0,0,2
SL050,34070505035,0,0,0,0,1,0,0,0,0,0,0,0,2,0,1,0,0,0,0,0,0,0,2,0,2,0,0,0,0,0,4
SL050,34070505036,1,0,0,0,1,0,0,0,0,0,2,0,0,0,1,0,0,0,0,0,3,0,0,0,2,0,0,0,0,0,5
SL050,34070505037,0,0,0,0,0,0,0,0,0,0,0,0,0,0,3,0,0,0,0,0,0,0,0,0,3,0,0,0,0,0,3
SL050,34070505038,1,0,0,0,2,0,0,0,0,0,0,0,0,0,2,0,0,0,0,0,1,0,0,0,4,0,0,0,0,0,5
SL050,34070505040,0,0,0,0,1,0,0,0,0,0,0,0,0,0,1,0,0,0,0,0,0,0,0,0,2,0,0,0,0,0,2
SL050,34070505041,15,1,9,1,18,0,0,0,0,0,13,3,4,0,33,1,0,0,0,0,28,4,13,1,51,1,0,0,0,0,98
SL050,34070505042,2,0,0,0,0,0,0,0,0,0,2,0,0,0,1,0,0,0,0,0,4,0,0,0,1,0,0,0,0,0,5
SL050,34070505043,0,0,0,0,0,1,0,0,0,0,0,0,0,0,0,0,0,0,0,0,0,0,0,0,0,1,0,0,0,0,1
SL050,34070505044,2,0,0,0,0,0,0,0,0,0,2,0,0,0,1,0,0,0,0,0,4,0,0,0,1,0,0,0,0,0,5
SL050,34070505046,0,0,0,0,0,0,0,0,0,0,0,0,0,0,1,0,0,0,0,0,0,0,0,0,1,0,0,0,0,0,1
SL050,34070505047,73,3,7,2,55,1,2,6,0,0,64,7,8,1,74,1,0,6,1,0,137,10,15,3,129,2,2,12,1,0,311
SL050,34070505049,6,0,1,0,0,0,0,0,0,0,7,0,0,0,4,0,0,0,0,0,13,0,1,0,4,0,0,0,0,0,18
SL050,34070505051,1,0,0,0,0,0,0,0,0,0,0,0,0,0,0,0,0,1,0,0,1,0,0,0,0,0,0,1,0,0,2
SL050,34070505052,0,0,0,0,0,0,0,0,0,0,0,0,0,0,2,0,0,0,0,0,0,0,0,0,2,0,0,0,0,0,2
SL050,34070505053,0,0,0,0,0,0,0,0,0,0,0,0,0,0,1,0,0,0,0,0,0,0,0,0,1,0,0,0,0,0,1
SL050,34070505054,22,0,8,1,10,1,0,0,0,0,15,0,2,0,18,1,0,0,0,0,37,0,10,1,28,2,0,0,0,0,78
SL050,34070505055,3,1,18,0,2,0,0,1,0,0,2,1,17,1,5,0,0,0,0,0,5,2,35,1,7,0,0,1,0,0,51
SL050,34070505056,0,0,0,0,0,0,0,0,0,0,1,0,0,0,0,0,0,0,0,0,1,0,0,0,0,0,0,0,0,0,1
SL050,34070505057,26,1,89,0,59,3,0,3,0,0,19,1,65,0,65,1,0,2,0,0,45,2,154,0,124,4,0,5,0,0,334
SL050,34070505061,3,0,0,0,3,0,0,0,0,0,6,0,0,0,0,0,0,0,0,0,9,0,0,0,3,0,0,0,0,0,12
SL050,34070505062,1,0,0,0,0,0,0,0,0,0,0,0,0,0,0,0,0,0,0,0,1,0,0,0,0,0,0,0,0,0,1
SL050,34070505064,0,0,0,0,0,0,0,0,0,0,0,0,0,0,2,0,0,0,0,0,0,0,0,0,2,0,0,0,0,0,2
SL050,34070505065,0,0,7,0,0,0,0,0,0,0,0,0,4,0,4,0,0,0,0,0,0,0,11,0,4,0,0,0,0,0,15
SL050,34070505066,8,0,0,0,2,0,0,0,0,0,3,0,0,0,2,0,0,0,0,0,11,0,0,0,4,0,0,0,0,0,15
SL050,34070505069,0,0,0,0,1,0,0,0,0,0,0,0,0,0,0,0,0,0,0,0,0,0,0,0,1,0,0,0,0,0,1
SL050,34070505070,0,0,1,0,1,0,0,0,0,0,0,0,2,0,1,0,0,0,0,0,0,0,3,0,2,0,0,0,0,0,5
SL050,34070505072,2,0,0,0,0,0,0,0,0,0,0,0,1,0,0,0,0,0,0,0,2,0,1,0,0,0,0,0,0,0,3
SL050,34070505073,0,0,0,0,0,0,0,0,0,0,2,0,2,0,0,0,0,0,0,0,2,0,2,0,0,0,0,0,0,0,4
SL050,34070505074,2,0,1,0,1,0,0,0,0,0,5,0,1,0,4,0,0,0,4,0,7,0,2,0,5,0,0,0,4,0,18
SL050,34070505075,1,0,0,0,2,0,0,0,0,0,1,0,0,0,4,0,0,0,0,0,2,0,0,0,6,0,0,0,0,0,8
SL050,34070505076,3,0,1,0,2,0,0,0,0,0,6,1,2,0,4,0,0,0,0,0,9,1,3,0,6,0,0,0,0,0,19
SL050,34070505077,0,0,0,0,0,0,0,0,0,0,0,0,0,0,3,0,0,0,0,0,0,0,0,0,3,0,0,0,0,0,3
SL050,34070505078,0,0,0,0,0,0,0,0,0,0,2,0,0,0,0,0,0,0,0,0,2,0,0,0,0,0,0,0,0,0,2
SL050,34070505082,8,1,1,0,4,0,0,0,0,0,4,2,2,2,7,0,0,0,0,0,12,3,3,2,11,0,0,0,0,0,31
SL050,34070505083,0,0,3,0,0,0,0,0,0,0,0,0,3,0,0,0,0,0,0,0,0,0,6,0,0,0,0,0,0,0,6
SL050,34070505087,0,0,0,0,1,0,0,0,0,0,0,0,0,0,3,0,0,0,0,0,0,0,0,0,4,0,0,0,0,0,4
SL050,34070505089,4,1,0,0,1,0,0,0,0,0,3,0,0,0,2,0,0,0,0,0,7,1,0,0,3,0,0,0,0,0,11
SL050,34070505092,4,0,0,0,0,0,0,0,0,0,0,0,0,0,1,0,0,0,0,0,4,0,0,0,1,0,0,0,0,0,5
SL050,34070505093,7,0,14,0,3,0,0,0,0,0,3,0,19,1,2,0,1,0,0,0,10,0,33,1,5,0,1,0,0,0,50
SL050,34070505095,2,0,0,0,3,0,0,0,0,0,2,1,0,0,4,0,0,0,0,0,4,1,0,0,7,0,0,0,0,0,12
SL050,34070505096,0,0,0,0,0,0,0,0,0,1,1,0,0,0,1,0,0,0,0,0,1,0,0,0,1,0,0,0,0,1,3
SL050,34070505097,1,0,0,0,0,0,0,0,0,0,2,0,0,0,3,0,0,0,0,0,3,0,0,0,3,0,0,0,0,0,6
SL050,34070505099,2,0,0,0,0,0,0,0,0,0,4,1,0,0,0,0,0,0,0,0,6,1,0,0,0,0,0,0,0,0,7
SL050,34070505100,5,1,0,0,2,0,0,0,0,0,4,1,0,0,3,0,0,0,0,0,9,2,0,0,5,0,0,0,0,0,16
SL050,34070505101,3,1,0,0,0,0,0,0,0,0,3,0,0,0,5,0,0,0,0,0,6,1,0,0,5,0,0,0,0,0,12
SL050,34070505102,8,0,44,0,12,0,0,2,1,0,13,1,35,0,25,0,0,3,2,0,21,1,79,0,37,0,0,5,3,0,146
SL050,34070505103,1,0,0,0,0,0,0,0,0,0,0,0,0,0,0,0,0,0,0,0,1,0,0,0,0,0,0,0,0,0,1
SL050,34070505105,0,0,0,3,3,0,0,0,0,0,1,0,0,1,1,1,0,0,0,0,1,0,0,4,4,1,0,0,0,0,10
SL050,34070505109,0,0,0,0,0,0,0,0,0,0,0,0,1,0,1,0,0,0,0,0,0,0,1,0,1,0,0,0,0,0,2
SL050,34070505110,39,1,2,0,1,1,0,0,0,0,24,3,0,0,2,0,0,0,0,0,63,4,2,0,3,1,0,0,0,0,73
SL050,34070505112,0,0,0,0,0,2,0,0,0,0,1,0,0,0,0,1,0,0,0,0,1,0,0,0,0,3,0,0,0,0,4
SL050,34070505113,0,0,0,0,0,0,0,0,0,0,0,0,1,0,1,0,0,0,0,0,0,0,1,0,1,0,0,0,0,0,2
SL050,34070505114,8,0,0,0,4,0,0,0,0,0,6,0,1,0,15,0,0,0,0,0,14,0,1,0,19,0,0,0,0,0,34
SL050,34070505115,19,1,2,1,7,1,0,0,0,0,13,1,0,0,10,0,0,0,0,0,32,2,2,1,17,1,0,0,0,0,55
SL050,34070505116,0,0,0,0,0,0,0,0,0,0,1,0,0,0,0,0,0,0,0,0,1,0,0,0,0,0,0,0,0,0,1
SL050,34070505118,1,0,0,0,0,0,0,0,0,0,0,0,0,0,0,0,0,0,0,0,1,0,0,0,0,0,0,0,0,0,1
SL050,34070505120,0,0,0,0,1,0,0,0,0,0,0,0,0,0,0,0,0,0,0,0,0,0,0,0,1,0,0,0,0,0,1
SL050,34070505121,0,1,0,0,2,0,0,0,1,0,3,0,0,0,5,0,0,0,2,0,3,1,0,0,7,0,0,0,3,0,14
SL050,34070505122,1,0,0,0,1,0,0,0,0,0,2,0,0,0,2,0,0,0,0,0,3,0,0,0,3,0,0,0,0,0,6
SL050,34070505123,1,0,0,0,0,0,0,0,0,0,1,0,0,0,1,0,0,0,0,0,2,0,0,0,1,0,0,0,0,0,3
SL050,34070505124,0,0,0,0,0,0,0,0,0,0,2,0,0,0,1,0,0,0,0,0,2,0,0,0,1,0,0,0,0,0,3
SL050,34070505126,0,0,0,0,1,0,0,0,0,0,0,0,0,0,1,0,0,0,0,0,0,0,0,0,2,0,0,0,0,0,2
SL050,34070505127,7,0,11,0,2,0,0,0,0,0,6,0,7,0,3,0,0,0,0,0,13,0,18,0,5,0,0,0,0,0,36
SL050,34070505128,1,0,3,0,3,0,0,0,0,0,0,1,3,0,6,0,0,1,0,0,1,1,6,0,9,0,0,1,0,0,18
SL050,34070505129,2,0,0,0,0,0,0,0,0,0,3,0,1,0,1,0,0,0,0,0,5,0,1,0,1,0,0,0,0,0,7
SL050,34070505132,17,1,1,1,5,0,0,0,0,0,12,1,3,0,10,0,0,0,0,0,29,2,4,1,15,0,0,0,0,0,51
SL050,34070505135,7,0,2,0,0,0,0,0,0,0,5,0,1,0,3,0,0,0,0,0,12,0,3,0,3,0,0,0,0,0,18
SL050,34070505136,0,1,0,0,0,0,0,0,0,0,0,0,0,0,0,0,0,0,0,0,0,1,0,0,0,0,0,0,0,0,1
SL050,34070505138,4,0,0,0,4,0,0,0,0,0,3,0,0,0,6,0,0,0,0,0,7,0,0,0,10,0,0,0,0,0,17
SL050,34070505139,2,0,0,0,0,0,0,0,0,0,1,0,0,0,0,0,0,0,0,0,3,0,0,0,0,0,0,0,0,0,3
SL050,34070505140,0,0,0,1,5,0,0,0,0,0,0,0,0,0,2,0,0,0,0,0,0,0,0,1,7,0,0,0,0,0,8
SL050,34070505141,0,0,0,0,0,0,0,0,0,0,3,0,0,0,0,0,0,0,0,0,3,0,0,0,0,0,0,0,0,0,3
SL050,34070505143,0,0,0,0,0,0,0,0,0,0,2,1,0,0,0,0,0,0,0,0,2,1,0,0,0,0,0,0,0,0,3
SL050,34070505144,0,0,0,0,2,0,0,0,0,0,1,0,0,0,1,0,0,0,0,0,1,0,0,0,3,0,0,0,0,0,4
SL050,34070505145,0,0,0,0,0,0,0,0,0,0,1,0,0,0,0,0,0,0,0,0,1,0,0,0,0,0,0,0,0,0,1
SL050,34070505147,1,0,0,0,0,0,0,0,0,0,0,0,0,0,1,0,0,0,0,0,1,0,0,0,1,0,0,0,0,0,2
SL050,34070505149,0,0,0,0,0,0,0,0,0,0,0,0,0,0,2,0,0,0,0,0,0,0,0,0,2,0,0,0,0,0,2
SL050,34070505151,3,0,0,0,2,0,0,0,0,0,2,0,0,0,2,0,0,0,0,0,5,0,0,0,4,0,0,0,0,0,9
SL050,34070505152,7,0,1,0,3,0,0,0,0,0,8,0,2,0,8,0,0,1,0,0,15,0,3,0,11,0,0,1,0,0,30
SL050,34070505154,1,0,0,0,0,0,0,0,0,0,0,0,0,0,0,0,0,0,0,0,1,0,0,0,0,0,0,0,0,0,1
SL050,34070505155,0,0,0,0,4,0,0,0,0,0,0,0,0,0,1,0,0,0,0,0,0,0,0,0,5,0,0,0,0,0,5
SL050,34070505156,7,0,2,2,7,0,0,0,0,0,8,0,0,1,10,1,0,1,0,0,15,0,2,3,17,1,0,1,0,0,39
SL050,34070505157,6,0,0,0,0,0,0,0,0,0,7,0,1,0,2,0,0,0,0,0,13,0,1,0,2,0,0,0,0,0,16
SL050,34070505158,7,0,3,0,0,0,0,0,0,0,4,2,0,0,0,1,0,0,0,0,11,2,3,0,0,1,0,0,0,0,17
SL050,34070505159,0,0,0,0,0,0,0,0,0,0,1,1,0,0,1,0,0,0,0,0,1,1,0,0,1,0,0,0,0,0,3
SL050,34070505160,0,1,0,0,0,0,0,0,0,0,0,1,1,0,2,0,0,0,0,0,0,2,1,0,2,0,0,0,0,0,5
SL050,34070505161,23,0,58,0,4,0,1,0,0,0,21,0,43,0,2,0,0,2,0,0,44,0,101,0,6,0,1,2,0,0,154
SL050,34070505163,18,1,5,0,24,0,0,1,0,0,19,0,11,1,41,1,0,2,0,0,37,1,16,1,65,1,0,3,0,0,124
SL050,34070505164,0,0,0,0,0,0,0,0,0,0,0,0,0,0,1,0,0,0,0,0,0,0,0,0,1,0,0,0,0,0,1
SL050,34070505165,5,0,1,0,1,0,0,0,0,0,12,0,0,0,3,0,0,0,0,0,17,0,1,0,4,0,0,0,0,0,22
SL050,34070505166,2,0,0,0,3,0,0,0,0,0,1,0,0,0,3,0,0,0,0,0,3,0,0,0,6,0,0,0,0,0,9
SL050,34070505167,2,0,1,0,13,0,0,0,0,0,1,0,0,0,17,0,0,0,0,0,3,0,1,0,30,0,0,0,0,0,34
SL050,34070505168,93,8,229,7,33,0,0,7,0,1,89,3,200,4,38,0,0,5,0,0,182,11,429,11,71,0,0,12,0,1,717
SL050,34070505169,1,0,0,0,0,0,0,0,0,0,3,0,0,0,0,0,0,0,0,0,4,0,0,0,0,0,0,0,0,0,4
SL050,34070505170,0,0,0,0,0,0,0,0,0,0,2,0,0,0,0,0,0,0,0,0,2,0,0,0,0,0,0,0,0,0,2
SL050,34070505172,16,0,8,6,0,0,0,0,0,0,18,0,7,0,0,0,0,0,0,0,34,0,15,6,0,0,0,0,0,0,55
SL050,34070505173,2,0,1,0,1,0,0,0,0,0,2,0,0,0,0,0,0,0,0,0,4,0,1,0,1,0,0,0,0,0,6
SL050,34070505174,0,0,0,0,1,0,0,0,0,0,0,0,0,0,3,0,0,0,0,0,0,0,0,0,4,0,0,0,0,0,4
SL050,34070505175,2,0,0,0,2,0,0,0,0,0,4,1,1,0,2,0,0,0,0,0,6,1,1,0,4,0,0,0,0,0,12
SL050,34070505176,0,1,9,1,1,0,0,0,0,0,2,0,4,0,0,0,0,0,0,0,2,1,13,1,1,0,0,0,0,0,18
SL050,34070505177,5,1,0,0,0,0,0,0,0,0,0,0,0,0,0,0,0,0,0,0,5,1,0,0,0,0,0,0,0,0,6
SL050,34070505178,10,0,0,0,0,0,0,0,0,0,8,0,0,0,1,0,0,0,0,0,18,0,0,0,1,0,0,0,0,0,19
SL050,34070505179,0,0,0,0,2,0,0,0,0,0,0,0,0,0,3,0,0,0,0,0,0,0,0,0,5,0,0,0,0,0,5
SL050,34070505180,3,0,0,0,0,0,0,0,0,0,1,0,0,0,1,0,0,0,0,0,4,0,0,0,1,0,0,0,0,0,5
SL050,34070505181,0,0,1,0,0,0,0,0,0,0,0,0,0,0,2,0,0,0,0,0,0,0,1,0,2,0,0,0,0,0,3
SL050,34070505182,17,0,2,0,3,0,0,0,0,0,15,0,0,0,6,0,0,0,0,0,32,0,2,0,9,0,0,0,0,0,43
SL050,34070505183,3,1,1,0,0,0,0,0,0,0,3,0,0,0,0,0,0,0,0,0,6,1,1,0,0,0,0,0,0,0,8
SL050,34070505184,3,2,2,1,7,0,0,0,1,0,6,0,3,0,6,1,0,0,0,0,9,2,5,1,13,1,0,0,1,0,32
SL050,34070505185,1,0,0,0,0,0,0,0,0,0,1,0,0,0,2,0,0,0,0,0,2,0,0,0,2,0,0,0,0,0,4
SL050,34070505186,22,1,0,1,1,0,0,1,0,0,19,1,2,1,25,0,0,3,0,0,41,2,2,2,26,0,0,4,0,0,77
SL050,34070505187,24,2,4,0,21,2,0,1,0,0,21,2,1,0,29,5,1,0,1,0,45,4,5,0,50,7,1,1,1,0,114
SL050,34070505189,24,2,0,0,3,0,0,0,0,0,19,1,0,0,4,0,0,0,0,0,43,3,0,0,7,0,0,0,0,0,53
SL050,34070505191,0,0,1,0,1,0,0,0,0,0,0,0,1,0,2,0,0,0,0,0,0,0,2,0,3,0,0,0,0,0,5
SL050,34070505192,0,0,0,0,0,0,0,0,0,0,0,0,0,0,3,0,0,0,0,0,0,0,0,0,3,0,0,0,0,0,3
SL050,34070505194,0,0,0,0,0,0,0,0,0,0,0,0,0,0,1,0,0,0,0,0,0,0,0,0,1,0,0,0,0,0,1
SL050,34070505195,1,0,0,0,1,0,0,0,0,0,1,0,0,0,0,0,0,0,0,0,2,0,0,0,1,0,0,0,0,0,3
SL050,34070505196,1,0,0,0,0,0,0,0,0,0,2,0,0,0,0,0,0,0,0,0,3,0,0,0,0,0,0,0,0,0,3
SL050,34070505197,1,0,0,0,2,0,0,0,0,0,1,0,0,0,3,0,0,0,0,0,2,0,0,0,5,0,0,0,0,0,7
SL050,34070505199,0,0,0,0,0,0,0,2,0,0,0,0,0,0,1,0,0,1,0,0,0,0,0,0,1,0,0,3,0,0,4
SL050,34070505200,0,0,0,0,0,0,0,0,0,0,1,0,0,0,0,0,0,0,0,0,1,0,0,0,0,0,0,0,0,0,1
SL050,34070505201,0,0,0,0,1,0,0,0,0,0,1,1,0,0,3,0,0,0,0,0,1,1,0,0,4,0,0,0,0,0,6
SL050,34070505204,41,1,1,0,5,0,0,0,0,0,31,0,1,0,4,0,0,0,0,0,72,1,2,0,9,0,0,0,0,0,84
SL050,34070505205,1,0,0,0,1,0,0,0,0,0,0,0,0,0,1,0,0,0,0,0,1,0,0,0,2,0,0,0,0,0,3
SL050,34070505207,5,2,0,0,7,1,0,0,0,0,3,0,1,0,12,0,0,0,0,0,8,2,1,0,19,1,0,0,0,0,31
SL050,34070505210,0,0,1,0,1,0,0,0,0,0,0,0,0,0,1,0,0,0,0,0,0,0,1,0,2,0,0,0,0,0,3
SL050,34070505211,4,0,0,0,1,0,0,0,0,1,6,0,0,0,3,0,0,0,0,0,10,0,0,0,4,0,0,0,0,1,15
SL050,34070505212,8,0,0,0,0,0,0,0,0,0,2,1,0,0,0,0,0,0,0,0,10,1,0,0,0,0,0,0,0,0,11
SL050,34070505213,0,0,0,0,2,0,0,0,0,0,0,0,0,0,3,0,0,0,0,0,0,0,0,0,5,0,0,0,0,0,5
SL050,34070505214,0,0,0,0,2,0,0,0,0,0,1,0,0,0,2,0,0,0,0,0,1,0,0,0,4,0,0,0,0,0,5
SL050,34070505215,0,0,0,0,0,0,0,0,0,0,1,0,0,0,1,0,0,0,0,0,1,0,0,0,1,0,0,0,0,0,2
SL050,34070505218,2,0,1,0,1,0,0,0,0,0,2,0,0,0,1,0,0,0,0,0,4,0,1,0,2,0,0,0,0,0,7
SL050,34070505219,1,0,0,0,1,0,0,0,0,0,1,0,0,0,0,0,0,0,0,0,2,0,0,0,1,0,0,0,0,0,3
SL050,34070505220,3,0,0,0,6,0,0,0,0,0,3,1,0,0,14,0,0,0,0,0,6,1,0,0,20,0,0,0,0,0,27
SL050,34070505221,6,0,1,0,1,0,0,0,0,0,4,0,0,0,5,0,0,0,0,0,10,0,1,0,6,0,0,0,0,0,17
SL050,34070505222,0,0,0,0,3,0,0,0,0,0,0,0,0,0,2,0,0,0,0,0,0,0,0,0,5,0,0,0,0,0,5
SL050,34070505225,6,0,1,0,0,0,0,0,0,0,4,0,2,0,3,0,0,0,0,0,10,0,3,0,3,0,0,0,0,0,16
SL050,34070505227,9,2,15,0,7,0,0,0,0,0,14,0,12,0,4,0,0,0,0,0,23,2,27,0,11,0,0,0,0,0,63
SL050,34070505229,0,0,0,0,2,0,0,0,0,0,0,0,0,0,2,0,0,0,0,0,0,0,0,0,4,0,0,0,0,0,4
SL050,34070505230,2,0,0,0,0,0,0,0,0,0,0,0,0,0,0,0,0,0,0,0,2,0,0,0,0,0,0,0,0,0,2
SL050,34070505231,0,0,0,0,1,0,0,0,0,0,0,0,0,0,0,0,0,0,0,0,0,0,0,0,1,0,0,0,0,0,1
SL050,34070505232,0,0,0,0,0,0,0,0,0,0,0,0,0,0,1,0,0,0,0,0,0,0,0,0,1,0,0,0,0,0,1
SL050,34070505233,1,0,2,0,0,0,0,0,0,0,1,0,1,0,0,0,0,0,0,0,2,0,3,0,0,0,0,0,0,0,5
SL050,34070505234,1,0,0,0,0,0,0,0,0,0,0,0,0,0,0,0,0,0,0,0,1,0,0,0,0,0,0,0,0,0,1
SL050,34070505235,0,0,1,0,0,0,0,0,0,0,0,0,0,0,0,0,0,0,0,0,0,0,1,0,0,0,0,0,0,0,1
SL050,34070505236,0,0,0,0,0,1,0,0,0,0,0,0,0,0,1,0,0,0,0,0,0,0,0,0,1,1,0,0,0,0,2
SL050,34070505238,9,0,0,0,0,0,0,0,0,0,5,2,0,0,2,0,0,0,0,0,14,2,0,0,2,0,0,0,0,0,18
SL050,34070505239,3,0,1,0,1,0,0,0,0,0,3,0,0,0,5,0,0,0,0,0,6,0,1,0,6,0,0,0,0,0,13
SL050,34070505240,68,13,70,3,123,1,1,9,0,0,89,13,69,1,167,1,0,13,1,0,157,26,139,4,290,2,1,22,1,0,642
SL050,34070505241,51,6,134,0,50,1,0,10,0,0,53,8,108,0,89,6,0,11,2,0,104,14,242,0,139,7,0,21,2,0,529
SL050,34070505242,3,0,0,0,0,0,0,0,0,0,4,0,0,0,4,0,0,0,0,0,7,0,0,0,4,0,0,0,0,0,11
SL050,34070505243,1,0,0,0,0,0,0,0,0,0,0,0,0,0,0,0,0,0,0,0,1,0,0,0,0,0,0,0,0,0,1
SL050,34070505245,6,0,3,0,7,0,0,0,1,0,6,0,2,0,9,0,0,0,2,0,12,0,5,0,16,0,0,0,3,0,36
SL050,34070505246,0,0,0,0,0,0,0,0,0,0,0,0,0,0,1,0,0,0,0,0,0,0,0,0,1,0,0,0,0,0,1
SL050,34070505247,0,0,0,0,1,0,0,0,0,0,0,0,0,0,0,0,0,0,0,0,0,0,0,0,1,0,0,0,0,0,1
SL050,34070505249,0,0,0,0,0,0,0,0,0,0,1,0,1,0,0,0,0,0,0,0,1,0,1,0,0,0,0,0,0,0,2
SL050,34070505251,0,1,0,0,2,0,0,0,0,0,1,0,0,0,2,0,0,0,0,0,1,1,0,0,4,0,0,0,0,0,6
SL050,34070505252,0,0,0,0,0,0,0,0,0,0,0,0,0,0,1,0,0,0,0,0,0,0,0,0,1,0,0,0,0,0,1
SL050,34070505253,1,0,0,0,0,0,0,0,0,0,1,0,0,0,0,0,0,0,0,0,2,0,0,0,0,0,0,0,0,0,2
SL050,34070505254,1,0,1,0,2,0,0,0,0,0,0,0,1,0,4,0,0,0,0,0,1,0,2,0,6,0,0,0,0,0,9
SL050,34070505256,2,0,0,0,1,0,0,0,0,0,0,0,0,0,0,0,0,0,0,0,2,0,0,0,1,0,0,0,0,0,3
SL050,34070505257,1,0,0,0,0,0,1,0,0,0,2,0,0,0,1,0,0,0,0,0,3,0,0,0,1,0,1,0,0,0,5
SL050,34070505258,2,0,3,0,1,0,0,0,0,0,1,0,3,0,0,0,0,0,0,0,3,0,6,0,1,0,0,0,0,0,10
SL050,34070505262,1,0,0,0,1,0,0,0,0,0,0,1,0,0,6,1,0,0,1,0,1,1,0,0,7,1,0,0,1,0,11
SL050,34070505263,1,0,0,0,2,0,0,0,0,0,0,0,1,0,1,0,0,0,0,0,1,0,1,0,3,0,0,0,0,0,5
SL050,34070505265,2,0,0,0,0,0,0,0,0,0,1,0,0,0,0,0,0,0,0,0,3,0,0,0,0,0,0,0,0,0,3
SL050,34070505266,0,0,0,0,0,0,0,0,0,0,0,0,0,0,4,0,0,0,0,0,0,0,0,0,4,0,0,0,0,0,4
SL050,34070505267,0,0,0,0,1,0,0,0,0,0,0,0,0,0,0,0,0,0,0,0,0,0,0,0,1,0,0,0,0,0,1
SL050,34070505901,1,0,0,0,1,0,0,0,0,0,0,0,0,0,3,0,0,0,0,0,1,0,0,0,4,0,0,0,0,0,5
SL050,34070505902,2,0,0,0,2,0,0,0,0,0,4,0,0,0,2,0,0,0,0,0,6,0,0,0,4,0,0,0,0,0,10
SL050,34070505903,1,0,0,0,0,0,0,0,0,0,0,0,0,0,0,0,0,0,0,0,1,0,0,0,0,0,0,0,0,0,1
SL050,34070505904,0,0,0,0,0,0,0,0,0,0,0,0,0,0,1,0,0,0,0,0,0,0,0,0,1,0,0,0,0,0,1
SL050,34070505905,2,0,0,0,0,0,0,0,0,0,0,0,0,0,3,0,0,0,0,0,2,0,0,0,3,0,0,0,0,0,5
SL050,34110606001,7,0,1,0,2,0,0,0,0,0,7,0,2,0,8,0,0,0,0,0,14,0,3,0,10,0,0,0,0,0,27
SL050,34110606002,128,3,1,1,3,0,0,3,0,0,132,10,0,0,5,0,0,2,0,0,260,13,1,1,8,0,0,5,0,0,288
SL050,34110606003,0,0,2,0,0,0,0,0,0,0,3,0,1,0,3,0,0,0,0,0,3,0,3,0,3,0,0,0,0,0,9
SL050,34110606004,9,0,0,0,5,0,0,0,0,0,6,0,1,0,9,1,0,1,0,0,15,0,1,0,14,1,0,1,0,0,32
SL050,34110606005,21,1,1,1,2,0,0,0,0,0,23,0,5,0,8,0,0,0,0,0,44,1,6,1,10,0,0,0,0,0,62
SL050,34110606006,38,0,7,2,11,1,0,4,0,0,31,0,4,1,20,2,0,2,0,0,69,0,11,3,31,3,0,6,0,0,123
SL050,34110606007,9,2,1,1,1,0,0,0,0,0,8,2,2,1,0,0,0,0,0,0,17,4,3,2,1,0,0,0,0,0,27
SL050,34110606008,1,0,2,0,5,0,0,0,0,0,1,0,1,0,6,0,0,0,0,0,2,0,3,0,11,0,0,0,0,0,16
SL050,34110606009,2,0,0,0,0,0,0,0,0,0,2,2,0,0,3,0,0,0,0,0,4,2,0,0,3,0,0,0,0,0,9
SL050,34110606010,4,0,1,0,1,0,0,0,0,0,0,0,0,0,1,0,0,1,0,0,4,0,1,0,2,0,0,1,0,0,8
SL050,34110606011,1009,26,286,19,151,5,11,37,6,0,988,25,234,7,246,12,8,42,6,1,1997,51,520,26,397,17,19,79,12,1,3119
SL050,34110606012,80,1,2,2,7,0,0,3,1,0,62,3,2,0,15,0,0,2,0,0,142,4,4,2,22,0,0,5,1,0,180
SL050,34110606013,1,0,0,0,0,0,0,0,0,0,0,0,0,0,1,0,0,0,0,0,1,0,0,0,1,0,0,0,0,0,2
SL050,34110606014,13,1,7,0,28,1,2,4,0,0,15,4,10,1,68,3,0,3,0,0,28,5,17,1,96,4,2,7,0,0,160
SL050,34110606015,1512,88,348,118,1163,32,70,188,35,5,1333,119,315,68,1952,29,15,240,26,4,2845,207,663,186,3115,61,85,428,61,9,7660
SL050,34110606016,4,1,1,0,2,0,0,2,0,1,7,1,4,0,7,0,0,2,0,0,11,2,5,0,9,0,0,4,0,1,32
SL050,34110606018,4,1,0,0,4,0,0,0,0,0,7,0,0,1,7,0,0,0,0,0,11,1,0,1,11,0,0,0,0,0,24
SL050,34110606019,7,0,7,0,9,0,0,0,0,0,10,0,3,0,21,0,0,0,0,0,17,0,10,0,30,0,0,0,0,0,57
SL050,34110606020,4,1,1,0,3,0,0,0,0,0,5,1,0,0,10,0,0,0,0,0,9,2,1,0,13,0,0,0,0,0,25
SL050,34110606021,0,0,0,0,0,0,0,0,0,0,0,0,1,0,2,0,0,0,0,0,0,0,1,0,2,0,0,0,0,0,3
SL050,34110606022,18,0,2,1,8,0,0,0,0,0,21,0,1,0,13,0,0,0,0,0,39,0,3,1,21,0,0,0,0,0,64
SL050,34110606023,8,0,8,0,8,0,1,4,0,0,14,1,7,1,24,1,0,4,0,0,22,1,15,1,32,1,1,8,0,0,81
SL050,34110606024,1,0,0,0,0,0,0,0,0,0,2,0,0,0,3,0,0,0,0,0,3,0,0,0,3,0,0,0,0,0,6
SL050,34110606025,58,3,7,3,7,0,1,1,0,0,42,4,6,2,17,0,0,4,0,0,100,7,13,5,24,0,1,5,0,0,155
SL050,34110606026,2,0,0,0,1,0,0,0,0,0,4,0,0,0,6,0,0,0,0,0,6,0,0,0,7,0,0,0,0,0,13
SL050,34110606027,4,1,0,3,2,0,0,0,0,0,6,2,1,1,4,0,0,0,0,0,10,3,1,4,6,0,0,0,0,0,24
SL050,34110606028,17,0,9,0,6,0,0,1,0,0,16,0,7,4,30,0,0,3,0,0,33,0,16,4,36,0,0,4,0,0,93
SL050,34110606029,7,0,0,0,1,0,0,0,0,0,15,0,0,0,6,0,0,0,0,0,22,0,0,0,7,0,0,0,0,0,29
SL050,34110606030,2,0,0,0,0,0,0,0,0,0,2,0,0,0,0,0,0,0,0,0,4,0,0,0,0,0,0,0,0,0,4
SL050,34110606031,4,2,0,0,0,0,0,0,0,0,5,0,1,0,1,0,0,0,0,0,9,2,1,0,1,0,0,0,0,0,13
SL050,34110606033,5,1,0,0,1,0,0,0,0,0,6,1,0,0,7,1,0,0,0,0,11,2,0,0,8,1,0,0,0,0,22
SL050,34110606034,1,0,1,0,0,0,0,0,0,0,0,0,0,0,0,0,0,0,0,0,1,0,1,0,0,0,0,0,0,0,2
SL050,34110606035,5,0,0,0,1,0,0,0,0,0,7,1,1,0,2,0,0,0,0,0,12,1,1,0,3,0,0,0,0,0,17
SL050,34110606036,51,2,8,2,21,1,1,5,0,0,51,6,13,0,36,2,0,11,0,0,102,8,21,2,57,3,1,16,0,0,210
SL050,34110606037,120,3,0,0,3,0,0,0,0,0,94,0,0,0,15,0,0,0,0,0,214,3,0,0,18,0,0,0,0,0,235
SL050,34110606038,2,0,0,0,0,0,0,0,0,0,3,0,0,0,0,0,0,0,0,0,5,0,0,0,0,0,0,0,0,0,5
SL050,34110606039,2,0,1,0,1,0,0,0,0,0,4,0,0,2,4,0,0,0,0,0,6,0,1,2,5,0,0,0,0,0,14
SL050,34110606040,46,0,1,0,0,0,0,0,0,0,41,0,0,0,5,0,0,0,0,0,87,0,1,0,5,0,0,0,0,0,93
SL050,34110606041,1,0,0,0,0,0,0,0,0,0,1,2,0,0,1,0,0,0,0,0,2,2,0,0,1,0,0,0,0,0,5
SL050,34110606042,1,1,0,0,2,0,0,0,0,0,2,1,0,0,1,0,0,0,0,0,3,2,0,0,3,0,0,0,0,0,8
SL050,34110606043,1,0,5,0,4,0,0,0,0,0,3,0,3,0,2,0,0,0,0,0,4,0,8,0,6,0,0,0,0,0,18
SL050,34110606044,230,35,115,24,237,6,8,49,3,1,271,56,107,7,516,14,7,53,2,0,501,91,222,31,753,20,15,102,5,1,1741
SL050,34110606045,14,0,0,0,0,0,0,0,0,0,9,0,0,0,1,0,0,0,0,0,23,0,0,0,1,0,0,0,0,0,24
SL050,34110606046,1,0,0,0,4,0,0,0,0,0,3,1,0,0,6,0,0,0,0,0,4,1,0,0,10,0,0,0,0,0,15
SL050,34110606047,2,0,0,0,0,0,0,0,0,0,7,1,0,0,2,0,0,0,0,0,9,1,0,0,2,0,0,0,0,0,12
SL050,34110606048,1,0,0,0,1,0,0,0,0,0,2,0,0,0,4,0,0,0,0,0,3,0,0,0,5,0,0,0,0,0,8
SL050,34110606049,7,0,0,0,0,0,0,0,1,0,11,0,0,0,3,0,0,1,0,0,18,0,0,0,3,0,0,1,1,0,23
SL050,34110606050,26,9,4,13,8,2,0,3,1,0,16,9,3,16,25,2,0,3,0,1,42,18,7,29,33,4,0,6,1,1,141
SL050,34110606051,16,1,9,0,13,0,0,0,0,0,11,1,7,0,24,0,0,0,0,0,27,2,16,0,37,0,0,0,0,0,82
SL050,34110606052,10,2,7,0,11,0,0,2,1,0,11,2,10,0,38,0,0,1,1,0,21,4,17,0,49,0,0,3,2,0,96
SL050,34110606053,2,0,0,0,2,0,0,0,0,0,7,0,0,0,9,1,0,0,0,0,9,0,0,0,11,1,0,0,0,0,21
SL050,34110606054,60,0,3,1,14,0,3,3,0,0,54,2,2,1,46,0,0,5,1,0,114,2,5,2,60,0,3,8,1,0,195
SL050,34110606055,2,0,0,0,2,0,0,1,0,0,4,0,0,0,1,0,0,1,0,0,6,0,0,0,3,0,0,2,0,0,11
SL050,34110606056,1,0,0,0,0,0,0,0,0,0,2,1,2,0,3,0,0,0,2,0,3,1,2,0,3,0,0,0,2,0,11
SL050,34110606057,1,0,0,0,0,0,0,0,0,0,1,2,0,0,1,0,0,0,0,0,2,2,0,0,1,0,0,0,0,0,5
SL050,34110606058,0,0,1,0,4,0,0,0,0,0,3,0,3,0,4,0,0,1,0,0,3,0,4,0,8,0,0,1,0,0,16
SL050,34110606059,9,0,0,1,6,0,0,0,0,0,5,1,1,1,22,0,0,0,0,0,14,1,1,2,28,0,0,0,0,0,46
SL050,34110606060,22,1,37,0,8,0,4,4,0,0,18,3,36,0,27,1,0,9,0,0,40,4,73,0,35,1,4,13,0,0,170
SL050,34110606061,3,0,0,0,1,0,0,0,0,0,1,0,0,0,5,1,0,0,0,0,4,0,0,0,6,1,0,0,0,0,11
SL050,34110606062,4,0,2,0,1,0,0,0,0,0,1,0,1,0,1,1,0,0,0,0,5,0,3,0,2,1,0,0,0,0,11
SL050,34110606063,11,0,9,3,1,0,0,5,0,0,13,0,6,3,10,0,0,3,1,0,24,0,15,6,11,0,0,8,1,0,65
SL050,34110606064,6,0,0,0,0,0,0,0,0,0,2,0,1,0,5,0,0,0,0,0,8,0,1,0,5,0,0,0,0,0,14
SL050,34110606065,1,0,0,0,0,0,0,0,0,0,3,0,0,0,2,0,0,0,0,0,4,0,0,0,2,0,0,0,0,0,6
SL050,34110606066,11,3,0,0,0,0,0,0,0,0,9,3,0,0,7,0,0,0,0,0,20,6,0,0,7,0,0,0,0,0,33
SL050,34110606067,13,0,1,0,1,1,0,2,0,0,9,1,2,0,9,0,0,1,0,0,22,1,3,0,10,1,0,3,0,0,40
SL050,34110606068,3,0,0,0,1,0,0,0,0,0,1,0,0,0,3,0,0,0,0,0,4,0,0,0,4,0,0,0,0,0,8
SL050,34110606069,6,0,3,1,8,0,0,0,0,0,10,1,6,1,18,0,0,0,0,0,16,1,9,2,26,0,0,0,0,0,54
SL050,34110606070,33,2,24,9,23,1,3,4,0,0,30,6,11,3,72,3,0,3,1,0,63,8,35,12,95,4,3,7,1,0,228
SL050,34110606071,1,0,0,0,1,0,0,0,0,0,1,0,0,0,2,0,0,0,0,0,2,0,0,0,3,0,0,0,0,0,5
SL050,34110606072,4,0,1,1,6,0,0,0,0,0,5,0,0,1,5,0,0,0,0,0,9,0,1,2,11,0,0,0,0,0,23
SL050,34110606073,0,0,0,0,0,0,0,0,0,0,1,0,0,0,3,0,0,0,0,0,1,0,0,0,3,0,0,0,0,0,4
SL050,34110606074,21,2,13,2,37,1,4,1,0,0,22,2,10,0,68,2,1,2,0,0,43,4,23,2,105,3,5,3,0,0,188
SL050,34110606075,5,0,0,0,1,0,0,1,0,0,2,0,0,0,2,0,0,1,0,0,7,0,0,0,3,0,0,2,0,0,12
SL050,34110606076,3,1,1,0,1,0,0,0,0,0,3,0,0,0,1,0,0,2,0,0,6,1,1,0,2,0,0,2,0,0,12
SL050,34110606077,1,0,0,1,4,0,0,0,0,0,1,1,0,0,8,0,0,0,0,0,2,1,0,1,12,0,0,0,0,0,16
SL050,34110606078,0,0,3,0,0,0,0,0,0,0,1,0,1,0,2,0,0,0,1,0,1,0,4,0,2,0,0,0,1,0,8
SL050,34110606079,2,0,0,0,1,0,0,0,0,0,4,0,0,0,2,0,0,0,0,0,6,0,0,0,3,0,0,0,0,0,9
SL050,34110606080,6,2,4,0,3,1,0,0,0,0,17,1,3,0,8,0,0,0,0,0,23,3,7,0,11,1,0,0,0,0,45
SL050,34110606081,3,0,1,0,0,0,0,0,0,0,3,0,0,0,4,0,0,0,0,0,6,0,1,0,4,0,0,0,0,0,11
SL050,34110606082,2,0,1,0,1,0,0,0,0,0,1,0,3,0,2,0,0,0,0,0,3,0,4,0,3,0,0,0,0,0,10
SL050,34110606083,364,65,99,63,389,11,24,73,34,1,373,83,99,27,587,18,10,110,35,0,737,148,198,90,976,29,34,183,69,1,2465
SL050,34110606084,12,0,0,0,3,0,0,0,0,0,11,0,0,0,2,0,0,0,0,0,23,0,0,0,5,0,0,0,0,0,28
SL050,34110606085,27,0,20,2,15,0,0,1,0,0,34,1,15,1,25,0,0,1,0,0,61,1,35,3,40,0,0,2,0,0,142
SL050,34110606086,8,1,1,0,1,0,0,0,0,0,3,2,2,0,2,0,0,0,0,0,11,3,3,0,3,0,0,0,0,0,20
SL050,34110606087,19,0,1,0,2,0,0,2,0,0,24,1,3,0,14,0,0,6,0,0,43,1,4,0,16,0,0,8,0,0,72
SL050,34110606088,91,9,47,13,40,2,7,16,1,0,70,6,44,3,92,0,2,22,0,0,161,15,91,16,132,2,9,38,1,0,465
SL050,34110606089,3,0,0,0,0,0,0,0,0,0,4,0,0,0,2,0,0,0,0,0,7,0,0,0,2,0,0,0,0,0,9
SL050,34110606090,6,0,0,0,0,0,0,0,0,0,2,0,0,0,5,0,0,0,0,0,8,0,0,0,5,0,0,0,0,0,13
SL050,34110606091,41,0,9,1,20,0,1,3,0,0,46,0,5,2,28,1,0,3,0,0,87,0,14,3,48,1,1,6,0,0,160
SL050,34110606092,7,0,0,0,0,0,0,0,0,0,2,0,0,0,1,0,0,0,0,0,9,0,0,0,1,0,0,0,0,0,10
SL050,34110606093,9,2,6,0,11,0,0,2,0,0,19,2,7,0,18,0,0,3,0,0,28,4,13,0,29,0,0,5,0,0,79
SL050,34110606094,1,0,0,0,1,0,0,0,0,0,1,0,0,0,2,0,0,0,0,0,2,0,0,0,3,0,0,0,0,0,5
SL050,34110606095,135,7,22,9,40,0,4,15,4,0,80,7,16,9,56,0,2,19,0,1,215,14,38,18,96,0,6,34,4,1,426
SL050,34110606096,3,0,0,0,0,0,1,0,0,0,6,0,0,0,3,0,0,0,0,0,9,0,0,0,3,0,1,0,0,0,13
SL050,34110606097,35,1,2,0,14,0,0,0,0,0,22,1,3,0,33,1,0,1,0,0,57,2,5,0,47,1,0,1,0,0,113
SL050,34110606098,5,0,0,0,0,0,0,0,0,0,5,1,0,0,0,0,0,0,0,0,10,1,0,0,0,0,0,0,0,0,11
SL050,34110606099,0,0,1,0,0,0,0,0,1,0,0,0,0,0,0,0,0,0,0,0,0,0,1,0,0,0,0,0,1,0,2
SL050,34110606100,1,0,0,0,1,0,0,0,0,0,2,0,0,0,6,0,0,0,0,0,3,0,0,0,7,0,0,0,0,0,10
SL050,34110606101,7,1,0,0,2,0,0,0,0,0,6,1,0,0,3,0,0,0,0,0,13,2,0,0,5,0,0,0,0,0,20
SL050,34110606102,6,0,0,0,5,0,0,0,0,0,4,2,0,0,7,0,0,0,0,0,10,2,0,0,12,0,0,0,0,0,24
SL050,34110606103,21,3,14,1,12,0,1,0,0,1,16,3,5,0,27,2,0,1,1,0,37,6,19,1,39,2,1,1,1,1,108
SL050,34110606104,1,0,0,0,10,0,0,0,0,0,1,0,0,0,10,0,0,0,0,0,2,0,0,0,20,0,0,0,0,0,22
SL050,34110606105,3,0,0,0,2,1,0,0,0,0,7,0,0,0,4,0,0,0,0,0,10,0,0,0,6,1,0,0,0,0,17
SL050,34110606106,3,0,0,0,0,0,0,0,0,0,3,1,0,0,0,0,0,0,0,0,6,1,0,0,0,0,0,0,0,0,7
SL050,34110606107,2,0,0,0,5,0,0,0,0,0,1,0,0,0,9,0,0,0,0,0,3,0,0,0,14,0,0,0,0,0,17
SL050,34110606108,29,1,0,0,4,0,0,0,0,0,26,0,4,0,8,0,0,1,0,0,55,1,4,0,12,0,0,1,0,0,73
SL050,34110606109,35,7,27,0,9,1,0,3,0,0,35,0,24,0,15,1,0,2,0,0,70,7,51,0,24,2,0,5,0,0,159
SL050,34110606110,0,0,0,0,0,0,0,0,0,0,0,0,0,0,2,0,0,0,0,0,0,0,0,0,2,0,0,0,0,0,2
SL050,34110606111,5,0,1,0,0,0,0,0,0,0,6,0,2,0,0,0,0,0,0,0,11,0,3,0,0,0,0,0,0,0,14
SL050,34110606112,3,0,1,0,0,0,0,0,0,0,3,0,0,1,3,0,0,0,0,0,6,0,1,1,3,0,0,0,0,0,11
SL050,34110606113,79,0,0,11,1,0,0,0,0,0,62,1,0,3,13,0,0,0,1,0,141,1,0,14,14,0,0,0,1,0,171
SL050,34110606114,1,0,0,0,0,0,0,0,0,0,0,0,0,0,0,0,0,0,0,0,1,0,0,0,0,0,0,0,0,0,1
SL050,34110606115,7,0,0,0,2,0,1,0,1,0,6,0,0,1,8,0,0,0,0,0,13,0,0,1,10,0,1,0,1,0,26
SL050,34110606116,14,5,1,1,1,0,2,0,0,0,10,1,2,0,7,0,0,0,0,0,24,6,3,1,8,0,2,0,0,0,44
SL050,34110606117,5,2,1,0,1,0,0,0,0,0,5,1,1,0,1,0,0,0,0,0,10,3,2,0,2,0,0,0,0,0,17
SL050,34110606119,6,0,0,0,0,0,0,0,0,0,6,0,0,1,5,0,0,0,0,0,12,0,0,1,5,0,0,0,0,0,18
SL050,34110606120,18,1,9,1,9,0,4,2,0,0,26,1,6,0,21,0,1,4,0,0,44,2,15,1,30,0,5,6,0,0,103
SL050,34110606121,81,4,14,0,5,2,0,2,0,0,74,7,14,0,6,0,0,2,0,0,155,11,28,0,11,2,0,4,0,0,211
SL050,34110606122,34,0,16,0,33,2,6,5,0,0,33,3,18,1,44,0,1,6,0,0,67,3,34,1,77,2,7,11,0,0,202
SL050,34110606123,39,1,1,1,7,0,0,1,0,0,37,3,2,1,24,1,0,0,0,0,76,4,3,2,31,1,0,1,0,0,118
SL050,34110606124,3,0,0,0,2,0,0,0,0,0,2,0,1,0,8,0,0,0,0,0,5,0,1,0,10,0,0,0,0,0,16
SL050,34110606125,4,0,2,0,0,0,0,0,0,0,3,0,2,4,6,0,0,0,0,0,7,0,4,4,6,0,0,0,0,0,21
SL050,34110606126,43,0,6,2,1,0,1,0,0,0,42,0,2,0,2,0,0,2,2,0,85,0,8,2,3,0,1,2,2,0,103
SL050,34110606127,55,1,1,0,5,0,0,1,0,0,46,0,2,0,21,0,0,2,0,0,101,1,3,0,26,0,0,3,0,0,134
SL050,34110606128,36,0,9,1,6,0,0,2,0,0,31,2,14,0,35,0,0,7,1,0,67,2,23,1,41,0,0,9,1,0,144
SL050,34110606129,3,0,0,0,0,0,0,0,0,0,3,0,0,0,2,0,0,0,0,0,6,0,0,0,2,0,0,0,0,0,8
SL050,34110606131,12,0,0,0,3,0,0,0,0,0,11,0,0,0,4,1,0,0,0,0,23,0,0,0,7,1,0,0,0,0,31
SL050,34110606132,6,0,0,0,0,0,0,0,0,0,4,0,0,0,2,0,0,0,0,0,10,0,0,0,2,0,0,0,0,0,12
SL050,34110606133,18,0,21,1,3,0,0,0,0,0,11,0,15,0,1,0,0,0,1,0,29,0,36,1,4,0,0,0,1,0,71
SL050,34110606134,2,0,1,0,1,0,0,0,0,0,3,0,1,0,6,0,0,0,0,0,5,0,2,0,7,0,0,0,0,0,14
SL050,34110606135,4,0,2,0,2,0,0,0,0,0,9,0,1,0,2,0,0,1,0,0,13,0,3,0,4,0,0,1,0,0,21
SL050,34110606136,7,2,1,0,3,0,0,0,0,0,9,2,3,0,4,0,0,0,0,0,16,4,4,0,7,0,0,0,0,0,31
SL050,34110606137,12,0,0,1,6,1,0,0,0,0,6,1,1,0,9,0,0,0,0,0,18,1,1,1,15,1,0,0,0,0,37
SL050,34110606138,5,4,0,0,3,0,0,0,0,0,3,5,1,0,8,1,0,0,0,0,8,9,1,0,11,1,0,0,0,0,30
SL050,34110606139,3,0,0,0,2,0,0,0,0,0,2,0,0,0,4,0,0,0,0,0,5,0,0,0,6,0,0,0,0,0,11
SL050,34110606140,19,0,0,0,2,0,0,0,0,0,19,0,0,0,5,1,0,0,0,0,38,0,0,0,7,1,0,0,0,0,46
SL050,34110606141,5,0,0,0,1,0,0,0,0,0,5,0,0,0,16,0,0,0,0,0,10,0,0,0,17,0,0,0,0,0,27
SL050,34110606142,0,0,0,0,0,0,0,0,0,0,1,0,0,0,0,0,0,0,0,0,1,0,0,0,0,0,0,0,0,0,1
SL050,34110606143,24,0,10,0,0,0,0,2,0,0,13,0,12,0,8,4,0,2,0,0,37,0,22,0,8,4,0,4,0,0,75
SL050,34110606144,1,0,0,0,0,0,0,0,0,0,1,0,0,0,3,0,0,0,0,0,2,0,0,0,3,0,0,0,0,0,5
SL050,34110606145,3,0,0,0,1,0,0,0,1,0,6,0,0,0,0,0,0,1,1,0,9,0,0,0,1,0,0,1,2,0,13
SL050,34110606146,12,0,0,0,1,0,0,0,0,0,13,1,0,0,7,0,0,0,0,0,25,1,0,0,8,0,0,0,0,0,34
SL050,34110606147,1,0,0,0,0,0,0,0,0,0,0,0,0,0,2,0,0,0,0,0,1,0,0,0,2,0,0,0,0,0,3
SL050,34110606148,2,0,1,1,1,0,0,0,0,0,2,0,2,0,1,0,0,0,0,0,4,0,3,1,2,0,0,0,0,0,10
SL050,34110606149,169,0,13,1,16,1,1,7,0,0,171,4,13,2,31,1,0,5,0,0,340,4,26,3,47,2,1,12,0,0,435
SL050,34110606150,0,0,0,0,0,0,0,0,0,0,3,0,0,0,1,0,0,0,0,0,3,0,0,0,1,0,0,0,0,0,4
SL050,34110606151,0,0,1,0,1,0,0,0,0,0,0,1,1,0,5,0,0,8,0,0,0,1,2,0,6,0,0,8,0,0,17
SL050,34110606152,6,0,0,0,0,0,0,0,0,0,4,0,0,0,3,0,0,0,0,0,10,0,0,0,3,0,0,0,0,0,13
SL050,34110606153,286,14,100,10,141,2,7,24,1,0,300,9,108,2,284,3,4,38,1,0,586,23,208,12,425,5,11,62,2,0,1334
SL050,34110606154,23,1,6,2,3,0,4,3,0,0,18,1,6,0,20,1,2,1,0,0,41,2,12,2,23,1,6,4,0,0,91
SL050,34110606155,13,2,2,0,7,0,0,0,0,0,12,2,1,1,8,0,0,1,0,0,25,4,3,1,15,0,0,1,0,0,49
SL050,34110606156,3,1,2,0,0,0,0,0,0,0,2,0,3,0,5,0,0,0,0,0,5,1,5,0,5,0,0,0,0,0,16
SL050,34110606157,3,0,0,0,2,0,0,0,0,0,5,0,0,0,4,0,0,0,0,0,8,0,0,0,6,0,0,0,0,0,14
SL050,34110606158,105,6,28,13,84,2,14,24,1,0,127,17,23,9,222,9,3,35,2,0,232,23,51,22,306,11,17,59,3,0,724
SL050,34110606159,6,0,0,0,1,0,1,1,0,0,2,0,0,1,3,0,0,1,0,0,8,0,0,1,4,0,1,2,0,0,16
SL050,34110606160,28,9,35,0,7,1,0,1,0,0,40,5,27,3,26,0,0,1,1,0,68,14,62,3,33,1,0,2,1,0,184
SL050,34110606161,1,0,0,0,0,0,0,0,0,0,0,0,1,0,2,0,0,0,0,0,1,0,1,0,2,0,0,0,0,0,4
SL050,34110606162,12,0,2,2,3,0,0,1,1,0,6,0,5,0,11,0,0,2,0,0,18,0,7,2,14,0,0,3,1,0,45
SL050,34110606901,64,1,13,1,4,0,2,2,0,0,65,4,10,0,3,0,1,3,0,0,129,5,23,1,7,0,3,5,0,0,173
SL050,34110606902,6,0,14,0,4,0,0,0,0,0,2,0,8,0,8,0,0,0,0,0,8,0,22,0,12,0,0,0,0,0,42
SL050,34110606903,28,0,8,1,6,0,0,0,0,0,18,0,4,0,11,1,0,2,0,0,46,0,12,1,17,1,0,2,0,0,79
SL050,34040707001,244,12,11,5,234,8,5,8,6,12,320,13,6,5,236,9,1,12,5,8,564,25,17,10,470,17,6,20,11,20,1160
SL050,34040707002,290,23,133,30,179,4,11,10,0,0,334,18,98,12,216,6,1,11,3,0,624,41,231,42,395,10,12,21,3,0,1379
SL050,34040707003,944,75,352,154,1264,20,112,63,13,4,1087,120,236,62,1487,30,46,55,19,5,2031,195,588,216,2751,50,158,118,32,9,6148
SL050,34040707004,232,12,15,10,122,5,3,3,2,2,258,17,10,6,141,1,1,4,4,0,490,29,25,16,263,6,4,7,6,2,848
SL050,34040707005,800,62,80,21,432,14,29,8,56,4,884,85,77,15,523,16,12,19,65,4,1684,147,157,36,955,30,41,27,121,8,3206
SL050,34040707006,261,35,97,8,308,8,8,5,1,2,282,37,55,4,310,8,2,8,4,1,543,72,152,12,618,16,10,13,5,3,1444
SL050,34040707007,18,1,1,1,12,0,0,0,0,0,14,2,0,0,18,0,0,0,0,0,32,3,1,1,30,0,0,0,0,0,67
SL050,34040707008,199,12,46,17,150,3,4,7,1,2,223,13,40,8,187,7,0,12,1,1,422,25,86,25,337,10,4,19,2,3,933
SL050,34040707009,48,1,23,0,25,0,0,1,0,0,52,3,15,0,30,0,0,0,1,0,100,4,38,0,55,0,0,1,1,0,199
SL050,34040707010,156,17,14,8,116,7,2,4,3,1,242,18,15,4,148,8,1,11,2,3,398,35,29,12,264,15,3,15,5,4,780
SL050,34040707011,4613,417,342,228,1461,84,557,188,87,38,5498,582,253,99,1798,87,158,201,144,35,10111,999,595,327,3259,171,715,389,231,73,16870
SL050,34040707012,84,8,46,1,39,4,2,2,0,0,87,9,36,2,58,4,1,2,2,0,171,17,82,3,97,8,3,4,2,0,387
SL050,34040707013,364,20,195,9,379,4,8,10,11,0,384,35,155,2,472,6,3,14,11,1,748,55,350,11,851,10,11,24,22,1,2083
SL050,34040707014,589,46,93,90,527,6,50,22,6,2,705,61,56,36,562,5,10,23,8,0,1294,107,149,126,1089,11,60,45,14,2,2897
SL050,34040707015,514,60,202,131,884,14,16,25,10,2,595,74,113,48,1186,15,11,46,18,0,1109,134,315,179,2070,29,27,71,28,2,3964
SL050,34040707016,88,8,14,3,59,3,0,1,1,1,102,7,9,1,75,2,0,5,1,0,190,15,23,4,134,5,0,6,2,1,380
SL050,34040707017,79,4,2,0,22,1,0,0,0,0,105,8,4,0,26,2,0,0,2,0,184,12,6,0,48,3,0,0,2,0,255
SL050,34040707018,56,2,6,0,20,9,0,0,2,2,68,4,2,2,23,12,0,0,0,2,124,6,8,2,43,21,0,0,2,4,210
SL050,34040707019,12,0,0,0,3,0,0,0,0,0,15,0,0,0,3,0,0,0,0,0,27,0,0,0,6,0,0,0,0,0,33
SL050,34040707020,167,14,4,8,69,13,1,3,7,6,209,14,5,4,99,13,2,6,7,4,376,28,9,12,168,26,3,9,14,10,655
SL050,34040707021,23,2,0,0,7,0,0,0,0,0,23,0,0,0,9,2,0,0,0,1,46,2,0,0,16,2,0,0,0,1,67
SL050,34040707022,443,55,859,20,290,4,9,11,19,0,528,68,621,14,369,11,4,16,29,0,971,123,1480,34,659,15,13,27,48,0,3370
SL050,34040707023,34,3,3,6,67,0,3,3,1,0,49,4,4,5,98,1,0,4,1,0,83,7,7,11,165,1,3,7,2,0,286
SL050,34040707024,1087,38,284,17,727,15,2,13,7,1,964,45,166,10,730,18,1,12,12,3,2051,83,450,27,1457,33,3,25,19,4,4152
SL050,34040707025,48,3,2,0,11,1,0,0,2,0,53,1,4,0,11,2,0,0,2,2,101,4,6,0,22,3,0,0,4,2,142
SL050,34040707026,2358,127,975,181,3202,40,34,136,230,10,2131,208,625,75,3706,58,25,150,256,6,4489,335,1600,256,6908,98,59,286,486,16,14533
SL050,34040707027,595,40,952,386,1256,10,12,45,8,5,678,66,693,141,1441,7,3,46,8,1,1273,106,1645,527,2697,17,15,91,16,6,6393
SL050,34040707028,52,2,42,1,26,0,0,0,0,0,59,3,24,1,27,1,0,1,0,0,111,5,66,2,53,1,0,1,0,0,239
SL050,34040707029,67,5,161,7,119,3,1,0,4,1,82,7,125,7,140,6,2,0,2,0,149,12,286,14,259,9,3,0,6,1,739
SL050,34040707030,65,3,82,7,20,1,0,0,0,0,57,2,74,3,33,0,0,0,1,1,122,5,156,10,53,1,0,0,1,1,349
SL050,34040707031,1377,125,315,387,1093,25,233,35,24,7,1591,204,220,106,1294,27,90,45,36,6,2968,329,535,493,2387,52,323,80,60,13,7240
SL050,34040707032,464,57,564,99,1390,22,27,58,57,3,517,63,327,76,1695,28,21,62,89,4,981,120,891,175,3085,50,48,120,146,7,5623
SL050,34040707033,779,92,1729,69,1621,7,88,71,16,1,917,123,1256,46,1975,23,29,82,27,3,1696,215,2985,115,3596,30,117,153,43,4,8954
SL050,34040707034,28,2,2,4,22,0,0,0,1,1,49,1,0,3,37,0,0,0,1,0,77,3,2,7,59,0,0,0,2,1,151
SL050,34040707035,35,2,47,5,91,0,0,0,0,0,34,1,30,2,85,0,0,0,0,0,69,3,77,7,176,0,0,0,0,0,332
SL050,34040707036,464,73,63,59,576,20,13,41,17,7,609,96,38,28,740,23,7,71,15,2,1073,169,101,87,1316,43,20,112,32,9,2962
SL050,34040707037,273,10,49,19,149,5,1,3,5,0,294,18,22,7,208,2,1,8,3,0,567,28,71,26,357,7,2,11,8,0,1077
SL050,34040707038,83,5,93,0,86,2,0,1,2,0,78,4,70,0,97,1,0,5,2,1,161,9,163,0,183,3,0,6,4,1,530
SL050,34040707039,106,6,312,23,137,2,6,5,4,1,129,13,233,12,135,1,6,10,2,1,235,19,545,35,272,3,12,15,6,2,1144
SL050,34040707040,9791,1530,3100,4197,20959,351,2033,1584,724,86,11941,2328,2357,2084,26107,430,722,1703,987,76,21732,3858,5457,6281,47066,781,2755,3287,1711,162,93090
SL050,34040707041,25,5,112,8,45,1,0,0,0,0,37,4,84,2,34,1,0,0,0,0,62,9,196,10,79,2,0,0,0,0,358
SL050,34040707042,864,26,191,47,571,20,53,25,6,2,981,39,130,32,665,16,32,29,12,6,1845,65,321,79,1236,36,85,54,18,8,3747
SL050,34040707043,195,11,268,4,100,3,2,2,3,0,183,13,213,3,106,1,2,4,6,1,378,24,481,7,206,4,4,6,9,1,1120
SL050,34040707044,142,15,836,108,264,3,3,7,1,1,171,19,582,33,338,6,5,10,1,0,313,34,1418,141,602,9,8,17,2,1,2545
SL050,34040707045,95,7,7,5,54,5,0,1,2,2,125,10,5,4,48,16,0,2,2,0,220,17,12,9,102,21,0,3,4,2,390
SL050,34040707046,1081,81,865,98,1208,18,28,27,136,5,1127,100,525,40,1249,27,7,40,190,4,2208,181,1390,138,2457,45,35,67,326,9,6856
SL050,34040707047,109,6,6,4,62,5,0,0,6,1,129,13,8,3,88,6,1,3,2,1,238,19,14,7,150,11,1,3,8,2,453
SL050,34040707048,1363,71,284,85,1037,21,14,30,68,11,1373,97,188,38,1097,36,8,30,85,7,2736,168,472,123,2134,57,22,60,153,18,5943
SL050,34040707049,29,2,84,4,28,2,0,0,3,0,36,4,56,1,42,0,0,1,3,0,65,6,140,5,70,2,0,1,6,0,295
SL050,34040707050,672,25,63,25,194,20,3,10,45,8,671,35,44,5,236,20,6,10,52,5,1343,60,107,30,430,40,9,20,97,13,2149
SL050,34040707051,427,40,112,42,262,4,29,27,5,2,520,49,75,15,300,4,12,26,9,1,947,89,187,57,562,8,41,53,14,3,1961
SL050,34040707052,444,17,35,8,148,5,1,1,5,1,472,19,12,6,157,8,1,5,8,1,916,36,47,14,305,13,2,6,13,2,1354
SL050,34040707053,60,6,1,0,33,1,0,0,0,2,69,9,3,0,50,2,0,0,0,0,129,15,4,0,83,3,0,0,0,2,236
SL050,34040707054,2534,208,468,79,1463,47,22,39,138,5,2603,221,275,39,1550,60,18,55,156,16,5137,429,743,118,3013,107,40,94,294,21,9996
SL050,34040707055,499,37,325,141,500,3,76,28,4,0,685,46,262,60,510,8,24,24,2,0,1184,83,587,201,1010,11,100,52,6,0,3234
SL050,34040707056,185,13,25,11,107,11,2,7,4,0,233,21,13,5,142,4,3,9,5,1,418,34,38,16,249,15,5,16,9,1,801
SL050,34040707057,949,60,263,59,349,12,61,38,15,6,1010,61,191,42,438,6,25,31,22,2,1959,121,454,101,787,18,86,69,37,8,3640
SL050,34040707058,167,8,24,14,47,5,0,0,2,1,181,9,16,8,71,3,0,1,1,0,348,17,40,22,118,8,0,1,3,1,558
SL050,34040707059,330,27,168,5,161,2,8,9,5,0,296,40,140,1,156,0,4,4,3,0,626,67,308,6,317,2,12,13,8,0,1359
SL050,34040707060,115,2,52,7,104,2,3,8,3,0,133,4,56,7,115,2,0,5,2,0,248,6,108,14,219,4,3,13,5,0,620
SL050,34040707061,637,44,100,59,495,30,17,25,13,3,832,56,61,32,536,24,7,20,8,4,1469,100,161,91,1031,54,24,45,21,7,3003
SL050,34040707062,334,30,87,94,506,5,43,43,5,1,443,33,62,64,610,2,20,49,13,0,777,63,149,158,1116,7,63,92,18,1,2444
SL050,34040707063,73,8,10,2,93,4,1,1,0,0,107,14,6,2,104,9,0,2,1,2,180,22,16,4,197,13,1,3,1,2,439
SL050,34040707064,304,10,60,13,162,8,0,7,2,0,321,19,36,19,229,7,2,8,8,0,625,29,96,32,391,15,2,15,10,0,1215
SL050,34040707065,58,8,97,2,64,0,2,1,1,0,69,7,67,3,80,3,2,2,3,1,127,15,164,5,144,3,4,3,4,1,470
SL050,34040707901,20,4,24,0,31,1,9,0,0,0,23,1,15,0,25,2,1,0,1,0,43,5,39,0,56,3,10,0,1,0,157
SL050,34040707902,34,4,2,4,41,0,0,0,0,0,35,2,3,0,51,4,0,0,0,0,69,6,5,4,92,4,0,0,0,0,180
SL050,34090808001,112,22,228,18,172,4,25,18,3,0,89,29,188,20,252,3,5,23,7,0,201,51,416,38,424,7,30,41,10,0,1218
SL050,34090808002,2,0,0,0,0,0,0,0,0,0,2,1,0,0,0,0,0,0,0,0,4,1,0,0,0,0,0,0,0,0,5
SL050,34090808003,189,56,50,10,168,12,4,28,11,6,186,81,47,3,255,15,2,35,12,6,375,137,97,13,423,27,6,63,23,12,1176
SL050,34090808004,1,0,3,0,2,0,1,0,0,0,3,2,3,0,2,1,0,0,0,0,4,2,6,0,4,1,1,0,0,0,18
SL050,34090808005,106,32,37,22,138,10,8,1,9,1,118,45,30,10,195,11,4,11,9,1,224,77,67,32,333,21,12,12,18,2,798
SL050,34090808006,190,57,223,113,433,15,19,19,8,5,202,81,206,37,613,14,8,21,10,4,392,138,429,150,1046,29,27,40,18,9,2278
SL050,34090808007,84,13,103,45,81,2,4,8,2,1,79,21,104,14,149,5,3,20,5,0,163,34,207,59,230,7,7,28,7,1,743
SL050,34090808008,1,0,6,0,1,0,0,0,0,0,1,2,2,0,3,0,0,0,0,0,2,2,8,0,4,0,0,0,0,0,16
SL050,34090808009,114,26,59,46,140,8,4,22,2,0,102,33,60,15,181,11,0,33,4,1,216,59,119,61,321,19,4,55,6,1,861
SL050,34090808010,51,7,138,23,50,1,10,2,6,0,39,12,113,3,73,0,5,1,0,2,90,19,251,26,123,1,15,3,6,2,536
SL050,34090808011,27,3,11,2,11,1,7,1,0,0,23,2,8,2,18,2,4,0,0,0,50,5,19,4,29,3,11,1,0,0,122
SL050,34090808012,30,4,32,12,30,0,3,1,1,0,23,18,24,3,36,0,2,1,1,0,53,22,56,15,66,0,5,2,2,0,221
SL050,34090808013,27,6,61,2,23,0,3,2,0,0,18,1,20,2,30,0,1,2,1,0,45,7,81,4,53,0,4,4,1,0,199
SL050,34090808014,20,9,26,4,29,0,0,0,1,0,7,8,21,3,36,1,1,4,1,0,27,17,47,7,65,1,1,4,2,0,171
SL050,34090808015,1463,944,2866,593,5586,63,4955,1623,82,4,1480,1127,2417,361,7672,59,2163,1693,97,4,2943,2071,5283,954,13258,122,7118,3316,179,8,35252
SL050,34090808016,20,2,3,0,20,0,2,1,2,0,14,2,2,1,28,0,0,1,0,0,34,4,5,1,48,0,2,2,2,0,98
SL050,34090808017,21,9,109,21,32,0,0,3,0,1,14,18,85,19,48,2,0,2,1,2,35,27,194,40,80,2,0,5,1,3,387
SL050,34090808018,64,5,15,8,5,1,23,2,0,0,40,5,9,7,12,0,19,1,0,0,104,10,24,15,17,1,42,3,0,0,216
SL050,34090808019,37179,10294,11143,4057,80877,3234,22943,9801,7945,413,37378,14212,8471,2392,107546,3603,8653,12023,10238,328,74557,24506,19614,6449,188423,6837,31596,21824,18183,741,392730
SL050,34090808020,93,10,9,7,130,5,3,3,5,1,94,24,10,2,177,9,1,9,10,4,187,34,19,9,307,14,4,12,15,5,606
SL050,34090808021,0,0,0,0,1,0,0,0,0,0,0,0,0,0,3,0,0,0,0,0,0,0,0,0,4,0,0,0,0,0,4
SL050,34090808022,211,66,465,28,379,4,50,22,13,1,181,66,316,19,452,1,19,20,12,1,392,132,781,47,831,5,69,42,25,2,2326
SL050,34090808023,78,24,45,7,77,0,11,7,1,5,79,30,29,2,93,4,3,13,2,2,157,54,74,9,170,4,14,20,3,7,512
SL050,34090808024,18,0,3,0,9,0,0,0,0,0,12,1,0,0,10,0,0,0,0,0,30,1,3,0,19,0,0,0,0,0,53
SL050,34090808025,20,10,16,0,32,1,0,3,0,2,24,7,14,1,33,1,0,3,2,1,44,17,30,1,65,2,0,6,2,3,170
SL050,34090808026,1,0,3,1,2,0,0,0,0,0,3,0,3,1,2,0,0,1,0,0,4,0,6,2,4,0,0,1,0,0,17
SL050,34090808027,5,1,5,0,8,1,0,0,0,0,11,0,5,1,7,0,0,0,0,0,16,1,10,1,15,1,0,0,0,0,44
SL050,34090808028,14,0,10,0,29,0,2,0,0,0,16,6,4,0,40,2,0,0,0,0,30,6,14,0,69,2,2,0,0,0,123
SL050,34090808029,57,14,21,18,78,6,1,2,3,0,62,12,20,5,107,5,0,5,9,0,119,26,41,23,185,11,1,7,12,0,425
SL050,34090808030,150,48,94,3,129,15,10,15,4,0,143,52,98,5,181,15,1,28,7,1,293,100,192,8,310,30,11,43,11,1,999
SL050,34090808031,78,31,212,53,19,1,2,2,2,0,77,26,163,39,38,0,2,2,3,0,155,57,375,92,57,1,4,4,5,0,750
SL050,34090808032,52,23,33,3,138,4,1,6,1,0,59,20,28,0,174,5,3,13,5,0,111,43,61,3,312,9,4,19,6,0,568
SL050,34090808033,147,41,86,231,457,5,47,33,3,0,143,71,69,50,550,6,17,40,7,1,290,112,155,281,1007,11,64,73,10,1,2004
SL050,34090808034,8,1,0,0,3,1,0,2,0,0,5,0,0,1,13,0,0,2,0,0,13,1,0,1,16,1,0,4,0,0,36
SL050,34090808035,293,161,515,329,671,6,201,60,12,0,403,279,416,62,799,5,87,71,17,2,696,440,931,391,1470,11,288,131,29,2,4389
SL050,34090808036,2,0,0,0,0,0,0,0,0,0,0,1,0,0,0,0,0,0,0,0,2,1,0,0,0,0,0,0,0,0,3
SL050,34090808037,15,2,41,26,23,1,1,3,0,0,13,2,27,5,15,0,0,3,0,0,28,4,68,31,38,1,1,6,0,0,177
SL050,34090808038,29,1,49,1,17,1,0,1,0,0,19,5,50,2,22,0,1,2,0,0,48,6,99,3,39,1,1,3,0,0,200
SL050,34090808039,10,2,0,1,10,1,0,0,2,0,9,3,0,0,7,1,0,1,1,0,19,5,0,1,17,2,0,1,3,0,48
SL050,34090808040,152,34,214,20,341,12,13,21,10,2,182,37,168,9,459,17,9,31,9,2,334,71,382,29,800,29,22,52,19,4,1742
SL050,34090808041,101,49,816,619,594,0,62,24,5,0,88,56,565,212,703,9,15,30,4,1,189,105,1381,831,1297,9,77,54,9,1,3953
SL050,34090808042,34,5,10,10,36,0,3,0,0,0,31,5,11,2,56,1,2,2,0,0,65,10,21,12,92,1,5,2,0,0,208
SL050,34090808043,94,14,10,3,75,4,5,3,9,1,108,33,10,2,99,3,2,9,6,0,202,47,20,5,174,7,7,12,15,1,490
SL050,34090808044,13,12,33,4,107,3,10,9,1,0,27,5,28,2,133,1,2,10,1,0,40,17,61,6,240,4,12,19,2,0,401
SL050,34090808045,0,0,0,0,0,0,0,0,0,0,1,0,0,0,1,0,0,0,0,0,1,0,0,0,1,0,0,0,0,0,2
SL050,34090808046,164,39,218,45,312,5,46,13,9,6,173,56,199,19,402,5,22,35,11,1,337,95,417,64,714,10,68,48,20,7,1780
SL050,34090808047,19,3,75,14,17,1,5,2,1,0,20,15,42,7,35,1,0,4,0,0,39,18,117,21,52,2,5,6,1,0,261
SL050,34090808048,31,2,7,0,3,0,6,0,0,0,30,0,3,0,7,0,2,0,0,0,61,2,10,0,10,0,8,0,0,0,91
SL050,34090808049,13,0,6,0,7,0,0,0,1,0,10,1,1,0,14,0,0,0,0,0,23,1,7,0,21,0,0,0,1,0,53
SL050,34090808050,1,0,0,0,1,0,0,0,0,1,1,0,0,0,1,0,0,0,0,0,2,0,0,0,2,0,0,0,0,1,5
SL050,34090808051,154,34,61,18,372,2,25,25,7,1,176,32,58,9,517,11,9,41,9,0,330,66,119,27,889,13,34,66,16,1,1561
SL050,34090808052,4,0,1,0,1,0,0,0,0,0,3,0,0,0,0,0,0,0,0,0,7,0,1,0,1,0,0,0,0,0,9
SL050,34090808053,29,7,29,7,41,0,0,2,3,1,26,5,22,4,56,0,0,4,1,0,55,12,51,11,97,0,0,6,4,1,237
SL050,34090808054,83,28,86,38,175,5,20,7,5,1,80,43,61,20,235,5,5,12,5,2,163,71,147,58,410,10,25,19,10,3,916
SL050,34090808055,6,1,3,1,2,0,15,0,2,0,4,0,4,1,10,1,10,1,1,0,10,1,7,2,12,1,25,1,3,0,62
SL050,34090808056,3048,537,540,99,3269,98,432,253,131,14,2768,750,418,62,3945,87,125,297,118,11,5816,1287,958,161,7214,185,557,550,249,25,17002
SL050,34090808057,0,0,0,1,0,0,0,0,0,0,0,0,0,0,1,0,0,0,0,0,0,0,0,1,1,0,0,0,0,0,2
SL050,34090808058,40,11,26,3,19,0,0,0,1,0,29,9,15,1,23,3,0,2,1,0,69,20,41,4,42,3,0,2,2,0,183
SL050,34090808059,4,0,1,0,3,0,0,0,0,0,2,1,0,1,4,0,1,2,0,0,6,1,1,1,7,0,1,2,0,0,19
SL050,34090808060,0,0,0,0,0,0,0,0,0,0,0,1,1,0,1,0,0,0,0,0,0,1,1,0,1,0,0,0,0,0,3
SL050,34090808061,22,4,9,2,16,0,0,1,1,0,16,2,8,0,19,0,0,1,2,0,38,6,17,2,35,0,0,2,3,0,103
SL050,34090808062,12,0,3,1,8,0,2,0,0,0,13,0,0,1,11,1,1,0,0,0,25,0,3,2,19,1,3,0,0,0,53
SL050,34090808063,6,2,1,0,4,0,0,0,0,0,4,3,0,2,5,3,0,1,0,0,10,5,1,2,9,3,0,1,0,0,31
SL050,34090808064,13,8,14,19,67,0,3,2,1,0,5,13,8,3,90,0,1,1,0,0,18,21,22,22,157,0,4,3,1,0,248
SL050,34090808065,6,21,19,3,14,1,1,0,1,0,9,17,8,0,15,0,1,1,0,0,15,38,27,3,29,1,2,1,1,0,117
SL050,34090808066,15,3,14,0,26,2,1,2,0,0,15,4,10,0,43,0,1,6,1,0,30,7,24,0,69,2,2,8,1,0,143
SL050,34090808067,31,23,62,13,100,1,6,9,1,2,40,32,55,10,128,0,3,9,3,0,71,55,117,23,228,1,9,18,4,2,528
SL050,34090808068,88,29,85,5,129,4,17,7,9,0,101,31,67,1,192,10,4,9,12,0,189,60,152,6,321,14,21,16,21,0,800
SL050,34090808069,54,9,12,3,37,4,1,1,0,1,51,22,15,3,53,3,2,8,3,0,105,31,27,6,90,7,3,9,3,1,282
SL050,34090808070,0,0,1,0,3,0,0,0,0,0,1,1,0,0,4,1,0,0,0,0,1,1,1,0,7,1,0,0,0,0,11
SL050,34090808071,1,2,0,0,1,0,0,0,0,0,1,0,0,0,1,0,0,1,0,0,2,2,0,0,2,0,0,1,0,0,7
SL050,34090808072,184,30,141,10,461,5,14,5,14,0,180,44,108,8,654,11,4,18,15,1,364,74,249,18,1115,16,18,23,29,1,1907
SL050,34090808073,673,557,1858,179,4121,27,471,323,43,2,667,686,1152,104,5358,28,218,322,41,3,1340,1243,3010,283,9479,55,689,645,84,5,16833
SL050,34090808074,284,75,124,44,406,8,15,16,10,1,270,100,99,15,515,8,2,22,7,1,554,175,223,59,921,16,17,38,17,2,2022
SL050,34090808075,58,20,27,9,71,2,0,8,3,0,61,20,8,1,101,6,1,9,1,0,119,40,35,10,172,8,1,17,4,0,406
SL050,34090808076,241,34,479,21,330,5,57,30,7,0,226,46,310,16,435,1,14,29,8,0,467,80,789,37,765,6,71,59,15,0,2289
SL050,34090808077,489,196,292,66,2215,43,199,125,30,2,565,247,241,53,2957,57,92,162,40,0,1054,443,533,119,5172,100,291,287,70,2,8071
SL050,34090808078,0,0,0,0,2,0,0,0,0,0,0,1,1,0,2,0,0,0,0,0,0,1,1,0,4,0,0,0,0,0,6
SL050,34090808079,3,0,0,1,1,0,0,0,0,0,3,1,0,0,2,0,0,0,0,0,6,1,0,1,3,0,0,0,0,0,11
SL050,34090808080,0,0,0,0,0,0,0,0,0,0,1,0,0,0,0,0,0,1,0,0,1,0,0,0,0,0,0,1,0,0,2
SL050,34090808081,5,0,1,3,3,1,0,1,0,0,5,2,0,0,7,0,0,2,0,0,10,2,1,3,10,1,0,3,0,0,30
SL050,34090808082,26,7,9,1,12,1,0,0,0,0,21,6,6,0,19,0,0,1,0,0,47,13,15,1,31,1,0,1,0,0,109
SL050,34090808083,13,0,13,1,4,0,0,0,0,0,16,5,9,1,10,2,0,4,0,0,29,5,22,2,14,2,0,4,0,0,78
SL050,34090808084,14,4,1,0,11,0,1,0,0,0,21,2,3,0,14,0,0,1,0,0,35,6,4,0,25,0,1,1,0,0,72
SL050,34090808085,22,4,39,13,5,0,0,1,0,1,19,8,18,3,8,3,0,5,1,1,41,12,57,16,13,3,0,6,1,2,151
SL050,34090808086,126,30,473,443,366,7,22,20,1,2,114,60,379,137,529,6,11,30,4,0,240,90,852,580,895,13,33,50,5,2,2760
SL050,34090808087,4,1,0,0,2,0,0,0,0,0,3,1,0,0,1,0,1,0,0,0,7,2,0,0,3,0,1,0,0,0,13
SL050,34090808088,132,50,204,70,291,11,25,24,13,3,161,67,176,37,455,16,3,23,20,1,293,117,380,107,746,27,28,47,33,4,1782
SL050,34090808089,735,279,585,54,1263,46,184,102,28,9,677,349,430,27,1625,28,87,119,36,8,1412,628,1015,81,2888,74,271,221,64,17,6671
SL050,34090808090,2,1,1,0,3,0,0,0,0,0,0,1,0,0,4,0,0,0,0,0,2,2,1,0,7,0,0,0,0,0,12
SL050,34090808091,73,8,111,9,159,3,19,4,2,1,69,17,96,4,234,4,12,9,0,0,142,25,207,13,393,7,31,13,2,1,834
SL050,34090808092,77,12,144,10,31,0,3,1,1,0,67,18,99,5,42,0,2,5,0,0,144,30,243,15,73,0,5,6,1,0,517
SL050,34090808094,13,5,50,5,30,0,0,1,1,0,16,8,35,2,37,0,0,3,0,0,29,13,85,7,67,0,0,4,1,0,206
SL050,34090808095,1,0,0,0,1,0,0,0,0,0,0,0,0,0,2,0,0,0,0,0,1,0,0,0,3,0,0,0,0,0,4
SL050,34090808096,511,128,1327,1738,2345,17,152,178,33,2,507,202,1116,514,3167,16,54,219,32,6,1018,330,2443,2252,5512,33,206,397,65,8,12264
SL050,34090808097,18,2,9,6,12,0,3,4,0,1,12,4,7,3,23,0,0,3,0,0,30,6,16,9,35,0,3,7,0,1,107
SL050,34090808098,23,5,89,3,27,1,2,1,2,0,15,10,3,1,32,3,0,1,0,0,38,15,92,4,59,4,2,2,2,0,218
SL050,34090808099,5,4,12,0,12,0,1,0,0,0,5,4,11,0,25,0,0,1,0,0,10,8,23,0,37,0,1,1,0,0,80
SL050,34090808100,6,7,8,5,23,0,1,1,0,0,14,3,11,2,23,1,1,5,1,0,20,10,19,7,46,1,2,6,1,0,112
SL050,34090808101,2322,1091,3601,1031,21816,80,5294,1152,453,12,2246,1346,2697,632,28555,75,2238,1277,608,2,4568,2437,6298,1663,50371,155,7532,2429,1061,14,76528
SL050,34090808102,300,129,1171,203,876,13,148,121,12,3,295,170,891,102,1058,19,44,132,14,2,595,299,2062,305,1934,32,192,253,26,5,5703
SL050,34090808103,14,4,2,1,3,0,2,0,0,0,8,7,2,0,4,1,0,0,0,0,22,11,4,1,7,1,2,0,0,0,48
SL050,34090808104,25,3,30,2,10,1,0,0,1,0,15,1,10,1,11,1,0,0,1,0,40,4,40,3,21,2,0,0,2,0,112
SL050,34090808105,96,32,308,78,424,7,107,42,5,0,74,38,202,25,561,8,42,35,5,0,170,70,510,103,985,15,149,77,10,0,2089
SL050,34090808106,87,32,111,36,238,7,8,12,4,1,100,45,95,15,298,8,5,16,1,0,187,77,206,51,536,15,13,28,5,1,1119
SL050,34090808107,90,28,31,17,167,0,9,8,10,1,99,31,14,4,231,3,3,15,5,1,189,59,45,21,398,3,12,23,15,2,767
SL050,34090808108,34,8,29,7,53,1,3,5,1,0,38,9,16,7,95,2,3,10,0,0,72,17,45,14,148,3,6,15,1,0,321
SL050,34090808109,4,0,1,1,2,0,0,0,0,0,4,0,0,0,1,0,0,0,0,0,8,0,1,1,3,0,0,0,0,0,13
SL050,34090808110,335,93,188,280,381,3,100,22,12,0,377,142,152,60,488,7,39,35,15,1,712,235,340,340,869,10,139,57,27,1,2730
SL050,34090808111,4,0,0,2,3,0,0,0,0,0,1,1,0,0,4,0,0,0,0,0,5,1,0,2,7,0,0,0,0,0,15
SL050,34090808112,236,27,1590,287,186,2,20,39,1,0,210,48,1302,154,266,2,15,36,5,0,446,75,2892,441,452,4,35,75,6,0,4426
SL050,34090808113,939,290,3444,702,1747,19,242,260,28,6,951,389,2702,313,2364,22,116,263,22,0,1890,679,6146,1015,4111,41,358,523,50,6,14819
SL050,34090808114,185,35,1436,496,702,2,176,55,4,1,159,53,985,266,853,8,70,60,8,0,344,88,2421,762,1555,10,246,115,12,1,5554
SL050,34090808115,26,9,65,5,61,0,4,0,0,0,18,8,60,1,84,2,2,1,0,1,44,17,125,6,145,2,6,1,0,1,347
SL050,34090808116,8,1,3,1,5,0,1,0,2,0,5,2,4,1,4,0,2,0,1,0,13,3,7,2,9,0,3,0,3,0,40
SL050,34090808117,22,1,20,10,13,0,1,1,1,0,21,7,22,6,30,1,5,1,0,0,43,8,42,16,43,1,6,2,1,0,162
SL050,34090808118,277,67,241,51,558,25,54,59,12,4,340,98,200,32,755,22,33,73,24,2,617,165,441,83,1313,47,87,132,36,6,2927
SL050,34090808119,52,26,100,6,85,4,19,7,3,0,44,26,78,5,135,1,8,9,1,1,96,52,178,11,220,5,27,16,4,1,610
SL050,34090808120,67,28,7,8,89,9,3,7,3,0,55,45,5,3,148,17,2,12,8,0,122,73,12,11,237,26,5,19,11,0,516
SL050,34090808121,848,216,4259,2480,2554,31,266,1077,37,1,840,336,3409,772,3555,47,84,1115,39,6,1688,552,7668,3252,6109,78,350,2192,76,7,21972
SL050,34090808122,33,6,44,1,26,1,1,0,3,0,29,4,30,1,43,1,1,3,1,0,62,10,74,2,69,2,2,3,4,0,228
SL050,34090808123,147,46,180,31,488,10,28,48,11,2,161,57,135,20,735,9,6,53,10,2,308,103,315,51,1223,19,34,101,21,4,2179
SL050,34090808124,539,241,817,617,1431,11,132,144,15,6,515,284,662,150,1970,11,72,158,19,1,1054,525,1479,767,3401,22,204,302,34,7,7795
SL050,34090808125,283,99,602,126,1072,9,316,52,18,2,303,128,485,97,1410,9,162,80,15,2,586,227,1087,223,2482,18,478,132,33,4,5270
SL050,34090808126,141,56,32,2,235,10,9,43,6,3,151,69,19,3,292,5,1,51,12,1,292,125,51,5,527,15,10,94,18,4,1141
SL050,34090808127,31,7,78,3,42,3,7,2,0,0,16,4,67,4,68,1,0,2,1,0,47,11,145,7,110,4,7,4,1,0,336
SL050,34090808128,7,0,0,0,5,0,0,0,0,0,6,1,0,0,6,0,0,0,0,0,13,1,0,0,11,0,0,0,0,0,25
SL050,34090808129,4,2,3,3,7,1,0,1,0,0,4,0,0,1,8,0,0,0,0,0,8,2,3,4,15,1,0,1,0,0,34
SL050,34090808130,0,0,0,0,1,0,0,0,0,0,0,0,0,0,1,0,0,0,0,0,0,0,0,0,2,0,0,0,0,0,2
SL050,34090808131,6,0,24,6,11,0,0,0,0,0,12,2,21,3,11,0,0,1,0,0,18,2,45,9,22,0,0,1,0,0,97
SL050,34090808132,2,10,0,0,5,0,0,0,0,0,1,6,0,0,6,0,0,0,0,0,3,16,0,0,11,0,0,0,0,0,30
SL050,34090808133,4,4,1,0,6,0,0,0,0,0,1,0,2,0,4,0,0,0,0,0,5,4,3,0,10,0,0,0,0,0,22
SL050,34090808134,5,4,36,2,32,1,0,0,0,1,12,5,31,0,37,0,0,0,0,0,17,9,67,2,69,1,0,0,0,1,166
SL050,34090808135,68,9,149,51,151,2,16,8,0,2,55,15,129,30,182,0,4,16,1,1,123,24,278,81,333,2,20,24,1,3,889
SL050,34090808136,163,18,519,189,188,2,25,19,5,0,168,32,381,70,300,3,7,24,9,1,331,50,900,259,488,5,32,43,14,1,2123
SL050,34090808137,2,1,0,2,4,0,0,0,0,0,4,1,0,0,5,0,0,0,0,0,6,2,0,2,9,0,0,0,0,0,19
SL050,34090808138,84,16,22,141,170,6,51,14,4,0,63,31,18,24,187,5,31,15,5,0,147,47,40,165,357,11,82,29,9,0,887
SL050,34090808139,1,0,0,0,2,1,0,0,0,0,2,0,0,1,3,0,0,0,0,0,3,0,0,1,5,1,0,0,0,0,10
SL050,34090808140,56,9,31,5,66,1,6,3,1,0,55,12,31,5,105,2,2,11,0,0,111,21,62,10,171,3,8,14,1,0,401
SL050,34090808141,79,15,103,3,41,3,29,11,0,0,73,13,93,0,77,3,3,9,0,0,152,28,196,3,118,6,32,20,0,0,555
SL050,34090808142,2,0,0,0,1,0,0,0,0,0,2,0,0,1,0,0,0,0,0,0,4,0,0,1,1,0,0,0,0,0,6
SL050,34090808143,20,8,40,1,25,0,1,11,0,0,15,4,25,0,39,2,0,10,1,0,35,12,65,1,64,2,1,21,1,0,202
SL050,34090808144,3,0,7,1,7,0,0,0,0,0,4,1,3,1,9,0,0,0,0,0,7,1,10,2,16,0,0,0,0,0,36
SL050,34090808145,56,10,39,5,48,1,0,1,0,0,53,13,35,1,60,1,1,4,1,0,109,23,74,6,108,2,1,5,1,0,329
SL050,34090808146,22,4,12,0,22,1,1,0,0,0,23,5,8,0,39,1,0,1,1,0,45,9,20,0,61,2,1,1,1,0,140
SL050,34090808147,172,21,595,53,379,4,43,35,4,0,169,28,487,40,535,3,16,35,5,1,341,49,1082,93,914,7,59,70,9,1,2625
SL050,34090808148,260,22,10,7,122,7,3,0,6,4,195,37,7,5,120,4,0,5,4,0,455,59,17,12,242,11,3,5,10,4,818
SL050,34090808149,19,0,2,1,6,0,0,0,0,2,13,2,1,0,16,0,0,0,0,2,32,2,3,1,22,0,0,0,0,4,64
SL050,34090808150,2,0,0,1,1,1,0,0,0,0,3,1,0,0,5,0,0,1,0,0,5,1,0,1,6,1,0,1,0,0,15
SL050,34090808151,4,0,1,2,2,0,0,0,0,0,5,0,1,1,7,0,0,0,0,0,9,0,2,3,9,0,0,0,0,0,23
SL050,34090808152,1,1,0,0,0,0,0,0,1,0,0,1,0,0,1,0,0,0,0,0,1,2,0,0,1,0,0,0,1,0,5
SL050,34090808153,5,0,0,1,6,0,1,1,1,0,4,0,0,0,7,0,0,0,0,0,9,0,0,1,13,0,1,1,1,0,26
SL050,34090808154,16,3,6,0,14,1,0,0,0,0,15,0,1,0,15,2,0,0,0,0,31,3,7,0,29,3,0,0,0,0,73
SL050,34090808155,126,33,46,24,96,0,5,7,1,0,146,52,30,10,116,5,0,8,0,0,272,85,76,34,212,5,5,15,1,0,705
SL050,34090808156,99,85,56,17,272,2,5,8,1,2,124,91,51,14,338,5,4,15,4,0,223,176,107,31,610,7,9,23,5,2,1193
SL050,34090808157,146,21,69,12,183,5,11,11,2,0,114,42,61,7,257,11,3,18,7,0,260,63,130,19,440,16,14,29,9,0,980
SL050,34090808158,45,0,45,3,77,4,6,7,3,0,36,4,43,1,106,4,0,7,5,0,81,4,88,4,183,8,6,14,8,0,396
SL050,34090808159,191,27,118,215,232,1,21,22,5,0,184,39,86,43,346,3,10,36,6,0,375,66,204,258,578,4,31,58,11,0,1585
SL050,34090808160,7,3,2,4,6,0,0,0,0,0,7,3,2,0,8,0,0,0,0,0,14,6,4,4,14,0,0,0,0,0,42
SL050,34090808161,129,34,279,11,207,1,49,12,1,1,111,39,200,7,253,6,14,24,1,1,240,73,479,18,460,7,63,36,2,2,1380
SL050,34090808162,30,8,55,0,44,1,1,0,0,0,32,6,42,2,76,1,1,1,0,0,62,14,97,2,120,2,2,1,0,0,300
SL050,34090808163,333,152,630,623,636,7,97,52,11,0,440,236,521,160,827,7,48,53,10,0,773,388,1151,783,1463,14,145,105,21,0,4843
SL050,34090808164,18,3,22,4,6,0,0,0,0,0,16,0,17,3,11,0,0,0,0,0,34,3,39,7,17,0,0,0,0,0,100
SL050,34090808165,19,3,8,2,24,0,0,0,0,0,19,6,14,1,24,0,0,0,0,0,38,9,22,3,48,0,0,0,0,0,120
SL050,34090808166,8,1,2,1,8,0,0,0,0,0,2,5,2,0,25,0,0,0,0,0,10,6,4,1,33,0,0,0,0,0,54
SL050,34090808167,81,10,42,84,93,2,7,13,4,0,70,14,26,14,164,1,3,19,0,0,151,24,68,98,257,3,10,32,4,0,647
SL050,34090808168,4,7,17,1,5,0,0,0,0,1,2,3,14,0,3,0,0,1,2,1,6,10,31,1,8,0,0,1,2,2,61
SL050,34090808169,629,97,1083,104,1359,17,251,192,11,4,621,135,813,68,1878,8,99,208,13,2,1250,232,1896,172,3237,25,350,400,24,6,7592
SL050,34090808170,6,1,1,0,0,0,0,0,0,0,2,2,2,0,2,0,0,0,0,0,8,3,3,0,2,0,0,0,0,0,16
SL050,34090808171,19,3,35,5,30,0,1,3,0,0,20,3,33,1,30,0,1,1,0,0,39,6,68,6,60,0,2,4,0,0,185
SL050,34090808172,232,67,498,579,765,14,63,55,21,2,255,111,500,103,1081,16,10,75,36,2,487,178,998,682,1846,30,73,130,57,4,4485
SL050,34090808174,2,0,5,0,4,0,0,0,0,0,4,1,2,0,7,0,0,0,0,0,6,1,7,0,11,0,0,0,0,0,25
SL050,34090808175,35,2,29,5,58,1,11,4,0,0,26,2,28,3,97,5,2,10,1,0,61,4,57,8,155,6,13,14,1,0,319
SL050,34090808176,3,1,0,1,4,1,0,0,0,0,2,0,0,0,1,1,0,0,0,0,5,1,0,1,5,2,0,0,0,0,14
SL050,34090808177,3,0,0,0,0,0,0,0,0,0,2,1,0,0,0,0,0,0,0,0,5,1,0,0,0,0,0,0,0,0,6
SL050,34090808178,3,1,0,1,1,0,0,0,0,0,5,4,0,0,3,0,0,0,1,0,8,5,0,1,4,0,0,0,1,0,19
SL050,34090808179,2,3,5,2,5,0,0,0,0,0,4,1,2,0,12,0,0,1,0,0,6,4,7,2,17,0,0,1,0,0,37
SL050,34090808180,446,69,556,310,1000,9,305,96,22,0,380,89,443,121,1309,15,142,121,20,3,826,158,999,431,2309,24,447,217,42,3,5456
SL050,34090808181,107,17,45,32,133,5,1,11,1,1,91,31,39,13,178,4,2,13,3,0,198,48,84,45,311,9,3,24,4,1,727
SL050,34090808182,80,4,13,3,15,0,1,4,0,0,77,7,7,1,37,1,0,4,0,0,157,11,20,4,52,1,1,8,0,0,254
SL050,34090808183,67,8,187,32,40,3,15,3,4,0,45,12,167,12,63,1,8,4,1,0,112,20,354,44,103,4,23,7,5,0,672
SL050,34090808184,593,157,1511,404,2888,17,230,231,40,3,593,201,1228,171,3860,17,92,249,47,0,1186,358,2739,575,6748,34,322,480,87,3,12532
SL050,34090808185,1,0,0,0,4,0,0,0,0,0,2,0,0,0,4,0,0,0,0,0,3,0,0,0,8,0,0,0,0,0,11
SL050,34090808187,1835,547,2584,1572,6578,60,693,601,96,8,1801,782,2029,602,9102,62,251,652,89,10,3636,1329,4613,2174,15680,122,944,1253,185,18,29954
SL050,34090808188,1,0,0,0,0,0,0,0,0,0,1,0,0,0,0,0,0,0,0,0,2,0,0,0,0,0,0,0,0,0,2
SL050,34090808189,1,0,0,0,0,0,0,0,0,0,2,0,0,0,0,0,0,0,0,0,3,0,0,0,0,0,0,0,0,0,3
SL050,34090808190,1,0,1,0,0,0,0,1,0,0,0,0,0,0,1,0,0,0,0,0,1,0,1,0,1,0,0,1,0,0,4
SL050,34090808191,75,24,68,5,39,0,15,8,3,1,84,21,59,4,64,2,0,9,4,0,159,45,127,9,103,2,15,17,7,1,485
SL050,34090808192,83,9,46,7,36,6,4,6,0,0,82,14,43,1,65,3,1,12,3,0,165,23,89,8,101,9,5,18,3,0,421
SL050,34090808193,10,3,3,30,14,0,1,1,0,0,11,5,4,8,26,2,0,1,0,0,21,8,7,38,40,2,1,2,0,0,119
SL050,34090808194,285,169,425,62,1186,18,569,291,29,2,271,214,362,36,1488,15,292,292,31,3,556,383,787,98,2674,33,861,583,60,5,6040
SL050,34090808195,0,0,0,0,1,0,0,0,0,0,0,0,0,0,1,0,0,0,0,0,0,0,0,0,2,0,0,0,0,0,2
SL050,34090808196,195,37,627,243,547,12,89,65,5,0,218,51,480,126,690,16,45,58,2,0,413,88,1107,369,1237,28,134,123,7,0,3506
SL050,34090808197,181,63,48,38,292,18,8,12,27,1,198,95,43,15,368,24,2,14,37,1,379,158,91,53,660,42,10,26,64,2,1485
SL050,34090808198,60,10,35,65,73,4,1,3,1,0,59,25,39,23,107,0,0,7,4,1,119,35,74,88,180,4,1,10,5,1,517
SL050,34090808199,6,4,24,8,5,0,0,0,0,0,6,5,19,0,9,0,0,0,0,0,12,9,43,8,14,0,0,0,0,0,86
SL050,34090808200,553,128,1534,156,1867,6,341,275,13,7,499,180,1159,94,2619,14,124,292,17,0,1052,308,2693,250,4486,20,465,567,30,7,9878
SL050,34090808201,3,0,4,6,7,1,0,0,0,0,2,7,2,1,9,1,0,0,0,0,5,7,6,7,16,2,0,0,0,0,43
SL050,34090808202,231,58,335,206,388,11,45,39,24,0,211,71,242,68,524,16,26,42,28,2,442,129,577,274,912,27,71,81,52,2,2567
SL050,34090808203,62,15,19,28,48,1,1,4,4,0,67,11,19,10,60,1,3,6,2,1,129,26,38,38,108,2,4,10,6,1,362
SL050,34090808204,19,10,15,1,31,1,0,1,0,0,24,4,11,1,61,2,0,1,2,0,43,14,26,2,92,3,0,2,2,0,184
SL050,34090808205,2006,391,366,108,3191,258,239,184,196,29,2008,535,267,99,4615,270,139,324,193,18,4014,926,633,207,7806,528,378,508,389,47,15436
SL050,34090808206,7,3,26,1,7,0,0,1,0,1,7,5,14,0,9,0,0,1,0,1,14,8,40,1,16,0,0,2,0,2,83
SL050,34090808207,30,13,15,4,47,0,2,0,1,1,40,12,18,1,57,4,2,2,5,0,70,25,33,5,104,4,4,2,6,1,254
SL050,34090808208,83,14,45,13,130,6,11,16,4,0,83,17,45,5,177,5,3,18,4,0,166,31,90,18,307,11,14,34,8,0,679
SL050,34090808209,100,17,39,11,84,7,3,8,7,1,71,21,31,3,109,3,3,10,4,0,171,38,70,14,193,10,6,18,11,1,532
SL050,34090808210,77,14,32,62,150,4,89,3,0,1,58,25,20,14,207,4,62,10,1,0,135,39,52,76,357,8,151,13,1,1,833
SL050,34090808211,366,103,365,105,1040,18,64,133,22,1,381,143,280,48,1513,20,30,149,26,0,747,246,645,153,2553,38,94,282,48,1,4807
SL050,34090808212,0,0,14,2,0,0,0,0,0,0,0,1,11,0,1,0,0,0,0,0,0,1,25,2,1,0,0,0,0,0,29
SL050,34090808213,52,21,60,23,89,1,13,4,4,0,72,34,52,13,149,1,5,10,5,0,124,55,112,36,238,2,18,14,9,0,608
SL050,34090808214,84,33,56,11,108,3,6,6,3,1,68,39,57,5,176,9,2,13,7,0,152,72,113,16,284,12,8,19,10,1,687
SL050,34090808215,79,4,56,25,29,0,4,0,1,0,63,9,37,9,30,0,0,5,1,0,142,13,93,34,59,0,4,5,2,0,352
SL050,34090808216,1,0,0,0,0,0,0,0,0,0,0,0,0,0,1,0,0,0,0,0,1,0,0,0,1,0,0,0,0,0,2
SL050,34090808217,307,77,384,40,859,14,41,84,25,2,307,109,317,46,1208,15,29,107,25,1,614,186,701,86,2067,29,70,191,50,3,3997
SL050,34090808218,126,128,127,14,62,1,20,3,0,1,120,132,102,4,96,2,6,10,0,0,246,260,229,18,158,3,26,13,0,1,954
SL050,34090808219,191,60,193,31,419,15,19,21,9,4,227,87,169,18,592,13,9,36,15,1,418,147,362,49,1011,28,28,57,24,5,2129
SL050,34090808220,17,7,19,6,21,0,0,1,1,0,17,10,16,2,22,2,0,2,3,0,34,17,35,8,43,2,0,3,4,0,146
SL050,34090808221,390,82,50,15,410,47,15,45,22,4,423,106,43,13,643,49,9,63,32,4,813,188,93,28,1053,96,24,108,54,8,2465
SL050,34090808222,24,7,33,4,18,0,0,2,1,0,22,7,17,3,51,0,1,4,1,0,46,14,50,7,69,0,1,6,2,0,195
SL050,34090808223,28,2,20,2,30,0,1,0,2,0,20,9,14,0,47,2,0,3,0,0,48,11,34,2,77,2,1,3,2,0,180
SL050,34090808224,14,0,26,4,23,0,4,1,3,0,9,0,20,2,31,0,2,3,3,0,23,0,46,6,54,0,6,4,6,0,145
SL050,34090808225,0,0,0,0,0,0,0,0,0,0,0,0,0,0,1,0,0,0,0,0,0,0,0,0,1,0,0,0,0,0,1
SL050,34090808226,5,0,4,0,6,1,0,0,0,0,10,1,2,0,4,1,0,4,0,0,15,1,6,0,10,2,0,4,0,0,38
SL050,34090808227,32,9,77,3,26,0,1,6,0,0,26,13,47,4,40,2,0,8,3,0,58,22,124,7,66,2,1,14,3,0,297
SL050,34090808228,1,0,1,0,2,0,0,0,0,0,1,0,0,0,2,0,0,0,0,0,2,0,1,0,4,0,0,0,0,0,7
SL050,34090808229,1,1,1,0,2,0,0,1,0,1,5,3,0,0,4,0,0,1,0,0,6,4,1,0,6,0,0,2,0,1,20
SL050,34090808230,122,47,140,43,162,10,7,19,10,1,118,61,114,11,243,7,7,32,9,0,240,108,254,54,405,17,14,51,19,1,1163
SL050,34090808231,1031,126,510,52,924,45,53,68,25,4,1019,147,354,26,1228,36,22,88,22,2,2050,273,864,78,2152,81,75,156,47,6,5782
SL050,34090808232,15,7,26,5,14,2,0,3,1,0,13,3,17,2,18,0,0,2,0,0,28,10,43,7,32,2,0,5,1,0,128
SL050,34090808233,24,5,57,19,25,1,0,1,0,0,26,1,37,4,28,1,0,2,0,0,50,6,94,23,53,2,0,3,0,0,231
SL050,34090808234,53,12,15,3,46,2,1,1,1,0,55,11,11,1,66,6,1,10,2,1,108,23,26,4,112,8,2,11,3,1,298
SL050,34090808235,80,47,38,12,137,13,3,9,0,3,84,56,33,4,162,17,4,14,6,2,164,103,71,16,299,30,7,23,6,5,724
SL050,34090808236,13,3,103,1,22,0,0,0,2,0,10,3,87,0,33,0,0,0,0,0,23,6,190,1,55,0,0,0,2,0,277
SL050,34090808237,25,4,28,32,20,0,1,0,1,0,19,11,25,5,21,1,0,1,1,0,44,15,53,37,41,1,1,1,2,0,195
SL050,34090808238,219,44,64,18,236,12,4,18,6,2,243,59,54,7,382,22,3,33,11,5,462,103,118,25,618,34,7,51,17,7,1442
SL050,34090808239,7,2,3,0,5,0,1,0,0,1,9,0,2,1,8,0,0,3,1,0,16,2,5,1,13,0,1,3,1,1,43
SL050,34090808240,89,38,295,7,158,2,22,10,4,2,89,45,261,5,224,9,20,18,5,1,178,83,556,12,382,11,42,28,9,3,1304
SL050,34090808241,0,0,1,0,0,0,0,0,0,0,0,0,1,0,0,0,0,0,0,0,0,0,2,0,0,0,0,0,0,0,2
SL050,34090808242,0,0,0,0,2,0,0,0,0,0,6,0,1,0,7,0,0,1,0,0,6,0,1,0,9,0,0,1,0,0,17
SL050,34090808243,0,1,0,0,0,0,0,0,0,0,0,1,0,0,1,0,0,0,0,0,0,2,0,0,1,0,0,0,0,0,3
SL050,34090808244,62,16,15,7,85,7,3,3,6,1,81,40,11,2,117,7,3,9,1,4,143,56,26,9,202,14,6,12,7,5,480
SL050,34090808245,711,689,2555,607,4950,29,3631,2160,66,3,687,740,2088,377,6658,41,1615,2066,73,2,1398,1429,4643,984,11608,70,5246,4226,139,5,29748
SL050,34090808246,99,4,9,14,11,0,4,0,0,0,97,3,8,11,22,0,2,3,0,0,196,7,17,25,33,0,6,3,0,0,287
SL050,34090808247,14,3,1,7,6,1,3,1,1,0,9,6,0,1,11,1,1,2,1,0,23,9,1,8,17,2,4,3,2,0,69
SL050,34090808248,46,12,24,9,103,2,18,2,0,1,65,19,17,1,121,2,10,5,3,0,111,31,41,10,224,4,28,7,3,1,460
SL050,34090808249,10,0,8,1,2,0,0,0,0,0,5,1,1,1,6,0,0,2,0,0,15,1,9,2,8,0,0,2,0,0,37
SL050,34090808250,46,32,358,25,81,1,25,9,4,0,48,27,268,22,123,0,7,10,1,1,94,59,626,47,204,1,32,19,5,1,1088
SL050,34090808251,51,24,344,3,140,2,18,9,2,0,43,30,272,5,174,1,11,5,0,0,94,54,616,8,314,3,29,14,2,0,1134
SL050,34090808252,233,52,228,66,605,5,107,123,23,2,250,104,192,36,818,5,41,133,24,0,483,156,420,102,1423,10,148,256,47,2,3047
SL050,34090808253,0,0,1,0,0,0,0,0,0,0,0,0,1,0,2,0,0,0,0,0,0,0,2,0,2,0,0,0,0,0,4
SL050,34090808254,14,5,20,2,15,2,0,0,2,1,13,3,13,1,31,0,0,0,0,0,27,8,33,3,46,2,0,0,2,1,122
SL050,34090808255,1,0,0,0,1,0,0,0,0,0,0,0,1,0,1,0,0,0,0,0,1,0,1,0,2,0,0,0,0,0,4
SL050,34090808256,5,0,2,0,6,1,0,0,0,0,6,3,0,0,8,0,0,2,0,1,11,3,2,0,14,1,0,2,0,1,34
SL050,34090808257,2,0,0,1,2,0,0,0,0,0,1,1,0,0,3,0,0,0,0,0,3,1,0,1,5,0,0,0,0,0,10
SL050,34090808258,6,1,0,1,21,1,1,0,0,0,7,2,0,0,18,0,0,1,0,0,13,3,0,1,39,1,1,1,0,0,59
SL050,34090808259,164,43,64,102,154,4,9,5,2,0,146,64,56,25,186,2,6,19,4,0,310,107,120,127,340,6,15,24,6,0,1055
SL050,34090808260,212,67,372,336,452,7,77,44,6,0,216,56,249,109,669,9,45,49,3,2,428,123,621,445,1121,16,122,93,9,2,2980
SL050,34090808261,84,45,14,11,47,3,4,11,6,0,106,69,12,3,73,1,3,8,3,2,190,114,26,14,120,4,7,19,9,2,505
SL050,34090808262,60,15,254,123,130,3,19,11,1,0,62,24,196,17,188,3,9,16,5,0,122,39,450,140,318,6,28,27,6,0,1136
SL050,34090808263,204,34,594,47,368,1,39,47,8,1,173,51,455,5,558,5,15,60,5,0,377,85,1049,52,926,6,54,107,13,1,2670
SL050,34090808264,107,76,29,12,154,15,3,14,10,2,121,96,24,5,184,12,4,12,11,4,228,172,53,17,338,27,7,26,21,6,895
SL050,34090808265,6,3,20,9,13,0,0,0,0,0,13,3,17,5,21,1,0,1,0,0,19,6,37,14,34,1,0,1,0,0,112
SL050,34090808266,560,234,362,115,1588,47,115,266,74,6,584,258,284,53,2134,53,62,457,63,3,1144,492,646,168,3722,100,177,723,137,9,7318
SL050,34090808267,84,37,29,62,101,2,20,5,3,0,69,37,24,12,163,4,3,8,1,0,153,74,53,74,264,6,23,13,4,0,664
SL050,34090808268,12,2,7,1,7,0,0,0,0,0,5,2,1,0,12,0,0,2,0,0,17,4,8,1,19,0,0,2,0,0,51
SL050,34090808269,15,15,16,6,31,1,0,0,1,0,29,23,13,5,47,2,3,7,3,0,44,38,29,11,78,3,3,7,4,0,217
SL050,34090808270,1766,234,164,49,1385,177,162,64,62,17,1478,281,141,46,1577,130,51,100,73,10,3244,515,305,95,2962,307,213,164,135,27,7967
SL050,34090808271,0,0,1,0,0,0,0,0,0,0,0,0,0,0,0,0,0,0,0,0,0,0,1,0,0,0,0,0,0,0,1
SL050,34090808272,1,2,0,0,0,0,0,0,0,0,0,1,0,0,6,0,0,0,0,0,1,3,0,0,6,0,0,0,0,0,10
SL050,34090808273,21,9,29,5,20,2,0,0,1,0,23,14,20,3,33,1,0,1,3,0,44,23,49,8,53,3,0,1,4,0,185
SL050,34090808274,41,10,42,3,102,1,13,4,0,0,52,6,32,7,134,0,3,11,3,0,93,16,74,10,236,1,16,15,3,0,464
SL050,34090808275,1,0,0,0,6,0,0,0,0,0,1,1,0,0,6,1,0,0,0,0,2,1,0,0,12,1,0,0,0,0,16
SL050,34090808276,10,0,0,2,7,3,1,0,0,0,6,0,0,0,7,3,0,0,0,0,16,0,0,2,14,6,1,0,0,0,39
SL050,34090808277,1,0,0,0,2,0,0,0,0,0,1,0,0,0,3,0,0,0,0,0,2,0,0,0,5,0,0,0,0,0,7
SL050,34090808278,89,9,79,23,54,1,17,2,1,1,101,22,65,11,71,2,13,15,5,1,190,31,144,34,125,3,30,17,6,2,582
SL050,34090808279,1635,401,6249,1105,6043,76,463,459,110,18,1645,569,5035,513,8252,92,179,531,77,9,3280,970,11284,1618,14295,168,642,990,187,27,33461
SL050,34090808280,0,0,1,1,3,0,0,0,0,0,3,0,1,0,2,0,0,0,0,0,3,0,2,1,5,0,0,0,0,0,11
SL050,34090808281,102,33,11,45,69,2,3,16,3,1,117,42,10,17,110,6,4,23,3,0,219,75,21,62,179,8,7,39,6,1,617
SL050,34090808282,70,24,15,11,102,10,3,8,5,1,72,35,11,5,137,8,2,16,6,0,142,59,26,16,239,18,5,24,11,1,541
SL050,34090808283,59,8,102,31,168,1,6,8,1,0,67,22,80,12,232,0,5,12,1,1,126,30,182,43,400,1,11,20,2,1,816
SL050,34090808284,252,46,146,148,296,9,13,13,2,0,261,78,116,44,410,8,6,21,7,1,513,124,262,192,706,17,19,34,9,1,1877
SL050,34090808285,100,23,480,190,168,2,7,41,3,0,109,39,343,62,241,2,4,45,3,0,209,62,823,252,409,4,11,86,6,0,1862
SL050,34090808286,33,5,13,2,30,0,0,2,0,0,33,4,11,2,54,0,0,2,0,0,66,9,24,4,84,0,0,4,0,0,191
SL050,34090808287,13,4,27,0,12,0,0,1,0,0,7,8,12,0,23,0,0,1,0,0,20,12,39,0,35,0,0,2,0,0,108
SL050,34090808288,37,11,94,2,31,1,0,0,1,0,26,12,65,0,48,1,0,0,1,0,63,23,159,2,79,2,0,0,2,0,330
SL050,34090808289,63,15,24,7,78,3,3,3,1,0,79,19,16,1,105,5,0,7,2,1,142,34,40,8,183,8,3,10,3,1,432
SL050,34090808290,15,1,5,2,15,2,0,0,0,0,9,7,3,0,19,1,1,1,0,1,24,8,8,2,34,3,1,1,0,1,82
SL050,34090808291,59,12,10,3,96,5,3,3,4,0,54,25,5,1,116,0,0,6,1,0,113,37,15,4,212,5,3,9,5,0,403
SL050,34090808292,4,16,26,0,28,0,4,0,0,0,11,16,8,0,27,0,0,1,1,0,15,32,34,0,55,0,4,1,1,0,142
SL050,34090808293,1,1,1,0,0,0,0,0,0,0,0,0,0,0,0,1,0,0,0,0,1,1,1,0,0,1,0,0,0,0,4
SL050,34090808294,66,4,3,8,40,2,1,0,0,0,53,11,6,3,68,2,0,2,1,0,119,15,9,11,108,4,1,2,1,0,270
SL050,34090808295,111,21,165,5,259,3,31,17,5,0,111,35,136,2,372,3,10,16,10,0,222,56,301,7,631,6,41,33,15,0,1312
SL050,34090808296,34,10,6,7,46,2,0,3,2,1,39,16,8,1,40,3,2,6,0,0,73,26,14,8,86,5,2,9,2,1,226
SL050,34090808297,3,1,0,0,1,0,0,0,0,0,0,2,0,0,1,0,0,0,0,0,3,3,0,0,2,0,0,0,0,0,8
SL050,34090808298,653,125,1666,2127,1208,16,967,251,40,3,666,214,1393,988,1576,20,480,291,35,3,1319,339,3059,3115,2784,36,1447,542,75,6,12722
SL050,34090808299,2,0,0,0,2,0,0,0,0,0,3,0,0,0,1,0,0,0,0,0,5,0,0,0,3,0,0,0,0,0,8
SL050,34090808300,52,10,13,6,59,1,2,2,1,0,34,17,15,5,102,2,4,13,2,1,86,27,28,11,161,3,6,15,3,1,341
SL050,34090808301,450,104,1129,76,1186,16,234,161,18,2,478,147,844,36,1648,9,109,185,23,2,928,251,1973,112,2834,25,343,346,41,4,6857
SL050,34090808302,96,28,212,13,120,2,4,11,0,0,92,39,175,7,174,0,1,16,0,1,188,67,387,20,294,2,5,27,0,1,991
SL050,34090808303,3,0,0,0,1,0,1,0,0,0,1,1,0,0,3,0,0,0,1,0,4,1,0,0,4,0,1,0,1,0,11
SL050,34090808304,7,11,10,10,8,0,0,0,1,0,8,12,14,0,9,0,0,0,0,0,15,23,24,10,17,0,0,0,1,0,90
SL050,34090808305,331,105,1544,184,1241,11,141,75,15,1,347,160,1181,105,1580,17,83,105,21,1,678,265,2725,289,2821,28,224,180,36,2,7248
SL050,34090808306,6,0,11,3,11,0,0,1,0,0,9,1,1,2,10,0,0,3,0,0,15,1,12,5,21,0,0,4,0,0,58
SL050,34090808307,1073,236,1116,164,1717,37,163,114,48,11,1021,288,864,75,2216,42,49,174,44,6,2094,524,1980,239,3933,79,212,288,92,17,9458
SL050,34090808308,0,0,0,0,1,0,0,0,0,0,0,0,0,0,1,0,0,0,0,0,0,0,0,0,2,0,0,0,0,0,2
SL050,34090808901,8,1,1,0,3,0,0,0,0,0,5,0,0,0,7,0,0,0,0,0,13,1,1,0,10,0,0,0,0,0,25
SL050,34090808902,42,9,4,6,48,4,3,2,6,0,50,25,3,1,87,4,1,10,7,0,92,34,7,7,135,8,4,12,13,0,312
SL050,34090808903,0,0,0,0,1,0,0,0,0,0,1,0,0,0,2,0,0,0,0,0,1,0,0,0,3,0,0,0,0,0,4
SL050,34090808904,38,20,224,35,145,2,3,16,2,0,63,37,178,38,232,1,2,18,2,0,101,57,402,73,377,3,5,34,4,0,1056
SL050,34090808905,26,0,15,2,53,1,2,1,1,1,33,4,13,4,94,1,0,11,0,0,59,4,28,6,147,2,2,12,1,1,262
SL050,34070909001,0,0,0,0,0,0,0,0,0,0,0,0,0,0,0,0,0,1,0,0,0,0,0,0,0,0,0,1,0,0,1
SL050,34070909003,8,0,0,0,2,0,0,0,0,0,3,0,0,0,3,0,0,0,0,0,11,0,0,0,5,0,0,0,0,0,16
SL050,34070909007,2,0,0,0,0,0,0,0,0,0,2,0,0,0,1,0,0,0,0,0,4,0,0,0,1,0,0,0,0,0,5
SL050,34070909009,1,1,0,0,0,0,0,0,0,0,0,0,0,0,3,0,0,0,0,0,1,1,0,0,3,0,0,0,0,0,5
SL050,34070909010,0,0,0,0,1,0,0,0,0,0,0,0,0,0,0,0,0,0,0,0,0,0,0,0,1,0,0,0,0,0,1
SL050,34070909011,0,0,0,0,0,0,0,0,0,0,1,0,0,0,1,0,0,0,0,0,1,0,0,0,1,0,0,0,0,0,2
SL050,34070909012,0,0,0,0,0,0,0,0,0,0,0,0,0,0,0,0,0,0,1,0,0,0,0,0,0,0,0,0,1,0,1
SL050,34070909013,3,0,0,0,0,0,0,0,0,0,1,0,0,0,0,0,0,0,0,0,4,0,0,0,0,0,0,0,0,0,4
SL050,34070909014,1,0,1,0,0,0,0,0,0,0,0,0,0,0,0,0,0,0,0,0,1,0,1,0,0,0,0,0,0,0,2
SL050,34070909016,1,0,0,0,0,0,0,0,0,0,1,0,0,0,2,0,0,0,0,0,2,0,0,0,2,0,0,0,0,0,4
SL050,34070909017,3,0,21,0,0,0,0,0,0,0,2,0,12,1,0,0,0,0,0,0,5,0,33,1,0,0,0,0,0,0,39
SL050,34070909018,547,57,292,73,670,6,12,39,7,1,547,66,197,43,1154,8,8,44,13,0,1094,123,489,116,1824,14,20,83,20,1,3784
SL050,34070909019,2,0,0,0,3,0,0,0,0,0,1,0,0,0,4,0,0,0,0,0,3,0,0,0,7,0,0,0,0,0,10
SL050,34070909020,27,0,0,0,3,0,0,0,0,0,19,0,0,0,8,0,0,0,0,0,46,0,0,0,11,0,0,0,0,0,57
SL050,34070909021,0,0,0,0,1,0,0,0,0,0,0,0,0,0,2,0,0,0,0,0,0,0,0,0,3,0,0,0,0,0,3
SL050,34070909022,3,0,0,0,0,0,0,0,0,0,5,0,0,0,2,0,0,0,0,0,8,0,0,0,2,0,0,0,0,0,10
SL050,34070909023,16,2,1,1,11,0,0,0,0,1,13,2,1,0,21,0,0,0,0,0,29,4,2,1,32,0,0,0,0,1,69
SL050,34070909024,2,0,2,0,4,0,0,0,0,0,2,0,3,0,3,0,0,0,0,0,4,0,5,0,7,0,0,0,0,0,16
SL050,34070909025,2,0,1,0,1,0,0,0,0,0,0,0,1,0,1,0,0,0,0,0,2,0,2,0,2,0,0,0,0,0,6
SL050,34070909026,4,0,2,0,1,0,0,0,0,0,1,2,0,0,2,0,0,1,0,0,5,2,2,0,3,0,0,1,0,0,13
SL050,34070909027,0,0,0,0,0,0,0,0,0,0,1,0,0,0,0,0,0,0,0,0,1,0,0,0,0,0,0,0,0,0,1
SL050,34070909029,3,0,0,0,2,0,0,0,0,0,1,0,0,0,3,0,0,0,0,0,4,0,0,0,5,0,0,0,0,0,9
SL050,34070909030,0,2,1,0,1,0,0,0,0,0,0,1,0,0,1,0,0,0,0,0,0,3,1,0,2,0,0,0,0,0,6
SL050,34070909032,0,0,0,0,0,0,0,0,0,0,0,0,0,0,1,0,0,0,0,0,0,0,0,0,1,0,0,0,0,0,1
SL050,34070909033,0,0,0,0,0,0,0,0,0,0,0,0,0,0,1,0,0,0,0,0,0,0,0,0,1,0,0,0,0,0,1
SL050,34070909034,2,0,2,0,5,0,0,0,0,0,4,1,2,0,5,0,0,0,0,0,6,1,4,0,10,0,0,0,0,0,21
SL050,34070909035,4,0,0,0,3,0,0,0,0,0,3,0,0,0,9,0,0,0,0,0,7,0,0,0,12,0,0,0,0,0,19
SL050,34070909037,1,0,0,0,0,0,0,0,0,0,0,0,0,0,0,0,0,0,0,0,1,0,0,0,0,0,0,0,0,0,1
SL050,34070909038,13,0,0,0,0,0,0,0,0,0,12,0,1,0,2,0,0,0,0,0,25,0,1,0,2,0,0,0,0,0,28
SL050,34070909039,3,0,0,0,1,0,0,0,0,0,5,0,0,0,2,0,0,0,0,0,8,0,0,0,3,0,0,0,0,0,11
SL050,34070909043,0,0,0,0,5,0,0,0,0,0,0,0,0,0,3,0,0,0,0,0,0,0,0,0,8,0,0,0,0,0,8
SL050,34070909044,1,0,0,0,0,0,0,0,0,0,1,0,0,0,0,0,0,0,0,0,2,0,0,0,0,0,0,0,0,0,2
SL050,34070909045,3,0,1,0,0,1,0,0,0,0,1,0,0,0,0,0,0,0,0,0,4,0,1,0,0,1,0,0,0,0,6
SL050,34070909047,0,0,1,0,0,0,0,0,0,0,0,0,1,0,0,0,0,0,0,0,0,0,2,0,0,0,0,0,0,0,2
SL050,34070909048,93,16,3,1,20,1,0,0,1,0,86,13,3,0,36,0,0,1,0,0,179,29,6,1,56,1,0,1,1,0,274
SL050,34070909051,1,0,1,1,1,0,0,0,0,0,1,0,2,0,0,0,0,0,0,0,2,0,3,1,1,0,0,0,0,0,7
SL050,34070909052,1,0,0,0,0,0,0,0,0,0,0,0,0,0,0,0,0,0,0,0,1,0,0,0,0,0,0,0,0,0,1
SL050,34070909054,0,1,0,0,0,0,0,0,0,0,0,0,0,0,0,0,0,0,0,0,0,1,0,0,0,0,0,0,0,0,1
SL050,34070909055,1,0,0,0,0,0,0,0,0,0,0,0,0,0,0,0,0,0,0,0,1,0,0,0,0,0,0,0,0,0,1
SL050,34070909056,279,10,136,3,69,1,4,5,2,0,244,7,93,2,155,0,0,6,0,0,523,17,229,5,224,1,4,11,2,0,1016
SL050,34070909057,0,0,0,0,1,0,0,0,0,0,1,0,0,0,0,0,0,0,0,0,1,0,0,0,1,0,0,0,0,0,2
SL050,34070909058,13,1,0,0,4,0,0,2,0,1,10,0,0,0,5,0,0,0,0,0,23,1,0,0,9,0,0,2,0,1,36
SL050,34070909059,3075,233,784,435,2897,54,273,139,45,14,2987,342,580,218,4363,55,120,220,50,9,6062,575,1364,653,7260,109,393,359,95,23,16893
SL050,34070909060,2,0,1,0,0,0,0,0,0,0,2,0,0,0,0,0,0,0,0,0,4,0,1,0,0,0,0,0,0,0,5
SL050,34070909061,8,0,0,0,0,0,0,0,0,0,4,0,0,0,0,0,0,0,0,0,12,0,0,0,0,0,0,0,0,0,12
SL050,34070909062,0,0,0,0,0,0,0,0,0,0,0,0,0,0,1,0,0,0,0,0,0,0,0,0,1,0,0,0,0,0,1
SL050,34070909063,1,1,1,0,0,0,0,0,0,0,3,1,0,0,2,0,0,0,0,0,4,2,1,0,2,0,0,0,0,0,9
SL050,34070909064,39,2,2,0,0,0,0,0,0,0,48,1,1,0,1,1,0,0,0,0,87,3,3,0,1,1,0,0,0,0,95
SL050,34070909065,3,0,5,0,0,0,0,0,0,0,2,0,0,0,0,0,0,0,0,0,5,0,5,0,0,0,0,0,0,0,10
SL050,34070909067,8,0,0,0,0,0,0,0,0,0,8,0,0,1,2,0,0,0,0,0,16,0,0,1,2,0,0,0,0,0,19
SL050,34070909071,0,0,0,0,0,0,0,0,0,0,0,1,0,0,0,0,0,0,0,0,0,1,0,0,0,0,0,0,0,0,1
SL050,34070909072,8,1,0,0,4,0,0,0,0,0,7,0,1,1,10,0,0,0,0,0,15,1,1,1,14,0,0,0,0,0,32
SL050,34070909073,24,1,0,0,11,0,0,0,0,0,19,0,2,0,20,4,0,2,0,0,43,1,2,0,31,4,0,2,0,0,83
SL050,34070909074,12,1,5,0,7,1,0,0,0,0,10,4,4,0,10,1,0,1,0,0,22,5,9,0,17,2,0,1,0,0,56
SL050,34070909075,1,0,0,0,4,0,0,0,0,0,0,0,0,0,1,0,0,0,0,0,1,0,0,0,5,0,0,0,0,0,6
SL050,34070909078,0,0,0,0,0,0,0,0,0,0,0,0,0,0,1,0,0,0,0,0,0,0,0,0,1,0,0,0,0,0,1
SL050,34070909082,0,0,0,0,1,0,0,0,0,0,0,0,1,0,0,0,0,0,0,0,0,0,1,0,1,0,0,0,0,0,2
SL050,34070909084,3,0,0,0,1,0,0,0,0,0,1,0,0,0,2,0,0,0,0,0,4,0,0,0,3,0,0,0,0,0,7
SL050,34070909085,23,0,5,1,7,0,0,0,0,0,18,0,1,0,9,0,0,1,0,0,41,0,6,1,16,0,0,1,0,0,65
SL050,34070909086,8,4,1,0,15,1,0,0,0,0,6,3,0,1,13,0,0,1,0,0,14,7,1,1,28,1,0,1,0,0,53
SL050,34070909091,7,0,16,0,0,0,0,0,0,0,7,1,12,3,2,0,0,0,0,0,14,1,28,3,2,0,0,0,0,0,48
SL050,34070909093,0,0,0,0,0,0,0,0,0,0,0,0,1,0,4,0,0,0,0,0,0,0,1,0,4,0,0,0,0,0,5
SL050,34070909095,0,0,0,0,1,0,0,0,0,0,0,0,0,0,0,0,0,0,0,0,0,0,0,0,1,0,0,0,0,0,1
SL050,34070909098,14,0,3,0,0,0,0,0,0,0,26,0,2,0,4,0,0,0,0,0,40,0,5,0,4,0,0,0,0,0,49
SL050,34070909100,1,0,0,0,0,0,0,0,0,0,1,0,0,0,0,0,0,0,0,0,2,0,0,0,0,0,0,0,0,0,2
SL050,34070909101,1,0,0,0,0,0,0,0,0,0,2,0,0,0,0,0,0,0,0,0,3,0,0,0,0,0,0,0,0,0,3
SL050,34070909103,7,0,1,0,0,0,0,0,0,0,6,0,1,0,0,0,0,0,0,0,13,0,2,0,0,0,0,0,0,0,15
SL050,34070909105,0,0,1,0,0,0,0,0,0,0,0,0,0,0,0,0,0,0,0,0,0,0,1,0,0,0,0,0,0,0,1
SL050,34070909108,8,1,3,1,10,0,0,0,0,0,11,0,1,0,22,1,0,0,0,0,19,1,4,1,32,1,0,0,0,0,58
SL050,34070909109,9,2,2,0,15,0,0,0,0,0,8,3,2,1,15,0,1,3,0,0,17,5,4,1,30,0,1,3,0,0,61
SL050,34070909110,1,0,0,0,0,0,0,0,0,0,1,0,1,0,0,0,0,0,0,0,2,0,1,0,0,0,0,0,0,0,3
SL050,34070909112,1,0,0,0,0,0,0,0,0,0,0,0,0,0,1,0,0,0,0,0,1,0,0,0,1,0,0,0,0,0,2
SL050,34070909113,8,2,3,0,3,1,0,0,1,0,7,0,5,2,3,1,0,0,1,2,15,2,8,2,6,2,0,0,2,2,39
SL050,34070909114,0,0,2,0,3,0,0,0,0,0,0,0,2,0,3,0,0,0,0,0,0,0,4,0,6,0,0,0,0,0,10
SL050,34070909115,0,0,0,0,1,0,0,0,0,0,2,0,0,0,2,0,0,0,0,0,2,0,0,0,3,0,0,0,0,0,5
SL050,34070909117,5,0,0,0,0,0,0,0,0,0,8,0,0,0,2,0,0,0,0,0,13,0,0,0,2,0,0,0,0,0,15
SL050,34070909119,1,0,0,0,0,0,0,0,0,0,1,0,0,0,2,0,0,0,0,0,2,0,0,0,2,0,0,0,0,0,4
SL050,34070909120,0,0,1,0,0,0,0,0,0,0,0,0,1,0,0,0,0,0,0,0,0,0,2,0,0,0,0,0,0,0,2
SL050,34070909122,1,0,3,0,0,0,0,0,0,0,1,0,1,0,0,0,0,0,0,0,2,0,4,0,0,0,0,0,0,0,6
SL050,34070909123,0,0,0,0,2,0,0,0,0,0,0,0,0,0,1,0,0,0,0,0,0,0,0,0,3,0,0,0,0,0,3
SL050,34070909124,14,0,0,1,5,1,0,1,0,0,11,0,0,0,8,0,0,3,0,0,25,0,0,1,13,1,0,4,0,0,44
SL050,34070909125,5,0,0,0,3,0,0,0,0,0,4,0,0,0,3,0,0,0,0,0,9,0,0,0,6,0,0,0,0,0,15
SL050,34070909127,1,0,0,0,0,0,0,0,0,0,0,0,0,0,0,0,0,0,0,0,1,0,0,0,0,0,0,0,0,0,1
SL050,34070909128,0,0,0,0,0,0,0,0,0,0,0,0,0,0,1,0,0,0,0,0,0,0,0,0,1,0,0,0,0,0,1
SL050,34070909129,1,0,0,0,1,0,0,0,0,0,0,0,0,0,2,0,0,0,0,0,1,0,0,0,3,0,0,0,0,0,4
SL050,34070909130,0,0,0,0,1,0,0,0,0,0,1,0,0,0,1,0,0,0,0,0,1,0,0,0,2,0,0,0,0,0,3
SL050,34070909131,11,0,16,0,6,0,0,0,1,0,12,0,14,0,13,0,0,0,1,0,23,0,30,0,19,0,0,0,2,0,74
SL050,34070909132,1,0,0,0,3,0,0,0,0,0,4,0,0,0,0,0,0,0,0,0,5,0,0,0,3,0,0,0,0,0,8
SL050,34070909134,1,0,1,0,0,0,0,0,0,0,5,0,1,1,7,0,0,0,0,0,6,0,2,1,7,0,0,0,0,0,16
SL050,34070909135,3,0,0,0,0,0,0,0,0,0,2,0,0,0,0,0,0,0,0,0,5,0,0,0,0,0,0,0,0,0,5
SL050,34070909136,5,1,5,0,0,0,0,0,0,0,7,0,6,0,3,0,0,0,0,0,12,1,11,0,3,0,0,0,0,0,27
SL050,34070909137,11,0,1,0,2,1,0,0,0,0,13,0,0,0,8,0,0,0,0,0,24,0,1,0,10,1,0,0,0,0,36
SL050,34070909138,3,0,0,0,0,0,0,0,0,0,2,0,0,0,0,0,0,0,0,0,5,0,0,0,0,0,0,0,0,0,5
SL050,34070909139,0,0,0,0,0,0,0,0,0,0,0,0,0,0,1,0,0,0,0,0,0,0,0,0,1,0,0,0,0,0,1
SL050,34070909140,1,0,1,0,0,0,0,0,0,0,2,0,2,0,3,1,0,0,0,0,3,0,3,0,3,1,0,0,0,0,10
SL050,34070909141,7,0,0,0,5,0,0,0,0,0,8,1,0,0,13,0,0,0,0,0,15,1,0,0,18,0,0,0,0,0,34
SL050,34070909143,0,0,0,0,1,0,0,0,0,0,1,0,0,0,4,0,0,0,0,0,1,0,0,0,5,0,0,0,0,0,6
SL050,34070909144,0,0,0,0,0,0,0,0,0,0,1,0,0,0,0,0,0,0,0,0,1,0,0,0,0,0,0,0,0,0,1
SL050,34070909148,0,0,4,0,0,0,0,0,0,0,1,0,5,0,0,0,0,0,0,0,1,0,9,0,0,0,0,0,0,0,10
SL050,34070909149,0,0,0,0,2,0,0,0,0,0,0,0,0,0,0,0,0,0,0,0,0,0,0,0,2,0,0,0,0,0,2
SL050,34070909151,7,0,0,0,6,0,0,0,0,0,9,0,0,0,5,0,0,1,0,0,16,0,0,0,11,0,0,1,0,0,28
SL050,34070909152,27,0,6,0,1,0,0,0,0,0,26,0,4,0,3,0,0,0,0,0,53,0,10,0,4,0,0,0,0,0,67
SL050,34070909154,2,0,0,0,1,0,0,0,0,0,1,0,0,0,4,0,0,0,0,0,3,0,0,0,5,0,0,0,0,0,8
SL050,34070909159,1,0,5,0,4,0,0,0,0,0,0,0,2,0,2,0,0,0,0,0,1,0,7,0,6,0,0,0,0,0,14
SL050,34070909160,1,0,0,0,0,0,0,0,0,0,0,0,0,0,0,0,0,0,0,0,1,0,0,0,0,0,0,0,0,0,1
SL050,34070909162,3,0,2,1,0,0,0,0,0,0,2,0,2,0,1,0,0,0,0,0,5,0,4,1,1,0,0,0,0,0,11
SL050,34070909163,16,2,10,0,7,0,0,0,0,0,13,0,5,0,10,1,0,0,0,0,29,2,15,0,17,1,0,0,0,0,64
SL050,34070909164,10,0,0,0,1,0,0,0,0,0,9,0,0,0,2,0,0,0,0,0,19,0,0,0,3,0,0,0,0,0,22
SL050,34070909167,0,0,0,0,0,0,0,1,0,0,0,0,0,0,0,0,0,0,0,0,0,0,0,0,0,0,0,1,0,0,1
SL050,34070909168,5,1,7,0,2,0,0,0,0,0,5,1,9,0,3,0,0,0,0,0,10,2,16,0,5,0,0,0,0,0,33
SL050,34070909169,0,0,0,0,0,0,0,0,0,0,0,1,0,0,0,0,0,0,0,0,0,1,0,0,0,0,0,0,0,0,1
SL050,34070909170,2,0,0,0,0,0,0,0,0,0,1,0,0,0,3,0,0,0,0,0,3,0,0,0,3,0,0,0,0,0,6
SL050,34070909172,0,0,1,0,0,0,0,0,1,0,0,0,1,0,1,0,0,0,0,0,0,0,2,0,1,0,0,0,1,0,4
SL050,34070909173,2,0,0,0,0,0,0,0,0,0,0,0,0,0,0,0,0,0,0,0,2,0,0,0,0,0,0,0,0,0,2
SL050,34070909174,28,0,0,1,7,0,0,0,0,0,19,1,0,0,12,0,0,0,0,0,47,1,0,1,19,0,0,0,0,0,68
SL050,34070909176,1,0,0,0,0,0,0,0,0,0,0,0,0,0,0,0,0,0,0,0,1,0,0,0,0,0,0,0,0,0,1
SL050,34070909177,23,2,3,1,10,0,0,0,0,0,18,0,2,1,18,0,0,0,1,0,41,2,5,2,28,0,0,0,1,0,79
SL050,34070909180,0,0,3,0,0,0,0,0,0,0,0,0,2,0,0,0,0,0,0,0,0,0,5,0,0,0,0,0,0,0,5
SL050,34070909181,1,0,0,0,0,0,0,0,0,0,1,0,0,0,2,0,0,0,0,0,2,0,0,0,2,0,0,0,0,0,4
SL050,34070909182,0,0,0,0,0,0,0,0,0,0,1,0,0,0,0,0,0,0,0,0,1,0,0,0,0,0,0,0,0,0,1
SL050,34070909183,0,0,0,0,1,0,0,0,0,0,0,0,0,0,1,0,0,0,0,0,0,0,0,0,2,0,0,0,0,0,2
SL050,34070909189,0,0,0,0,0,0,0,0,0,0,1,0,0,0,1,0,0,0,0,0,1,0,0,0,1,0,0,0,0,0,2
SL050,34070909190,0,0,0,0,2,0,0,0,0,0,0,0,0,0,0,0,0,0,0,0,0,0,0,0,2,0,0,0,0,0,2
SL050,34070909194,81,2,10,0,16,0,0,1,0,0,64,2,16,1,54,0,0,2,0,0,145,4,26,1,70,0,0,3,0,0,249
SL050,34070909195,1,0,0,0,0,0,0,0,0,0,0,0,0,0,1,0,0,0,0,0,1,0,0,0,1,0,0,0,0,0,2
SL050,34070909196,0,0,0,0,1,0,0,0,0,0,1,0,0,0,0,0,0,0,0,0,1,0,0,0,1,0,0,0,0,0,2
SL050,34070909197,10,0,0,0,2,0,0,0,0,0,6,0,0,0,1,0,0,0,0,0,16,0,0,0,3,0,0,0,0,0,19
SL050,34070909198,1,0,0,0,0,0,0,0,0,0,1,0,0,0,1,0,0,0,0,0,2,0,0,0,1,0,0,0,0,0,3
SL050,34070909199,3,0,0,0,0,0,0,0,0,0,2,0,0,0,0,0,0,0,0,0,5,0,0,0,0,0,0,0,0,0,5
SL050,34070909201,0,0,0,0,0,0,0,0,0,0,1,0,1,0,0,0,0,0,0,0,1,0,1,0,0,0,0,0,0,0,2
SL050,34070909206,0,0,0,0,0,0,0,0,0,0,0,0,0,0,1,0,0,0,0,0,0,0,0,0,1,0,0,0,0,0,1
SL050,34070909208,2,0,1,0,0,0,0,0,0,0,2,0,2,0,0,0,0,0,0,0,4,0,3,0,0,0,0,0,0,0,7
SL050,34070909209,227,1,11,7,51,2,2,8,2,0,186,10,6,1,98,2,2,11,1,0,413,11,17,8,149,4,4,19,3,0,628
SL050,34070909211,29,0,19,0,5,0,0,3,0,0,35,1,8,0,13,0,0,0,0,1,64,1,27,0,18,0,0,3,0,1,114
SL050,34070909213,5,0,0,0,0,0,0,0,0,0,2,0,0,0,4,0,0,0,0,0,7,0,0,0,4,0,0,0,0,0,11
SL050,34070909214,8,1,5,0,12,0,0,0,0,0,6,0,3,0,12,0,0,0,0,1,14,1,8,0,24,0,0,0,0,1,48
SL050,34070909215,7,0,2,0,1,0,0,0,0,0,10,0,2,1,2,0,0,1,0,0,17,0,4,1,3,0,0,1,0,0,26
SL050,34070909216,7,0,1,0,2,1,0,0,0,0,11,2,1,0,3,0,0,0,0,0,18,2,2,0,5,1,0,0,0,0,28
SL050,34070909217,5,1,0,0,4,0,0,0,0,0,3,0,0,0,4,0,0,1,0,0,8,1,0,0,8,0,0,1,0,0,18
SL050,34070909218,10,0,0,1,4,0,0,0,0,0,10,0,0,1,12,0,0,0,0,1,20,0,0,2,16,0,0,0,0,1,39
SL050,34070909219,955,37,284,94,507,11,32,29,1,1,685,58,195,54,866,11,6,46,3,0,1640,95,479,148,1373,22,38,75,4,1,3875
SL050,34070909220,1,0,0,0,0,0,0,0,0,0,1,0,0,0,0,0,0,0,0,0,2,0,0,0,0,0,0,0,0,0,2
SL050,34070909221,17,1,0,1,6,0,0,0,0,0,18,0,0,0,11,1,0,0,0,0,35,1,0,1,17,1,0,0,0,0,55
SL050,34070909223,0,0,0,0,0,0,0,0,0,0,0,0,0,0,1,0,0,0,0,0,0,0,0,0,1,0,0,0,0,0,1
SL050,34070909224,3,0,0,0,0,0,0,0,0,0,0,0,0,0,1,2,0,0,0,0,3,0,0,0,1,2,0,0,0,0,6
SL050,34070909225,1,0,0,0,0,0,0,0,0,0,0,0,0,0,0,1,0,1,0,0,1,0,0,0,0,1,0,1,0,0,3
SL050,34070909227,8,0,3,0,1,0,0,0,0,0,11,0,2,0,2,0,0,0,0,0,19,0,5,0,3,0,0,0,0,0,27
SL050,34070909228,1,0,0,1,0,0,0,0,0,0,3,0,0,0,0,0,0,0,0,0,4,0,0,1,0,0,0,0,0,0,5
SL050,34070909229,11,0,0,0,0,0,0,0,0,0,10,0,0,0,1,0,0,0,0,0,21,0,0,0,1,0,0,0,0,0,22
SL050,34070909232,2,0,5,0,1,0,0,0,0,0,1,0,3,0,2,0,0,0,0,0,3,0,8,0,3,0,0,0,0,0,14
SL050,34070909235,5,1,18,0,0,0,0,0,0,0,3,0,4,0,3,0,0,0,0,0,8,1,22,0,3,0,0,0,0,0,34
SL050,34070909238,4,1,2,4,4,0,0,0,0,0,3,3,3,1,7,0,0,0,0,0,7,4,5,5,11,0,0,0,0,0,32
SL050,34070909239,2,0,0,0,0,0,0,0,0,0,1,0,0,0,0,0,0,0,0,0,3,0,0,0,0,0,0,0,0,0,3
SL050,34070909241,14,0,0,0,14,0,0,0,0,0,9,0,0,0,16,0,0,0,1,0,23,0,0,0,30,0,0,0,1,0,54
SL050,34070909242,2,0,1,0,1,0,0,0,0,0,2,0,0,0,0,0,0,0,0,0,4,0,1,0,1,0,0,0,0,0,6
SL050,34070909244,1,0,0,0,0,0,0,0,0,0,3,0,0,0,0,0,0,0,0,0,4,0,0,0,0,0,0,0,0,0,4
SL050,34070909246,14,1,0,0,13,0,7,0,0,3,14,0,0,0,21,0,6,0,0,0,28,1,0,0,34,0,13,0,0,3,79
SL050,34070909250,2,0,1,2,1,1,0,0,0,0,2,0,2,2,1,0,0,0,0,0,4,0,3,4,2,1,0,0,0,0,14
SL050,34070909251,8,0,0,1,5,0,0,0,0,0,8,0,0,2,10,0,0,0,0,0,16,0,0,3,15,0,0,0,0,0,34
SL050,34070909253,1,0,2,0,0,0,0,0,0,0,0,0,0,0,0,0,0,0,0,0,1,0,2,0,0,0,0,0,0,0,3
SL050,34070909255,0,0,0,0,1,0,0,0,0,0,0,0,0,0,2,0,0,0,0,0,0,0,0,0,3,0,0,0,0,0,3
SL050,34070909256,9,0,45,0,1,0,0,0,0,0,7,0,6,0,1,0,0,1,0,0,16,0,51,0,2,0,0,1,0,0,70
SL050,34070909257,0,2,0,0,0,0,0,0,0,0,0,1,0,0,0,0,0,0,0,0,0,3,0,0,0,0,0,0,0,0,3
SL050,34070909258,0,0,1,0,1,0,0,0,0,0,0,0,0,0,0,0,0,0,0,0,0,0,1,0,1,0,0,0,0,0,2
SL050,34070909259,0,0,0,0,7,0,0,0,0,0,1,0,0,0,5,0,0,0,0,0,1,0,0,0,12,0,0,0,0,0,13
SL050,34070909261,9,1,0,1,1,0,0,0,0,0,10,1,0,4,2,0,0,0,0,0,19,2,0,5,3,0,0,0,0,0,29
SL050,34070909262,0,0,0,0,1,0,0,0,0,0,1,0,0,0,3,0,0,0,0,0,1,0,0,0,4,0,0,0,0,0,5
SL050,34070909265,1,0,0,0,0,0,0,0,0,0,0,1,1,0,0,0,0,0,0,0,1,1,1,0,0,0,0,0,0,0,3
SL050,34070909266,2,0,0,0,0,0,0,0,0,0,3,0,0,0,1,0,0,0,0,0,5,0,0,0,1,0,0,0,0,0,6
SL050,34070909268,3,0,5,0,0,0,0,0,0,0,2,1,3,0,1,0,0,0,0,0,5,1,8,0,1,0,0,0,0,0,15
SL050,34070909269,1,0,0,0,0,0,0,0,0,0,2,0,0,0,0,1,0,0,0,0,3,0,0,0,0,1,0,0,0,0,4
SL050,34070909270,2,0,0,0,0,0,0,0,0,0,2,0,0,0,1,0,0,0,0,0,4,0,0,0,1,0,0,0,0,0,5
SL050,34070909272,3,1,0,1,0,0,0,0,0,0,8,0,0,0,3,0,0,0,0,0,11,1,0,1,3,0,0,0,0,0,16
SL050,34070909274,11,0,2,0,4,0,0,1,0,0,12,0,0,0,10,1,0,0,0,0,23,0,2,0,14,1,0,1,0,0,41
SL050,34070909275,3,0,0,0,1,0,0,0,0,0,0,0,0,0,0,0,0,0,0,0,3,0,0,0,1,0,0,0,0,0,4
SL050,34070909276,11,2,1,0,6,1,0,0,0,0,10,1,0,0,14,0,0,0,0,0,21,3,1,0,20,1,0,0,0,0,46
SL050,34070909277,1,0,0,0,0,0,0,0,0,0,0,0,0,0,0,0,0,0,0,0,1,0,0,0,0,0,0,0,0,0,1
SL050,34070909279,31,0,0,0,1,0,0,0,0,0,15,0,1,0,1,0,0,0,0,0,46,0,1,0,2,0,0,0,0,0,49
SL050,34070909281,2,0,1,0,0,0,0,0,0,0,2,0,0,0,0,1,0,0,0,0,4,0,1,0,0,1,0,0,0,0,6
SL050,34070909283,0,0,0,0,0,0,0,0,0,0,0,0,0,0,1,0,0,0,0,0,0,0,0,0,1,0,0,0,0,0,1
SL050,34070909287,4,0,1,0,3,0,0,0,0,0,6,1,0,0,3,0,0,1,0,0,10,1,1,0,6,0,0,1,0,0,19
SL050,34070909288,5,0,0,0,1,0,0,0,0,0,5,0,0,0,2,0,0,0,0,0,10,0,0,0,3,0,0,0,0,0,13
SL050,34070909289,63,4,3,0,7,0,0,0,0,0,69,0,4,1,20,0,0,0,0,1,132,4,7,1,27,0,0,0,0,1,172
SL050,34070909292,0,0,0,0,0,0,0,0,0,0,0,0,0,0,1,0,0,0,0,0,0,0,0,0,1,0,0,0,0,0,1
SL050,34070909294,0,0,0,0,1,0,0,0,0,0,1,0,0,0,0,0,0,0,0,0,1,0,0,0,1,0,0,0,0,0,2
SL050,34070909297,8,1,0,0,0,0,0,0,0,0,10,2,0,0,3,0,0,0,0,0,18,3,0,0,3,0,0,0,0,0,24
SL050,34070909298,2,0,0,0,0,0,0,0,0,0,3,0,0,0,0,0,0,0,0,0,5,0,0,0,0,0,0,0,0,0,5
SL050,34070909301,15,1,1,1,5,0,2,0,0,0,9,1,0,0,9,0,0,1,2,0,24,2,1,1,14,0,2,1,2,0,47
SL050,34070909302,1,0,0,0,1,0,0,0,0,0,0,0,1,0,0,0,0,0,0,0,1,0,1,0,1,0,0,0,0,0,3
SL050,34070909303,2,0,0,0,0,0,0,0,0,0,1,0,0,0,0,0,0,0,0,0,3,0,0,0,0,0,0,0,0,0,3
SL050,34070909304,0,0,0,0,2,0,0,0,0,0,1,0,0,0,4,0,0,0,0,0,1,0,0,0,6,0,0,0,0,0,7
SL050,34070909306,4,0,0,0,0,0,0,0,0,0,2,0,0,0,0,0,0,0,0,0,6,0,0,0,0,0,0,0,0,0,6
SL050,34070909307,0,0,3,0,2,0,0,0,0,0,0,0,1,0,4,0,0,0,0,0,0,0,4,0,6,0,0,0,0,0,10
SL050,34070909308,0,0,2,0,0,0,0,0,0,0,0,0,1,0,0,0,0,0,0,0,0,0,3,0,0,0,0,0,0,0,3
SL050,34070909309,18,0,0,0,1,0,0,0,0,0,9,1,0,1,1,0,0,0,0,0,27,1,0,1,2,0,0,0,0,0,31
SL050,34070909312,0,0,0,0,2,0,0,0,0,0,0,0,0,0,2,0,0,0,0,0,0,0,0,0,4,0,0,0,0,0,4
SL050,34070909315,19,0,3,0,11,0,0,0,0,0,12,0,1,1,10,0,0,1,0,0,31,0,4,1,21,0,0,1,0,0,58
SL050,34070909316,1,0,2,0,0,0,0,0,0,0,0,0,2,0,0,0,0,0,0,0,1,0,4,0,0,0,0,0,0,0,5
SL050,34070909317,0,0,0,0,0,0,0,1,0,0,0,0,0,0,0,0,0,0,0,0,0,0,0,0,0,0,0,1,0,0,1
SL050,34070909318,0,0,0,0,0,0,0,0,0,0,0,0,0,0,1,0,0,0,0,0,0,0,0,0,1,0,0,0,0,0,1
SL050,34070909321,124,2,5,0,4,0,0,1,0,0,115,3,2,0,13,0,0,1,0,0,239,5,7,0,17,0,0,2,0,0,270
SL050,34070909323,0,0,1,0,0,0,0,1,0,0,1,0,1,0,0,0,0,0,0,0,1,0,2,0,0,0,0,1,0,0,4
SL050,34070909325,0,0,0,0,5,0,0,0,0,0,1,0,0,0,2,0,0,0,0,0,1,0,0,0,7,0,0,0,0,0,8
SL050,34070909326,4,1,0,1,3,0,0,0,0,0,2,0,0,0,2,0,0,0,0,0,6,1,0,1,5,0,0,0,0,0,13
SL050,34070909328,0,0,0,0,0,0,0,0,0,0,0,0,0,1,0,0,0,0,0,0,0,0,0,1,0,0,0,0,0,0,1
SL050,34070909329,0,0,0,0,1,0,0,0,0,0,0,0,0,0,2,0,0,0,0,0,0,0,0,0,3,0,0,0,0,0,3
SL050,34070909330,95,0,21,0,21,1,0,1,0,0,87,5,12,2,38,0,0,1,0,0,182,5,33,2,59,1,0,2,0,0,284
SL050,34070909332,3,0,2,0,3,0,0,0,0,0,2,0,2,0,7,0,0,0,0,0,5,0,4,0,10,0,0,0,0,0,19
SL050,34070909334,0,0,0,0,1,0,0,0,0,0,0,0,0,0,1,0,0,0,0,0,0,0,0,0,2,0,0,0,0,0,2
SL050,34070909335,0,0,0,0,0,0,0,0,0,0,1,0,0,0,0,0,0,0,0,0,1,0,0,0,0,0,0,0,0,0,1
SL050,34070909337,5,0,0,0,2,0,0,0,0,0,8,0,0,0,4,0,0,0,0,1,13,0,0,0,6,0,0,0,0,1,20
SL050,34070909338,3,1,0,0,5,0,0,0,0,0,5,0,1,0,8,0,0,1,0,0,8,1,1,0,13,0,0,1,0,0,24
SL050,34070909339,7,0,0,0,4,0,0,0,0,0,3,0,0,0,2,0,0,0,0,0,10,0,0,0,6,0,0,0,0,0,16
SL050,34070909340,0,0,0,0,1,0,0,0,0,0,0,0,0,0,2,0,0,0,0,0,0,0,0,0,3,0,0,0,0,0,3
SL050,34070909343,1,0,0,0,0,0,0,0,0,0,1,0,1,0,0,0,0,0,0,0,2,0,1,0,0,0,0,0,0,0,3
SL050,34070909345,4,0,0,4,1,0,0,0,0,0,3,0,0,1,3,0,0,0,0,0,7,0,0,5,4,0,0,0,0,0,16
SL050,34070909346,0,0,0,0,0,0,0,0,0,0,1,0,0,0,0,0,0,0,0,0,1,0,0,0,0,0,0,0,0,0,1
SL050,34070909347,2,0,0,0,1,0,0,0,0,0,1,0,0,0,0,1,0,0,0,0,3,0,0,0,1,1,0,0,0,0,5
SL050,34070909348,0,0,0,0,0,0,0,0,0,0,0,0,0,0,2,0,0,0,0,0,0,0,0,0,2,0,0,0,0,0,2
SL050,34070909350,26,0,0,1,0,0,0,0,0,0,23,0,0,0,0,0,0,0,0,0,49,0,0,1,0,0,0,0,0,0,50
SL050,34070909351,0,0,0,0,0,0,0,0,0,0,0,0,0,0,1,0,0,0,0,0,0,0,0,0,1,0,0,0,0,0,1
SL050,34070909352,1,0,0,0,0,0,0,0,0,0,0,0,0,0,0,0,0,0,0,0,1,0,0,0,0,0,0,0,0,0,1
SL050,34070909353,4,0,0,0,1,0,0,0,0,0,6,0,0,0,0,0,0,0,0,0,10,0,0,0,1,0,0,0,0,0,11
SL050,34070909356,0,0,0,0,1,0,0,0,0,0,1,0,0,0,2,0,0,0,0,0,1,0,0,0,3,0,0,0,0,0,4
SL050,34070909358,3,0,1,1,2,0,0,0,0,0,8,1,0,0,4,0,0,0,0,0,11,1,1,1,6,0,0,0,0,0,20
SL050,34070909361,2,0,0,0,0,0,0,0,0,0,0,0,0,0,0,0,0,0,0,0,2,0,0,0,0,0,0,0,0,0,2
SL050,34070909362,0,0,1,0,2,0,0,0,0,0,0,0,0,0,3,0,0,0,0,0,0,0,1,0,5,0,0,0,0,0,6
SL050,34070909363,2,0,2,0,3,0,0,0,0,0,3,0,1,1,11,0,0,0,0,0,5,0,3,1,14,0,0,0,0,0,23
SL050,34070909365,0,0,1,0,0,0,0,0,0,0,0,0,0,0,2,0,0,0,0,0,0,0,1,0,2,0,0,0,0,0,3
SL050,34070909366,1,0,0,0,0,0,0,0,0,0,1,0,0,0,0,0,0,0,0,0,2,0,0,0,0,0,0,0,0,0,2
SL050,34070909368,0,0,1,0,0,0,0,0,0,0,0,0,1,0,0,0,0,0,0,0,0,0,2,0,0,0,0,0,0,0,2
SL050,34070909369,7,0,3,0,1,0,0,0,0,0,4,1,1,0,4,0,0,0,0,0,11,1,4,0,5,0,0,0,0,0,21
SL050,34070909372,2,0,1,0,1,0,0,0,0,0,2,0,1,0,0,1,0,1,0,0,4,0,2,0,1,1,0,1,0,0,9
SL050,34070909373,1,0,5,0,1,0,0,0,0,0,2,0,3,0,1,0,0,0,0,0,3,0,8,0,2,0,0,0,0,0,13
SL050,34070909374,0,0,0,0,1,0,0,0,0,0,0,0,0,0,1,0,0,0,0,0,0,0,0,0,2,0,0,0,0,0,2
SL050,34070909377,9,0,1,0,2,0,0,0,0,0,7,0,0,0,4,0,0,0,0,1,16,0,1,0,6,0,0,0,0,1,24
SL050,34070909378,0,0,1,0,0,0,0,0,0,0,0,0,0,0,0,0,0,0,0,0,0,0,1,0,0,0,0,0,0,0,1
SL050,34070909380,3,0,0,0,0,0,0,0,0,0,1,0,0,0,2,0,0,0,0,0,4,0,0,0,2,0,0,0,0,0,6
SL050,34070909381,2,0,0,0,0,0,0,0,0,0,1,0,0,0,0,0,0,0,0,0,3,0,0,0,0,0,0,0,0,0,3
SL050,34070909384,14,0,0,0,1,0,0,0,0,0,13,0,0,0,1,0,0,0,0,0,27,0,0,0,2,0,0,0,0,0,29
SL050,34070909386,0,0,0,0,0,0,0,0,0,0,0,0,0,0,1,0,0,0,0,0,0,0,0,0,1,0,0,0,0,0,1
SL050,34070909387,0,0,2,0,0,0,0,0,0,0,1,0,1,0,0,0,0,0,0,0,1,0,3,0,0,0,0,0,0,0,4
SL050,34070909388,0,0,0,0,0,0,0,0,0,0,1,0,0,0,0,0,0,0,0,0,1,0,0,0,0,0,0,0,0,0,1
SL050,34070909389,4,0,0,0,0,0,0,0,0,0,2,0,0,0,1,0,0,0,0,0,6,0,0,0,1,0,0,0,0,0,7
SL050,34070909390,13,0,0,0,5,0,0,0,0,0,15,0,0,0,6,0,0,0,0,0,28,0,0,0,11,0,0,0,0,0,39
SL050,34070909391,20,0,20,0,0,0,0,0,0,0,17,2,21,0,4,0,0,0,0,0,37,2,41,0,4,0,0,0,0,0,84
SL050,34070909392,1,0,0,0,0,0,0,0,0,0,0,0,0,0,0,0,0,0,0,0,1,0,0,0,0,0,0,0,0,0,1
SL050,34070909394,7,0,7,0,11,0,0,0,0,0,9,2,5,0,16,0,0,0,0,0,16,2,12,0,27,0,0,0,0,0,57
SL050,34070909395,0,0,1,0,0,0,0,0,0,0,0,0,0,0,3,0,0,0,0,0,0,0,1,0,3,0,0,0,0,0,4
SL050,34070909396,2,0,0,0,0,0,0,0,0,0,1,0,0,0,3,0,0,0,0,0,3,0,0,0,3,0,0,0,0,0,6
SL050,34070909400,2,0,0,0,9,0,0,0,0,0,3,0,0,0,8,0,0,0,0,0,5,0,0,0,17,0,0,0,0,0,22
SL050,34070909403,0,0,0,0,0,0,0,0,0,0,1,0,0,0,0,0,0,0,0,0,1,0,0,0,0,0,0,0,0,0,1
SL050,34070909405,0,0,0,0,0,0,0,0,0,0,0,0,0,0,1,0,0,0,0,0,0,0,0,0,1,0,0,0,0,0,1
SL050,34070909406,9,1,0,0,3,0,0,0,0,0,6,0,1,0,4,0,0,2,0,0,15,1,1,0,7,0,0,2,0,0,26
SL050,34070909409,4,0,0,0,6,0,0,0,0,0,2,0,0,0,6,0,0,0,0,0,6,0,0,0,12,0,0,0,0,0,18
SL050,34070909410,81,0,2,2,54,0,0,2,1,0,57,4,4,1,77,2,0,4,0,0,138,4,6,3,131,2,0,6,1,0,291
SL050,34070909411,0,0,3,0,0,0,0,0,0,0,0,0,2,0,3,0,0,0,0,0,0,0,5,0,3,0,0,0,0,0,8
SL050,34070909412,43,2,2,1,6,0,0,0,0,0,46,0,1,0,4,0,0,0,0,0,89,2,3,1,10,0,0,0,0,0,105
SL050,34070909413,6,0,4,0,1,0,0,0,0,0,5,2,2,0,6,0,0,0,0,0,11,2,6,0,7,0,0,0,0,0,26
SL050,34070909414,4,0,1,0,1,0,0,0,0,0,0,0,0,0,4,0,0,0,0,0,4,0,1,0,5,0,0,0,0,0,10
SL050,34070909415,5,0,3,0,1,1,0,0,0,0,7,0,0,0,10,1,0,0,0,0,12,0,3,0,11,2,0,0,0,0,28
SL050,34070909416,0,0,0,0,0,0,0,0,0,0,1,0,0,0,0,0,0,0,0,0,1,0,0,0,0,0,0,0,0,0,1
SL050,34070909419,1,0,0,0,0,0,0,0,0,0,3,0,0,0,1,0,0,0,0,0,4,0,0,0,1,0,0,0,0,0,5
SL050,34070909421,0,0,0,0,1,0,0,0,0,0,0,0,0,0,1,1,0,0,0,0,0,0,0,0,2,1,0,0,0,0,3
SL050,34070909422,1,0,0,0,0,0,0,0,0,0,0,0,0,1,0,0,0,0,0,0,1,0,0,1,0,0,0,0,0,0,2
SL050,34070909424,1,0,0,0,2,0,0,0,0,0,1,0,0,0,2,0,0,0,0,0,2,0,0,0,4,0,0,0,0,0,6
SL050,34070909425,5,0,3,0,7,0,0,0,0,0,6,1,2,0,6,0,0,0,0,0,11,1,5,0,13,0,0,0,0,0,30
SL050,34070909427,9,1,10,0,11,0,0,0,0,0,13,0,5,5,17,0,0,0,0,0,22,1,15,5,28,0,0,0,0,0,71
SL050,34070909428,0,0,0,0,0,0,0,0,0,0,0,0,1,0,0,0,0,0,0,0,0,0,1,0,0,0,0,0,0,0,1
SL050,34070909429,2,0,0,0,1,0,0,0,0,0,0,0,0,0,3,0,0,0,0,0,2,0,0,0,4,0,0,0,0,0,6
SL050,34070909430,0,0,0,0,2,0,0,0,0,0,0,0,0,0,1,0,0,0,0,0,0,0,0,0,3,0,0,0,0,0,3
SL050,34070909431,0,1,0,0,0,0,0,0,0,0,1,0,0,0,0,0,0,0,0,0,1,1,0,0,0,0,0,0,0,0,2
SL050,34070909432,0,0,0,0,1,0,1,0,0,0,0,0,0,0,0,0,2,0,0,0,0,0,0,0,1,0,3,0,0,0,4
SL050,34070909433,0,0,0,0,0,0,0,0,0,0,0,0,0,0,1,0,0,0,0,0,0,0,0,0,1,0,0,0,0,0,1
SL050,34070909434,39,11,2,0,11,0,0,0,1,1,22,9,2,2,18,0,0,0,0,0,61,20,4,2,29,0,0,0,1,1,118
SL050,34070909437,9,0,1,0,1,0,0,0,0,0,9,0,0,0,0,0,0,0,0,0,18,0,1,0,1,0,0,0,0,0,20
SL050,34070909438,15,0,2,0,6,0,0,0,0,0,13,0,0,1,10,0,0,0,0,0,28,0,2,1,16,0,0,0,0,0,47
SL050,34070909439,39,1,1,6,13,0,0,0,0,0,27,1,0,3,22,0,0,2,0,0,66,2,1,9,35,0,0,2,0,0,115
SL050,34070909440,1,0,1,0,0,0,0,0,0,0,1,0,0,0,0,0,0,0,0,0,2,0,1,0,0,0,0,0,0,0,3
SL050,34070909442,8,2,3,0,0,0,0,0,0,0,5,1,3,0,7,0,0,0,0,0,13,3,6,0,7,0,0,0,0,0,29
SL050,34070909443,0,0,0,1,0,0,0,0,0,0,0,0,0,1,6,0,0,0,0,0,0,0,0,2,6,0,0,0,0,0,8
SL050,34070909447,0,0,0,0,1,0,0,0,0,0,0,0,0,0,1,0,0,0,0,0,0,0,0,0,2,0,0,0,0,0,2
SL050,34070909448,6,0,0,0,0,0,0,0,0,0,1,0,0,0,1,0,0,0,0,0,7,0,0,0,1,0,0,0,0,0,8
SL050,34070909449,2,0,0,0,0,0,0,0,0,0,3,0,0,0,0,0,0,0,0,0,5,0,0,0,0,0,0,0,0,0,5
SL050,34070909450,0,0,0,0,0,0,0,0,0,0,1,0,0,0,0,0,0,0,0,0,1,0,0,0,0,0,0,0,0,0,1
SL050,34070909451,7,0,9,0,2,0,0,0,0,0,1,0,5,0,7,0,0,0,0,0,8,0,14,0,9,0,0,0,0,0,31
SL050,34070909456,1,0,4,0,1,0,0,0,0,0,2,0,4,0,3,0,0,0,0,0,3,0,8,0,4,0,0,0,0,0,15
SL050,34070909458,9,0,0,0,3,0,0,2,0,0,7,0,0,0,5,0,0,1,0,0,16,0,0,0,8,0,0,3,0,0,27
SL050,34070909460,0,0,1,0,0,0,0,0,0,0,0,0,1,0,2,0,0,0,0,0,0,0,2,0,2,0,0,0,0,0,4
SL050,34070909463,5,2,1,0,3,0,0,0,0,0,3,1,0,0,1,0,0,0,0,1,8,3,1,0,4,0,0,0,0,1,17
SL050,34070909464,0,0,0,0,0,0,0,0,0,0,1,0,0,0,0,0,0,0,0,0,1,0,0,0,0,0,0,0,0,0,1
SL050,34070909466,0,0,0,0,0,0,0,0,0,0,1,0,0,0,0,0,0,0,0,0,1,0,0,0,0,0,0,0,0,0,1
SL050,34070909467,4,0,0,0,0,0,0,0,0,0,6,0,0,0,0,0,0,0,0,0,10,0,0,0,0,0,0,0,0,0,10
SL050,34070909471,5,0,0,0,0,0,0,0,0,0,4,1,0,0,2,0,0,0,0,0,9,1,0,0,2,0,0,0,0,0,12
SL050,34070909472,1,0,0,0,0,0,0,0,0,0,0,0,0,0,0,0,0,0,0,0,1,0,0,0,0,0,0,0,0,0,1
SL050,34070909480,1,0,0,0,0,0,0,0,0,0,0,0,0,0,0,0,0,0,0,0,1,0,0,0,0,0,0,0,0,0,1
SL050,34070909483,0,0,1,0,1,0,0,0,0,0,1,0,1,0,1,0,0,0,0,0,1,0,2,0,2,0,0,0,0,0,5
SL050,34070909901,9,0,0,0,1,0,0,0,0,0,11,0,0,0,3,0,0,0,0,0,20,0,0,0,4,0,0,0,0,0,24
SL050,34070909902,2,0,1,0,5,0,0,0,0,0,1,0,1,0,5,0,0,0,0,0,3,0,2,0,10,0,0,0,0,0,15
SL050,34070909903,210,2,6,1,26,2,0,4,1,0,201,2,8,1,53,0,0,6,0,0,411,4,14,2,79,2,0,10,1,0,523
SL050,34070909904,4,0,1,0,2,0,0,0,0,0,3,0,0,0,5,1,0,0,0,0,7,0,1,0,7,1,0,0,0,0,16
SL050,34070909905,4,0,0,2,1,0,0,0,0,0,5,1,1,2,4,0,0,0,0,0,9,1,1,4,5,0,0,0,0,0,20
SL050,34070909906,27,0,4,0,13,0,0,0,1,0,22,0,3,1,12,0,0,0,0,0,49,0,7,1,25,0,0,0,1,0,83
SL050,34070909907,41,1,5,1,15,2,0,1,0,0,37,0,1,3,23,0,0,3,0,0,78,1,6,4,38,2,0,4,0,0,133
SL050,34070909908,6,1,0,0,7,0,0,1,0,0,6,0,0,0,11,0,0,0,0,0,12,1,0,0,18,0,0,1,0,0,32
SL050,34111010001,1,0,3,0,1,0,0,0,0,0,0,0,2,0,0,0,0,0,0,0,1,0,5,0,1,0,0,0,0,0,7
SL050,34111010002,4,0,0,0,0,0,0,0,0,0,2,0,2,0,1,0,0,0,0,0,6,0,2,0,1,0,0,0,0,0,9
SL050,34111010003,4,1,0,0,1,0,0,1,0,0,6,0,1,0,2,0,0,1,0,0,10,1,1,0,3,0,0,2,0,0,17
SL050,34111010004,2,3,1,0,0,0,0,0,0,0,1,0,0,0,3,0,0,0,0,0,3,3,1,0,3,0,0,0,0,0,10
SL050,34111010005,1,0,0,0,3,0,0,0,0,0,0,3,1,0,7,0,0,0,0,0,1,3,1,0,10,0,0,0,0,0,15
SL050,34111010006,2,0,0,0,1,0,0,0,0,0,2,0,1,1,3,1,0,0,0,0,4,0,1,1,4,1,0,0,0,0,11
SL050,34111010007,2,0,10,1,0,0,0,0,0,0,1,0,5,0,0,0,0,0,0,0,3,0,15,1,0,0,0,0,0,0,19
SL050,34111010008,11,0,0,2,4,0,0,0,0,0,17,0,0,1,6,0,0,0,1,0,28,0,0,3,10,0,0,0,1,0,42
SL050,34111010009,0,0,2,0,0,0,0,0,0,0,1,0,1,0,1,0,0,0,0,0,1,0,3,0,1,0,0,0,0,0,5
SL050,34111010010,29,1,2,5,4,0,0,1,0,0,27,3,1,0,12,0,0,1,0,0,56,4,3,5,16,0,0,2,0,0,86
SL050,34111010011,0,0,0,1,6,0,0,0,0,0,0,0,1,1,3,0,0,0,0,0,0,0,1,2,9,0,0,0,0,0,12
SL050,34111010012,3,1,0,0,2,0,0,0,0,0,2,3,0,4,3,0,0,2,0,0,5,4,0,4,5,0,0,2,0,0,20
SL050,34111010013,6,0,2,0,0,0,0,0,0,0,4,0,1,0,1,0,0,0,0,0,10,0,3,0,1,0,0,0,0,0,14
SL050,34111010014,3,1,4,0,2,0,0,4,0,0,8,7,4,0,6,0,0,1,0,0,11,8,8,0,8,0,0,5,0,0,40
SL050,34111010015,16,1,3,0,3,0,0,0,0,0,11,3,3,1,8,0,0,0,0,0,27,4,6,1,11,0,0,0,0,0,49
SL050,34111010016,0,0,0,0,0,0,0,0,0,0,0,0,1,0,0,0,0,0,0,0,0,0,1,0,0,0,0,0,0,0,1
SL050,34111010017,6,0,0,0,1,0,0,0,0,0,6,0,0,0,2,0,0,0,0,0,12,0,0,0,3,0,0,0,0,0,15
SL050,34111010018,3,0,0,0,4,1,0,0,0,0,2,0,0,0,6,0,0,0,0,0,5,0,0,0,10,1,0,0,0,0,16
SL050,34111010019,37,1,21,0,11,0,0,0,0,0,30,3,19,0,15,0,0,0,0,0,67,4,40,0,26,0,0,0,0,0,137
SL050,34111010020,8,0,1,0,1,0,0,0,0,0,12,0,5,0,4,0,0,0,0,0,20,0,6,0,5,0,0,0,0,0,31
SL050,34111010021,4,2,4,0,7,0,7,2,0,0,6,1,5,2,10,0,1,4,0,0,10,3,9,2,17,0,8,6,0,0,55
SL050,34111010022,0,0,1,0,0,0,0,0,0,0,0,1,0,0,1,0,0,0,0,0,0,1,1,0,1,0,0,0,0,0,3
SL050,34111010023,4,0,0,0,2,0,0,0,0,0,3,0,1,0,4,0,0,0,0,0,7,0,1,0,6,0,0,0,0,0,14
SL050,34111010024,2,0,0,2,7,0,0,0,0,0,2,0,0,0,10,0,0,0,0,0,4,0,0,2,17,0,0,0,0,0,23
SL050,34111010026,13,0,3,0,6,0,0,1,1,0,6,1,1,0,6,0,0,1,0,0,19,1,4,0,12,0,0,2,1,0,39
SL050,34111010027,1,0,0,0,0,0,0,0,0,0,1,0,0,0,0,0,0,0,0,0,2,0,0,0,0,0,0,0,0,0,2
SL050,34111010028,5,0,0,0,0,0,0,0,0,0,7,0,0,0,1,0,0,0,0,0,12,0,0,0,1,0,0,0,0,0,13
SL050,34111010029,6,0,0,0,0,0,0,0,0,0,7,2,0,0,1,0,0,0,0,0,13,2,0,0,1,0,0,0,0,0,16
SL050,34111010030,6,0,2,0,0,0,0,0,0,0,10,0,3,0,2,0,0,0,0,0,16,0,5,0,2,0,0,0,0,0,23
SL050,34111010031,1,0,0,0,0,0,0,0,0,0,1,0,0,0,0,0,0,0,0,0,2,0,0,0,0,0,0,0,0,0,2
SL050,34111010032,6,1,0,0,0,0,0,0,0,0,2,1,1,0,7,0,0,1,0,0,8,2,1,0,7,0,0,1,0,0,19
SL050,34111010033,2,1,0,0,0,0,0,1,0,0,2,1,0,0,0,1,0,0,0,0,4,2,0,0,0,1,0,1,0,0,8
SL050,34111010034,3,0,0,0,1,0,0,0,0,0,2,0,0,0,1,0,0,0,0,0,5,0,0,0,2,0,0,0,0,0,7
SL050,34111010035,15,2,14,0,0,0,0,2,0,0,15,0,8,0,4,0,0,3,0,0,30,2,22,0,4,0,0,5,0,0,63
SL050,34111010036,7,0,0,0,0,0,0,0,0,0,4,0,0,0,1,0,0,0,0,0,11,0,0,0,1,0,0,0,0,0,12
SL050,34111010037,428,75,159,99,806,29,47,119,47,6,464,75,204,55,1311,42,29,168,19,1,892,150,363,154,2117,71,76,287,66,7,4183
SL050,34111010039,5,0,0,0,0,0,0,0,0,0,4,2,0,0,2,0,0,0,0,0,9,2,0,0,2,0,0,0,0,0,13
SL050,34111010040,1,0,0,0,0,0,0,0,0,0,4,0,3,0,2,0,0,0,0,0,5,0,3,0,2,0,0,0,0,0,10
SL050,34111010041,11,0,1,0,0,0,0,0,0,0,11,0,1,0,4,0,0,0,0,0,22,0,2,0,4,0,0,0,0,0,28
SL050,34111010042,1,0,0,0,0,0,0,0,0,0,0,0,0,0,0,0,0,0,0,0,1,0,0,0,0,0,0,0,0,0,1
SL050,34111010043,0,0,12,0,0,0,1,0,0,0,1,0,4,0,0,0,2,0,0,0,1,0,16,0,0,0,3,0,0,0,20
SL050,34111010044,23,0,1,0,4,0,0,1,0,0,17,3,2,0,12,0,0,2,0,0,40,3,3,0,16,0,0,3,0,0,65
SL050,34111010045,2,0,0,0,1,0,0,0,0,0,2,0,0,0,3,0,0,2,0,0,4,0,0,0,4,0,0,2,0,0,10
SL050,34111010046,0,0,0,0,1,0,0,0,0,0,0,0,0,0,0,0,0,0,0,0,0,0,0,0,1,0,0,0,0,0,1
SL050,34111010047,7,1,9,0,1,0,0,0,0,0,4,3,8,0,5,0,0,0,0,0,11,4,17,0,6,0,0,0,0,0,38
SL050,34111010048,6,0,0,0,5,0,0,0,0,0,4,0,0,0,1,0,0,0,0,0,10,0,0,0,6,0,0,0,0,0,16
SL050,34111010049,13,1,3,0,16,0,0,3,1,0,22,2,2,0,35,0,0,1,0,0,35,3,5,0,51,0,0,4,1,0,99
SL050,34111010050,19,0,5,0,1,0,0,0,0,0,16,0,0,0,2,0,0,0,0,0,35,0,5,0,3,0,0,0,0,0,43
SL050,34111010051,0,2,0,0,0,0,0,0,1,0,2,3,0,0,1,0,0,0,0,0,2,5,0,0,1,0,0,0,1,0,9
SL050,34111010052,3,0,0,0,1,0,0,0,0,0,1,0,1,0,2,0,0,0,0,0,4,0,1,0,3,0,0,0,0,0,8
SL050,34111010054,4,0,0,0,0,0,0,0,0,0,2,0,1,0,2,0,0,0,0,0,6,0,1,0,2,0,0,0,0,0,9
SL050,34111010055,4,0,0,0,3,0,0,0,0,0,4,0,0,0,6,0,0,0,0,0,8,0,0,0,9,0,0,0,0,0,17
SL050,34111010056,3,0,0,0,0,0,0,0,3,0,1,0,1,0,6,0,0,0,1,0,4,0,1,0,6,0,0,0,4,0,15
SL050,34111010058,14,2,102,1,3,0,0,0,0,0,11,1,72,0,13,0,0,0,0,0,25,3,174,1,16,0,0,0,0,0,219
SL050,34111010059,1,0,0,0,0,0,0,0,0,0,0,0,0,0,0,0,0,0,0,0,1,0,0,0,0,0,0,0,0,0,1
SL050,34111010060,21,1,1,0,5,0,0,1,0,0,21,2,0,0,9,0,0,0,0,0,42,3,1,0,14,0,0,1,0,0,61
SL050,34111010061,4,1,0,0,2,0,0,0,0,0,7,1,1,0,2,0,0,1,1,0,11,2,1,0,4,0,0,1,1,0,20
SL050,34111010062,7,0,0,0,0,0,0,0,0,0,6,0,0,0,1,0,0,0,0,0,13,0,0,0,1,0,0,0,0,0,14
SL050,34111010063,1,0,0,0,0,0,0,0,0,0,0,0,0,0,0,0,0,0,0,0,1,0,0,0,0,0,0,0,0,0,1
SL050,34111010064,27,0,0,0,1,0,0,0,0,0,38,1,0,0,3,0,0,0,0,0,65,1,0,0,4,0,0,0,0,0,70
SL050,34111010065,2,0,0,0,1,0,0,0,0,0,6,0,0,0,1,0,0,0,0,0,8,0,0,0,2,0,0,0,0,0,10
SL050,34111010066,0,0,1,1,3,0,0,0,0,0,1,0,2,0,2,0,0,0,0,0,1,0,3,1,5,0,0,0,0,0,10
SL050,34111010067,70,23,49,3,66,0,1,12,0,0,77,22,73,6,85,1,0,17,0,0,147,45,122,9,151,1,1,29,0,0,505
SL050,34111010068,13,0,9,0,5,0,0,0,0,0,12,1,3,0,6,0,0,0,0,0,25,1,12,0,11,0,0,0,0,0,49
SL050,34111010069,4,0,1,0,2,0,1,0,0,0,4,0,0,0,1,0,0,0,0,0,8,0,1,0,3,0,1,0,0,0,13
SL050,34111010070,11,1,0,0,3,0,0,0,0,0,9,0,0,0,7,0,0,0,0,0,20,1,0,0,10,0,0,0,0,0,31
SL050,34111010071,0,0,0,0,0,0,0,0,0,0,2,0,0,0,0,0,0,0,0,0,2,0,0,0,0,0,0,0,0,0,2
SL050,34111010072,3,12,0,0,0,0,0,0,0,1,9,13,1,0,3,0,0,0,0,0,12,25,1,0,3,0,0,0,0,1,42
SL050,34111010073,1,0,1,0,0,0,0,0,0,0,2,0,0,0,2,0,0,0,0,0,3,0,1,0,2,0,0,0,0,0,6
SL050,34111010075,9,0,1,0,0,0,0,0,0,0,8,0,0,0,3,0,0,0,0,0,17,0,1,0,3,0,0,0,0,0,21
SL050,34111010076,8,0,14,0,3,0,0,0,0,0,4,1,11,0,5,0,0,0,0,0,12,1,25,0,8,0,0,0,0,0,46
SL050,34111010077,3,1,0,0,2,0,0,0,0,0,5,0,0,0,6,0,0,0,0,0,8,1,0,0,8,0,0,0,0,0,17
SL050,34111010078,0,0,0,0,0,0,0,0,0,0,0,0,0,0,3,0,0,0,0,0,0,0,0,0,3,0,0,0,0,0,3
SL050,34111010079,9,0,0,0,3,1,0,0,0,0,8,0,0,0,4,0,0,0,1,0,17,0,0,0,7,1,0,0,1,0,26
SL050,34111010080,3,1,0,0,0,0,0,0,0,0,1,1,0,0,0,1,0,0,0,0,4,2,0,0,0,1,0,0,0,0,7
SL050,34111010082,1,0,0,0,0,0,0,0,0,0,4,0,1,0,3,0,2,0,0,0,5,0,1,0,3,0,2,0,0,0,11
SL050,34111010083,2,0,0,0,0,0,0,0,0,0,2,0,0,0,1,0,0,0,0,0,4,0,0,0,1,0,0,0,0,0,5
SL050,34111010084,29,3,1,1,3,0,0,0,0,0,17,1,1,0,3,0,0,0,0,0,46,4,2,1,6,0,0,0,0,0,59
SL050,34111010085,3,0,0,0,0,0,0,0,0,0,8,0,0,0,2,0,0,0,0,0,11,0,0,0,2,0,0,0,0,0,13
SL050,34111010086,1,0,0,0,0,0,0,0,0,0,0,0,0,0,0,0,0,0,0,1,1,0,0,0,0,0,0,0,0,1,2
SL050,34111010087,20,1,0,0,12,1,0,1,0,0,20,4,1,0,32,0,0,3,0,0,40,5,1,0,44,1,0,4,0,0,95
SL050,34111010088,0,0,0,0,0,0,0,0,0,0,0,0,1,0,3,0,0,0,0,0,0,0,1,0,3,0,0,0,0,0,4
SL050,34111010089,2,0,2,0,2,0,0,0,0,0,1,0,2,0,2,0,0,0,0,0,3,0,4,0,4,0,0,0,0,0,11
SL050,34111010090,3,0,3,0,1,0,0,0,0,0,2,0,2,0,4,0,0,0,0,0,5,0,5,0,5,0,0,0,0,0,15
SL050,34111010091,2,0,0,0,0,1,0,0,0,0,2,0,0,0,0,0,0,0,0,0,4,0,0,0,0,1,0,0,0,0,5
SL050,34111010092,1,0,1,0,1,0,0,0,0,0,4,0,0,0,2,0,0,0,0,0,5,0,1,0,3,0,0,0,0,0,9
SL050,34111010093,3,2,0,0,0,0,0,0,0,0,6,1,0,0,0,0,0,0,0,0,9,3,0,0,0,0,0,0,0,0,12
SL050,34111010094,4,0,0,0,0,0,0,0,0,0,8,0,0,0,0,0,0,0,0,0,12,0,0,0,0,0,0,0,0,0,12
SL050,34111010095,0,0,0,0,0,0,0,0,0,0,1,0,0,0,0,0,0,0,0,0,1,0,0,0,0,0,0,0,0,0,1
SL050,34111010096,37,1,2,0,19,2,4,2,1,0,40,2,2,1,52,4,0,6,1,2,77,3,4,1,71,6,4,8,2,2,178
SL050,34111010097,2,0,0,0,0,0,0,0,0,0,1,0,0,0,0,0,0,0,0,0,3,0,0,0,0,0,0,0,0,0,3
SL050,34111010098,0,0,0,0,1,0,0,0,0,0,0,0,0,0,2,0,0,0,0,0,0,0,0,0,3,0,0,0,0,0,3
SL050,34111010099,4,0,1,0,2,0,0,0,0,0,4,0,1,1,1,0,0,0,0,0,8,0,2,1,3,0,0,0,0,0,14
SL050,34111010100,10,0,1,0,3,0,0,2,0,0,6,0,1,1,8,0,0,0,0,0,16,0,2,1,11,0,0,2,0,0,32
SL050,34111010101,2,0,0,0,0,0,0,0,0,0,2,0,0,0,1,0,0,0,0,0,4,0,0,0,1,0,0,0,0,0,5
SL050,34111010102,0,1,1,0,1,0,0,0,0,0,1,0,1,0,2,0,0,0,0,0,1,1,2,0,3,0,0,0,0,0,7
SL050,34111010103,6,0,0,0,1,0,0,0,0,0,4,0,1,0,3,0,0,0,0,0,10,0,1,0,4,0,0,0,0,0,15
SL050,34111010104,40,1,298,2,11,0,1,9,0,0,31,2,218,4,17,1,0,7,3,0,71,3,516,6,28,1,1,16,3,0,645
SL050,34111010105,19,1,15,2,14,1,0,4,0,0,28,6,15,2,17,1,0,2,1,0,47,7,30,4,31,2,0,6,1,0,128
SL050,34111010106,0,0,0,0,0,0,0,0,0,0,1,0,0,0,2,0,0,0,0,0,1,0,0,0,2,0,0,0,0,0,3
SL050,34111010107,19,1,4,0,4,0,1,0,0,0,29,0,3,0,5,0,0,0,0,0,48,1,7,0,9,0,1,0,0,0,66
SL050,34111010108,0,1,0,0,0,0,0,0,0,0,1,0,0,0,0,0,0,0,0,0,1,1,0,0,0,0,0,0,0,0,2
SL050,34111010109,6,0,1,0,6,1,0,1,0,0,9,0,2,0,12,0,0,1,0,0,15,0,3,0,18,1,0,2,0,0,39
SL050,34111010110,25,2,105,1,2,1,0,1,0,0,21,1,70,0,11,0,0,2,0,0,46,3,175,1,13,1,0,3,0,0,242
SL050,34111010111,59,2,3,0,13,1,0,0,0,0,53,2,0,0,24,1,0,0,0,1,112,4,3,0,37,2,0,0,0,1,159
SL050,34111010112,7,1,3,1,4,0,0,0,0,0,11,2,7,0,14,0,0,0,0,0,18,3,10,1,18,0,0,0,0,0,50
SL050,34111010113,7,1,1,0,13,1,0,1,0,0,12,0,3,0,19,0,0,3,0,0,19,1,4,0,32,1,0,4,0,0,61
SL050,34111010114,8,0,101,0,1,0,0,0,0,0,1,0,74,0,8,0,0,1,0,0,9,0,175,0,9,0,0,1,0,0,194
SL050,34111010115,29,1,7,1,16,0,0,2,0,0,19,2,3,1,22,0,0,2,0,0,48,3,10,2,38,0,0,4,0,0,105
SL050,34111010116,25,0,27,3,21,0,0,2,0,1,24,2,23,3,31,0,0,3,0,0,49,2,50,6,52,0,0,5,0,1,165
SL050,34111010117,2,0,2,4,0,0,0,0,0,0,1,0,4,0,0,0,0,0,0,0,3,0,6,4,0,0,0,0,0,0,13
SL050,34111010118,0,0,0,0,0,0,0,0,1,0,0,0,0,0,0,0,0,0,0,0,0,0,0,0,0,0,0,0,1,0,1
SL050,34111010119,2,0,1,0,2,0,0,0,0,0,1,0,0,0,2,0,0,0,0,0,3,0,1,0,4,0,0,0,0,0,8
SL050,34111010120,3,0,0,0,0,0,0,0,0,0,4,0,0,0,4,0,0,0,0,0,7,0,0,0,4,0,0,0,0,0,11
SL050,34111010121,45,5,31,3,21,0,7,8,0,0,62,11,51,1,40,0,0,8,0,0,107,16,82,4,61,0,7,16,0,0,293
SL050,34111010122,3,1,3,0,1,0,0,0,0,0,7,1,3,0,1,0,0,0,0,0,10,2,6,0,2,0,0,0,0,0,20
SL050,34111010123,5,0,1,0,3,1,0,0,0,0,6,0,1,0,3,0,0,1,0,0,11,0,2,0,6,1,0,1,0,0,21
SL050,34111010124,3,0,0,0,1,0,0,0,0,0,3,0,0,0,0,0,0,0,0,0,6,0,0,0,1,0,0,0,0,0,7
SL050,34111010125,2,0,0,0,2,0,0,0,0,0,7,0,0,0,4,1,0,0,0,0,9,0,0,0,6,1,0,0,0,0,16
SL050,34111010126,20,0,4,3,0,1,0,1,0,0,19,1,5,2,6,0,0,0,0,0,39,1,9,5,6,1,0,1,0,0,62
SL050,34111010127,8,1,36,0,1,0,4,0,0,0,10,6,29,1,18,1,0,0,0,0,18,7,65,1,19,1,4,0,0,0,115
SL050,34111010128,69,6,12,2,16,0,4,5,0,0,81,4,26,0,36,0,1,9,0,0,150,10,38,2,52,0,5,14,0,0,271
SL050,34111010129,1,0,0,0,0,0,0,0,0,0,3,1,0,0,1,0,0,0,0,0,4,1,0,0,1,0,0,0,0,0,6
SL050,34111010130,30,0,2,0,2,0,0,0,0,0,26,0,5,0,6,0,0,0,0,0,56,0,7,0,8,0,0,0,0,0,71
SL050,34111010131,135,16,535,19,243,2,9,22,10,0,172,16,472,11,362,8,4,26,5,0,307,32,1007,30,605,10,13,48,15,0,2067
SL050,34111010132,6,0,0,0,1,0,0,0,0,0,4,0,0,1,2,0,0,0,0,0,10,0,0,1,3,0,0,0,0,0,14
SL050,34111010133,0,1,0,0,0,0,0,0,0,0,1,1,0,0,1,0,0,0,0,0,1,2,0,0,1,0,0,0,0,0,4
SL050,34111010134,4,3,0,0,1,0,0,0,0,0,5,2,0,0,4,0,0,0,1,0,9,5,0,0,5,0,0,0,1,0,20
SL050,34111010135,1,2,0,0,0,0,0,0,0,0,0,4,2,0,4,0,0,0,0,0,1,6,2,0,4,0,0,0,0,0,13
SL050,34111010136,4,0,0,0,0,0,0,0,0,0,1,1,1,0,1,0,0,0,0,0,5,1,1,0,1,0,0,0,0,0,8
SL050,34111010137,1,0,0,4,1,0,0,0,0,0,0,0,0,0,3,0,0,0,0,0,1,0,0,4,4,0,0,0,0,0,9
SL050,34111010138,2,0,9,0,6,0,0,0,0,0,3,0,7,0,12,0,0,0,0,0,5,0,16,0,18,0,0,0,0,0,39
SL050,34111010140,16,0,39,0,4,0,0,0,0,0,12,0,25,0,8,0,0,0,0,0,28,0,64,0,12,0,0,0,0,0,104
SL050,34111010141,0,1,0,0,1,0,0,0,0,0,0,1,0,0,1,0,0,0,0,0,0,2,0,0,2,0,0,0,0,0,4
SL050,34111010142,5,1,0,0,7,0,0,0,0,0,9,2,0,0,6,0,0,0,0,0,14,3,0,0,13,0,0,0,0,0,30
SL050,34111010143,0,0,0,0,1,0,0,0,0,0,0,0,0,0,0,0,0,0,0,0,0,0,0,0,1,0,0,0,0,0,1
SL050,34111010144,13,0,0,0,0,0,0,0,0,0,7,0,0,0,1,0,0,0,0,0,20,0,0,0,1,0,0,0,0,0,21
SL050,34111010145,6,0,0,0,0,0,0,0,0,0,7,0,0,0,0,0,0,0,0,0,13,0,0,0,0,0,0,0,0,0,13
SL050,34111010146,24,0,2,1,4,0,1,0,0,0,18,0,0,0,5,0,0,1,0,0,42,0,2,1,9,0,1,1,0,0,56
SL050,34111010147,22,0,3,0,2,0,0,0,0,0,19,0,5,0,1,0,0,0,0,0,41,0,8,0,3,0,0,0,0,0,52
SL050,34111010148,187,22,140,26,255,12,5,39,8,0,186,21,122,8,450,7,9,35,5,1,373,43,262,34,705,19,14,74,13,1,1538
SL050,34111010149,9,2,0,0,2,0,0,0,0,0,10,0,0,1,3,0,0,0,0,0,19,2,0,1,5,0,0,0,0,0,27
SL050,34111010150,0,0,0,0,0,0,0,0,0,0,0,0,0,0,3,0,0,0,0,0,0,0,0,0,3,0,0,0,0,0,3
SL050,34111010151,7,0,0,2,0,0,0,0,0,0,1,0,0,0,0,0,0,0,0,0,8,0,0,2,0,0,0,0,0,0,10
SL050,34111010152,1,1,0,0,2,0,0,0,0,0,3,0,0,0,1,0,0,0,0,0,4,1,0,0,3,0,0,0,0,0,8
SL050,34111010153,1,0,1,0,0,0,0,0,0,0,0,0,0,0,2,0,0,0,0,0,1,0,1,0,2,0,0,0,0,0,4
SL050,34111010154,4,0,0,0,1,0,0,0,0,0,6,1,0,0,1,0,0,0,0,0,10,1,0,0,2,0,0,0,0,0,13
SL050,34111010155,6,0,0,0,3,0,0,0,0,0,6,0,1,0,2,0,0,0,0,0,12,0,1,0,5,0,0,0,0,0,18
SL050,34111010157,4,0,0,0,1,0,0,0,0,0,2,0,0,0,2,0,0,0,0,0,6,0,0,0,3,0,0,0,0,0,9
SL050,34111010158,3,0,0,0,0,0,0,0,0,0,2,0,0,0,1,0,0,0,0,0,5,0,0,0,1,0,0,0,0,0,6
SL050,34111010159,5,0,1,0,2,0,0,0,0,0,4,0,0,0,2,0,0,0,0,0,9,0,1,0,4,0,0,0,0,0,14
SL050,34111010160,3,0,0,0,1,0,0,0,0,0,3,0,1,0,0,0,0,0,0,0,6,0,1,0,1,0,0,0,0,0,8
SL050,34111010162,4,0,0,0,0,0,0,0,0,0,2,0,1,0,0,0,0,0,0,0,6,0,1,0,0,0,0,0,0,0,7
SL050,34111010163,2,0,0,0,3,0,0,0,0,0,0,0,0,0,3,0,0,0,0,0,2,0,0,0,6,0,0,0,0,0,8
SL050,34111010164,12,3,1,0,2,1,0,0,2,1,13,3,0,0,4,1,0,1,0,0,25,6,1,0,6,2,0,1,2,1,44
SL050,34111010165,3,0,0,0,0,0,0,0,0,0,0,0,0,0,2,0,0,0,1,0,3,0,0,0,2,0,0,0,1,0,6
SL050,34111010166,0,1,0,0,5,0,0,0,0,0,2,0,0,0,1,0,0,0,0,0,2,1,0,0,6,0,0,0,0,0,9
SL050,34111010167,0,0,0,0,0,0,0,0,0,0,1,0,0,0,0,0,0,0,0,0,1,0,0,0,0,0,0,0,0,0,1
SL050,34111010168,2,0,0,0,0,0,0,0,0,0,1,0,0,1,0,0,0,0,0,0,3,0,0,1,0,0,0,0,0,0,4
SL050,34111010169,0,1,0,0,0,0,0,0,0,0,2,0,0,0,1,0,0,0,0,0,2,1,0,0,1,0,0,0,0,0,4
SL050,34111010170,2,0,0,0,0,0,0,0,0,0,1,0,0,0,0,0,0,0,0,0,3,0,0,0,0,0,0,0,0,0,3
SL050,34111010171,4,4,0,0,0,0,0,0,0,0,2,4,0,0,1,0,0,0,0,0,6,8,0,0,1,0,0,0,0,0,15
SL050,34111010172,0,0,0,0,0,0,0,0,0,0,1,0,0,0,1,0,0,0,0,0,1,0,0,0,1,0,0,0,0,0,2
SL050,34111010173,8,0,78,0,1,0,0,0,0,0,7,0,60,0,13,0,0,0,0,0,15,0,138,0,14,0,0,0,0,0,167
SL050,34111010174,0,0,0,0,0,0,0,0,0,0,3,0,0,0,0,0,0,0,0,0,3,0,0,0,0,0,0,0,0,0,3
SL050,34111010175,1,1,6,0,2,0,0,0,0,0,5,0,2,0,18,0,0,0,0,0,6,1,8,0,20,0,0,0,0,0,35
SL050,34111010176,7,0,6,0,1,0,0,0,1,0,3,0,7,0,3,0,0,0,0,0,10,0,13,0,4,0,0,0,1,0,28
SL050,34111010177,11,0,1,0,2,1,0,0,0,0,15,2,1,0,6,2,0,1,0,0,26,2,2,0,8,3,0,1,0,0,42
SL050,34111010178,0,0,0,0,0,0,0,0,0,0,0,0,0,0,1,0,0,0,0,0,0,0,0,0,1,0,0,0,0,0,1
SL050,34111010179,6,0,3,0,2,0,0,0,0,0,7,0,2,0,2,0,0,0,1,0,13,0,5,0,4,0,0,0,1,0,23
SL050,34111010180,51,1,1160,13,21,1,0,1,1,0,40,0,657,2,20,1,0,1,0,0,91,1,1817,15,41,2,0,2,1,0,1970
SL050,34111010181,8,0,1,0,0,0,0,0,0,0,13,0,0,0,3,0,0,0,0,0,21,0,1,0,3,0,0,0,0,0,25
SL050,34111010182,3,0,4,0,3,0,0,0,0,0,4,0,0,0,4,0,0,0,0,0,7,0,4,0,7,0,0,0,0,0,18
SL050,34111010183,27,0,0,0,0,0,0,0,0,0,22,1,0,0,5,1,0,0,0,0,49,1,0,0,5,1,0,0,0,0,56
SL050,34111010184,31,0,0,0,3,0,0,0,0,0,24,0,1,0,4,0,0,0,0,0,55,0,1,0,7,0,0,0,0,0,63
SL050,34111010185,10,3,9,0,0,0,0,0,0,0,3,3,4,0,1,0,0,0,0,0,13,6,13,0,1,0,0,0,0,0,33
SL050,34111010186,9,0,0,0,2,0,0,1,0,0,8,0,0,1,1,0,0,0,0,0,17,0,0,1,3,0,0,1,0,0,22
SL050,34111010187,2,1,0,0,0,0,0,0,0,0,1,2,0,0,3,0,0,0,0,0,3,3,0,0,3,0,0,0,0,0,9
SL050,34111010188,2,1,0,0,1,0,0,0,0,0,5,0,0,0,0,0,0,0,0,0,7,1,0,0,1,0,0,0,0,0,9
SL050,34111010189,8,0,1,0,4,0,0,0,0,0,10,1,2,0,8,0,0,4,0,0,18,1,3,0,12,0,0,4,0,0,38
SL050,34111010190,1,0,1,0,4,0,0,0,0,0,0,0,0,0,2,0,0,0,0,0,1,0,1,0,6,0,0,0,0,0,8
SL050,34111010191,2,0,6,0,4,0,0,0,0,0,5,0,8,1,3,0,0,0,0,0,7,0,14,1,7,0,0,0,0,0,29
SL050,34111010192,16,0,0,0,2,0,1,0,0,0,11,0,2,0,4,0,0,0,0,0,27,0,2,0,6,0,1,0,0,0,36
SL050,34111010193,9,0,1,0,5,0,0,2,0,0,13,1,5,0,7,0,0,2,0,0,22,1,6,0,12,0,0,4,0,0,45
SL050,34111010194,13,0,0,0,2,0,0,0,0,0,5,0,0,0,0,0,0,0,0,0,18,0,0,0,2,0,0,0,0,0,20
SL050,34111010195,67,3,14,5,55,5,2,7,2,1,68,6,18,20,87,5,3,9,2,0,135,9,32,25,142,10,5,16,4,1,379
SL050,34111010196,8,0,2,0,4,0,0,0,0,0,4,0,0,0,5,0,0,0,0,0,12,0,2,0,9,0,0,0,0,0,23
SL050,34111010197,0,0,0,0,1,0,0,0,0,0,1,0,1,0,1,0,0,0,0,0,1,0,1,0,2,0,0,0,0,0,4
SL050,34111010198,7,0,1,1,0,0,0,0,1,0,11,1,0,0,2,0,0,0,0,0,18,1,1,1,2,0,0,0,1,0,24
SL050,34111010199,2,0,0,0,2,0,0,0,0,0,0,0,0,0,3,0,0,0,0,0,2,0,0,0,5,0,0,0,0,0,7
SL050,34111010200,8,0,1,1,0,0,0,0,0,0,2,0,0,0,0,0,0,0,0,0,10,0,1,1,0,0,0,0,0,0,12
SL050,34111010201,1,0,0,0,0,0,0,0,0,0,1,0,0,0,0,0,0,0,0,0,2,0,0,0,0,0,0,0,0,0,2
SL050,34111010202,1,0,0,0,0,0,0,0,0,0,2,0,0,0,1,0,0,0,1,0,3,0,0,0,1,0,0,0,1,0,5
SL050,34111010203,181,4,15,0,11,0,2,1,0,0,136,2,11,1,34,4,0,3,0,0,317,6,26,1,45,4,2,4,0,0,405
SL050,34111010204,16,0,4,0,2,0,0,0,0,0,10,0,3,0,4,0,0,0,0,0,26,0,7,0,6,0,0,0,0,0,39
SL050,34111010205,63,7,0,0,2,0,0,1,0,0,71,7,2,0,13,0,0,4,0,0,134,14,2,0,15,0,0,5,0,0,170
SL050,34111010206,3,0,1,0,1,0,0,0,0,0,4,0,0,0,1,0,0,1,0,0,7,0,1,0,2,0,0,1,0,0,11
SL050,34111010207,0,0,3,0,0,0,0,0,0,0,2,0,1,0,0,0,0,0,0,0,2,0,4,0,0,0,0,0,0,0,6
SL050,34111010208,0,0,0,0,0,0,0,0,0,0,0,0,1,0,0,0,0,0,0,0,0,0,1,0,0,0,0,0,0,0,1
SL050,34111010209,3,0,0,0,0,0,0,0,0,0,2,0,0,0,1,0,0,0,0,0,5,0,0,0,1,0,0,0,0,0,6
SL050,34111010210,3,0,0,0,0,0,0,0,0,0,2,0,0,0,0,0,0,0,0,0,5,0,0,0,0,0,0,0,0,0,5
SL050,34111010211,0,0,0,0,0,0,0,0,0,0,2,0,0,0,1,0,0,0,0,0,2,0,0,0,1,0,0,0,0,0,3
SL050,34111010212,46,1,6,2,18,5,0,1,0,1,36,2,1,0,31,1,0,3,0,0,82,3,7,2,49,6,0,4,0,1,154
SL050,34111010213,10,0,0,0,6,0,0,0,0,0,6,0,1,0,14,0,0,0,0,0,16,0,1,0,20,0,0,0,0,0,37
SL050,34111010214,1,0,0,0,1,0,0,0,0,0,1,0,0,0,1,0,0,0,0,0,2,0,0,0,2,0,0,0,0,0,4
SL050,34111010215,4,0,0,0,0,0,0,0,0,0,1,0,0,0,1,0,0,0,0,0,5,0,0,0,1,0,0,0,0,0,6
SL050,34111010216,16,1,2,0,4,0,0,0,0,0,16,1,3,1,11,0,0,0,0,0,32,2,5,1,15,0,0,0,0,0,55
SL050,34111010217,3,1,1,0,1,0,0,0,0,0,1,1,1,0,5,0,0,0,0,0,4,2,2,0,6,0,0,0,0,0,14
SL050,34111010218,23,1,0,0,0,0,0,0,0,0,26,0,0,0,4,0,0,0,0,0,49,1,0,0,4,0,0,0,0,0,54
SL050,34111010219,3,0,8,0,5,0,0,1,0,0,6,0,7,0,17,0,0,0,0,0,9,0,15,0,22,0,0,1,0,0,47
SL050,34111010901,3,0,66,0,1,0,0,0,0,0,2,0,32,0,3,0,0,0,0,0,5,0,98,0,4,0,0,0,0,0,107
SL050,34111010902,6,0,0,0,0,0,0,0,0,0,7,0,0,0,2,0,0,0,0,0,13,0,0,0,2,0,0,0,0,0,15
SL050,34111010903,2,1,1,0,0,0,0,0,0,0,1,1,1,0,1,0,0,0,0,0,3,2,2,0,1,0,0,0,0,0,8
SL050,34111010904,4,1,25,0,0,0,0,0,0,0,2,0,25,0,0,0,0,0,0,0,6,1,50,0,0,0,0,0,0,0,57
SL050,34111010905,5,0,42,0,2,0,1,0,0,0,2,0,27,0,3,0,0,0,0,0,7,0,69,0,5,0,1,0,0,0,82
SL050,34011111001,20,1,5,0,5,1,1,1,0,1,15,2,11,0,17,0,0,2,0,0,35,3,16,0,22,1,1,3,0,1,82
SL050,34011111002,27,4,3,1,7,1,0,1,1,0,28,5,3,0,18,0,0,3,0,0,55,9,6,1,25,1,0,4,1,0,102
SL050,34011111003,1,0,0,0,1,0,0,0,0,0,7,0,2,0,5,0,0,0,0,0,8,0,2,0,6,0,0,0,0,0,16
SL050,34011111004,958,121,3873,197,951,23,27,100,37,15,945,168,3230,93,1499,30,12,143,47,22,1903,289,7103,290,2450,53,39,243,84,37,12491
SL050,34011111005,84,6,3,1,11,0,0,1,2,0,81,10,3,1,15,2,0,3,0,0,165,16,6,2,26,2,0,4,2,0,223
SL050,34011111006,192,14,55,4,90,3,3,10,2,0,179,12,45,14,122,4,3,20,2,2,371,26,100,18,212,7,6,30,4,2,776
SL050,34011111007,139,7,156,23,61,4,2,10,1,2,134,15,138,4,100,9,3,12,1,3,273,22,294,27,161,13,5,22,2,5,824
SL050,34011111008,251,21,213,17,103,3,18,36,2,4,223,25,188,13,198,6,6,36,5,3,474,46,401,30,301,9,24,72,7,7,1371
SL050,34011111009,10,0,3,0,1,1,0,0,0,0,9,0,2,0,2,1,0,0,0,0,19,0,5,0,3,2,0,0,0,0,29
SL050,34011111010,26,6,8,1,9,0,1,2,1,0,40,7,15,0,14,0,0,2,0,0,66,13,23,1,23,0,1,4,1,0,132
SL050,34011111011,8,1,8,0,4,0,0,0,1,0,18,0,7,1,7,1,0,1,1,0,26,1,15,1,11,1,0,1,2,0,58
SL050,34011111012,472,45,375,64,501,48,9,107,22,8,479,110,372,35,764,55,8,138,16,11,951,155,747,99,1265,103,17,245,38,19,3639
SL050,34011111013,51,0,15,0,22,3,0,0,0,0,56,1,9,0,25,0,1,0,0,0,107,1,24,0,47,3,1,0,0,0,183
SL050,34011111014,326,20,118,23,165,3,0,15,2,0,346,40,127,8,217,7,0,16,3,1,672,60,245,31,382,10,0,31,5,1,1437
SL050,34011111015,1070,44,311,36,465,29,44,73,10,5,1084,81,260,18,715,29,17,104,20,4,2154,125,571,54,1180,58,61,177,30,9,4419
SL050,34011111016,106,7,58,6,56,46,5,14,6,0,119,23,76,1,101,20,0,17,2,0,225,30,134,7,157,66,5,31,8,0,663
SL050,34011111017,15,1,4,0,5,0,0,1,0,0,10,0,3,0,5,0,0,2,0,0,25,1,7,0,10,0,0,3,0,0,46
SL050,34011111018,28,4,1,1,2,2,0,0,0,0,31,1,0,0,9,2,0,0,0,0,59,5,1,1,11,4,0,0,0,0,81
SL050,34011111019,13,0,0,0,0,1,0,1,0,0,17,0,2,0,2,0,1,0,0,0,30,0,2,0,2,1,1,1,0,0,37
SL050,34011111020,860,163,768,258,1269,115,66,175,56,10,974,299,574,127,2090,88,21,240,62,9,1834,462,1342,385,3359,203,87,415,118,19,8224
SL050,34011111021,611,11,137,4,44,9,3,4,0,0,625,11,67,0,58,22,1,4,7,1,1236,22,204,4,102,31,4,8,7,1,1619
SL050,34011111022,1707,51,655,86,360,16,117,93,19,6,1559,82,583,39,571,25,56,90,29,4,3266,133,1238,125,931,41,173,183,48,10,6148
SL050,34011111023,55,5,30,2,22,0,0,3,2,1,36,6,19,4,39,1,0,3,4,0,91,11,49,6,61,1,0,6,6,1,232
SL050,34011111024,89,6,13,1,11,4,1,1,0,1,92,3,13,1,45,4,0,1,1,1,181,9,26,2,56,8,1,2,1,2,288
SL050,34011111025,16,0,6,1,6,0,5,3,0,0,15,0,2,1,6,2,0,3,0,0,31,0,8,2,12,2,5,6,0,0,66
SL050,34011111026,18,0,7,0,7,1,0,2,0,0,18,1,11,0,14,0,0,2,0,0,36,1,18,0,21,1,0,4,0,0,81
SL050,34011111027,580,109,201,77,738,318,21,52,28,4,607,219,205,42,1158,246,7,82,51,10,1187,328,406,119,1896,564,28,134,79,14,4755
SL050,34011111028,168,17,135,234,179,8,9,22,9,2,156,35,110,31,312,11,3,43,9,3,324,52,245,265,491,19,12,65,18,5,1496
SL050,34011111029,18,0,3,0,3,0,0,2,0,0,49,1,5,0,9,0,0,1,0,0,67,1,8,0,12,0,0,3,0,0,91
SL050,34011111030,128,21,77,10,271,270,1,38,20,1,138,17,72,7,383,194,2,32,12,4,266,38,149,17,654,464,3,70,32,5,1698
SL050,34011111031,245,35,249,53,382,20,19,42,10,4,220,40,216,29,583,16,8,89,8,4,465,75,465,82,965,36,27,131,18,8,2272
SL050,34011111032,242,26,122,49,158,29,6,34,15,0,239,37,101,20,246,24,9,57,15,1,481,63,223,69,404,53,15,91,30,1,1430
SL050,34011111033,1181,73,306,26,353,24,24,37,85,5,1101,101,300,17,515,26,16,53,144,6,2282,174,606,43,868,50,40,90,229,11,4393
SL050,34011111034,11,13,1,1,4,0,0,0,0,0,17,13,6,0,10,0,0,0,0,0,28,26,7,1,14,0,0,0,0,0,76
SL050,34011111035,594,32,114,12,138,16,6,15,7,1,527,56,91,11,176,12,0,16,11,1,1121,88,205,23,314,28,6,31,18,2,1836
SL050,34011111036,0,0,0,0,0,0,0,0,0,0,5,0,0,0,2,0,0,0,0,0,5,0,0,0,2,0,0,0,0,0,7
SL050,34011111037,29,1,54,3,12,1,4,0,1,0,29,5,38,0,28,1,1,0,0,0,58,6,92,3,40,2,5,0,1,0,207
SL050,34011111038,41,5,28,2,50,1,2,5,0,0,27,3,38,0,86,0,0,12,0,0,68,8,66,2,136,1,2,17,0,0,300
SL050,34011111039,149,9,37,4,37,5,0,4,2,1,180,11,43,3,50,11,0,6,1,1,329,20,80,7,87,16,0,10,3,2,554
SL050,34011111040,1,0,0,0,0,0,0,0,0,0,1,0,0,0,0,0,0,0,0,0,2,0,0,0,0,0,0,0,0,0,2
SL050,34011111041,56,0,15,2,15,0,4,7,1,0,73,3,16,0,33,1,0,7,0,1,129,3,31,2,48,1,4,14,1,1,234
SL050,34011111042,10,0,3,1,4,0,0,1,0,0,11,3,3,0,6,0,0,1,0,0,21,3,6,1,10,0,0,2,0,0,43
SL050,34011111901,33,1,11,1,23,3,0,2,0,0,21,2,13,0,28,3,0,6,0,0,54,3,24,1,51,6,0,8,0,0,147
SL050,34011111902,7,1,2,1,4,1,0,2,0,0,16,1,7,0,9,0,1,1,2,0,23,2,9,1,13,1,1,3,2,0,55
SL050,34101212001,32,1,1,0,1,0,0,0,0,0,55,0,1,0,5,1,0,1,0,0,87,1,2,0,6,1,0,1,0,0,98
SL050,34101212002,2,0,0,0,0,0,0,0,0,0,4,0,0,0,1,0,0,0,1,0,6,0,0,0,1,0,0,0,1,0,8
SL050,34101212003,29,0,37,0,2,0,0,0,0,0,36,1,28,0,9,0,0,0,0,0,65,1,65,0,11,0,0,0,0,0,142
SL050,34101212004,399,34,422,3,81,1,8,13,2,0,441,31,258,1,71,2,1,9,5,0,840,65,680,4,152,3,9,22,7,0,1782
SL050,34101212005,156,8,133,1,55,1,3,9,3,0,190,12,110,1,69,1,0,11,1,0,346,20,243,2,124,2,3,20,4,0,764
SL050,34101212006,3,0,0,0,2,0,0,0,0,0,2,0,0,0,2,0,0,0,0,0,5,0,0,0,4,0,0,0,0,0,9
SL050,34101212007,9,1,2,0,4,0,0,0,0,0,7,2,0,0,5,0,0,0,0,0,16,3,2,0,9,0,0,0,0,0,30
SL050,34101212008,8,0,2,0,2,0,0,0,0,0,14,0,1,0,2,0,0,0,0,0,22,0,3,0,4,0,0,0,0,0,29
SL050,34101212009,1139,56,278,45,328,2,28,32,4,0,1213,69,230,28,454,6,15,27,0,1,2352,125,508,73,782,8,43,59,4,1,3955
SL050,34101212010,1,0,0,0,0,0,0,0,0,0,1,0,0,0,4,0,0,0,0,0,2,0,0,0,4,0,0,0,0,0,6
SL050,34101212011,180,3,23,1,28,0,0,5,1,1,162,10,14,4,66,0,0,3,1,0,342,13,37,5,94,0,0,8,2,1,502
SL050,34101212012,56,3,88,1,21,1,0,0,0,0,75,5,56,0,29,0,0,2,0,0,131,8,144,1,50,1,0,2,0,0,337
SL050,34101212013,1,0,0,0,1,0,0,0,0,0,3,2,0,0,3,0,0,0,0,0,4,2,0,0,4,0,0,0,0,0,10
SL050,34101212014,1,0,0,0,0,0,0,0,0,0,2,0,0,0,1,0,0,0,0,0,3,0,0,0,1,0,0,0,0,0,4
SL050,34101212015,1,0,1,1,1,0,0,0,0,0,0,0,0,3,0,0,0,0,0,0,1,0,1,4,1,0,0,0,0,0,7
SL050,34101212016,11,0,24,0,13,0,3,0,0,0,14,0,18,0,19,0,2,0,0,0,25,0,42,0,32,0,5,0,0,0,104
SL050,34101212017,0,0,0,0,0,0,0,0,0,0,1,0,0,0,3,0,0,0,0,0,1,0,0,0,3,0,0,0,0,0,4
SL050,34101212018,4,1,0,0,1,0,0,0,0,0,4,0,0,0,3,0,0,0,0,0,8,1,0,0,4,0,0,0,0,0,13
SL050,34101212020,5,1,4,0,0,0,0,0,0,0,4,0,4,0,0,0,0,0,0,0,9,1,8,0,0,0,0,0,0,0,18
SL050,34101212021,158,4,25,1,28,1,0,3,0,0,169,0,20,0,51,0,0,3,0,0,327,4,45,1,79,1,0,6,0,0,463
SL050,34101212022,5,0,0,0,0,1,0,0,0,0,8,1,0,0,0,0,0,0,0,0,13,1,0,0,0,1,0,0,0,0,15
SL050,34101212024,1,0,0,0,0,0,0,0,0,0,0,0,1,0,2,0,0,0,0,0,1,0,1,0,2,0,0,0,0,0,4
SL050,34101212025,7,0,0,0,0,0,0,0,0,0,6,0,0,0,0,0,0,0,0,0,13,0,0,0,0,0,0,0,0,0,13
SL050,34101212026,34,1,18,1,1,1,0,2,0,0,24,1,17,0,4,0,0,1,0,0,58,2,35,1,5,1,0,3,0,0,105
SL050,34101212027,732,169,1438,25,587,6,56,27,4,0,811,209,994,13,751,6,20,23,4,1,1543,378,2432,38,1338,12,76,50,8,1,5876
SL050,34101212028,796,78,99,20,325,15,11,18,21,1,879,98,67,6,440,16,2,22,29,1,1675,176,166,26,765,31,13,40,50,2,2944
SL050,34101212029,59,0,41,0,7,0,0,0,0,0,63,2,26,0,13,0,0,0,0,0,122,2,67,0,20,0,0,0,0,0,211
SL050,34101212031,141,13,25,4,79,0,3,4,5,0,144,13,20,4,85,4,2,2,4,0,285,26,45,8,164,4,5,6,9,0,552
SL050,34101212032,1483,51,935,67,279,5,188,21,2,2,1579,63,665,23,384,11,42,36,7,1,3062,114,1600,90,663,16,230,57,9,3,5844
SL050,34101212033,189,6,110,1,20,0,1,1,0,0,165,2,87,1,35,0,0,2,1,0,354,8,197,2,55,0,1,3,1,0,621
SL050,34101212034,85,11,42,1,19,1,0,1,1,0,84,13,27,0,23,2,5,0,0,0,169,24,69,1,42,3,5,1,1,0,315
SL050,34101212036,24,0,0,0,4,0,0,0,0,0,23,0,0,0,6,0,0,0,0,0,47,0,0,0,10,0,0,0,0,0,57
SL050,34101212038,0,0,0,0,0,0,0,0,0,0,2,0,0,0,0,0,0,0,0,0,2,0,0,0,0,0,0,0,0,0,2
SL050,34101212039,12,0,8,0,0,0,0,0,0,0,12,0,1,0,4,0,0,0,0,0,24,0,9,0,4,0,0,0,0,0,37
SL050,34101212040,7844,352,1705,397,2837,42,179,309,225,7,8746,513,1359,269,3841,50,92,357,155,7,16590,865,3064,666,6678,92,271,666,380,14,29286
SL050,34101212041,1,0,0,0,0,0,0,0,0,0,2,0,0,0,0,0,0,0,0,0,3,0,0,0,0,0,0,0,0,0,3
SL050,34101212042,33,1,0,0,0,0,0,0,0,0,31,0,0,0,3,0,0,0,0,0,64,1,0,0,3,0,0,0,0,0,68
SL050,34101212043,6,3,1,0,8,0,0,0,0,0,6,1,0,0,19,0,0,2,1,0,12,4,1,0,27,0,0,2,1,0,47
SL050,34101212044,44,4,1,1,1,1,0,0,1,0,42,8,0,0,2,1,0,1,0,0,86,12,1,1,3,2,0,1,1,0,107
SL050,34101212045,6,0,1,0,0,0,0,0,0,0,11,0,3,0,0,0,0,0,0,0,17,0,4,0,0,0,0,0,0,0,21
SL050,34101212046,10,0,0,0,1,0,0,0,0,0,6,0,0,0,3,0,0,0,0,0,16,0,0,0,4,0,0,0,0,0,20
SL050,34101212048,6,2,1,0,5,0,0,0,0,0,6,3,0,0,5,0,0,1,0,0,12,5,1,0,10,0,0,1,0,0,29
SL050,34101212049,13,1,0,0,2,0,0,0,0,0,7,0,0,1,3,0,0,0,0,0,20,1,0,1,5,0,0,0,0,0,27
SL050,34101212050,101,1,74,0,13,0,0,0,0,0,90,0,45,0,16,0,0,1,0,0,191,1,119,0,29,0,0,1,0,0,341
SL050,34101212051,7,0,0,0,1,0,0,0,0,0,10,0,0,0,0,0,0,0,0,0,17,0,0,0,1,0,0,0,0,0,18
SL050,34101212052,45,0,4,1,1,0,0,0,0,0,42,3,0,0,2,0,0,0,0,0,87,3,4,1,3,0,0,0,0,0,98
SL050,34101212053,59,3,32,2,40,0,0,1,0,0,73,2,20,1,65,0,0,1,0,0,132,5,52,3,105,0,0,2,0,0,299
SL050,34101212055,1,0,0,0,0,0,0,0,0,0,1,0,0,0,1,0,0,0,0,0,2,0,0,0,1,0,0,0,0,0,3
SL050,34101212056,2,0,2,0,1,0,0,0,0,0,2,0,0,0,0,0,0,0,0,0,4,0,2,0,1,0,0,0,0,0,7
SL050,34101212057,20,0,24,0,0,0,0,0,0,0,18,1,15,0,8,0,0,0,0,0,38,1,39,0,8,0,0,0,0,0,86
SL050,34101212058,0,1,0,0,0,0,0,0,0,0,1,0,0,0,2,0,0,0,0,0,1,1,0,0,2,0,0,0,0,0,4
SL050,34101212059,4,0,0,0,1,0,0,0,0,0,10,0,0,0,3,0,0,0,0,0,14,0,0,0,4,0,0,0,0,0,18
SL050,34101212060,6,0,4,0,1,0,0,0,0,0,5,1,3,0,3,0,0,2,0,0,11,1,7,0,4,0,0,2,0,0,25
SL050,34101212061,12,0,1,0,5,0,0,0,0,0,12,0,0,0,6,0,0,0,0,0,24,0,1,0,11,0,0,0,0,0,36
SL050,34101212063,1,0,0,1,1,0,0,0,0,0,2,0,0,0,1,0,0,0,0,0,3,0,0,1,2,0,0,0,0,0,6
SL050,34101212064,2,0,0,0,0,0,0,0,0,0,4,0,0,0,0,0,0,0,0,0,6,0,0,0,0,0,0,0,0,0,6
SL050,34101212065,1,0,0,0,1,0,0,0,0,0,3,2,0,0,1,0,0,0,0,0,4,2,0,0,2,0,0,0,0,0,8
SL050,34101212067,13,0,4,0,1,0,0,0,0,0,10,0,4,0,5,0,0,0,0,0,23,0,8,0,6,0,0,0,0,0,37
SL050,34101212068,0,0,1,0,0,0,0,0,0,0,0,0,0,0,0,0,0,0,0,0,0,0,1,0,0,0,0,0,0,0,1
SL050,34101212069,4,0,1,0,0,0,0,0,0,0,0,0,0,0,0,0,0,0,0,0,4,0,1,0,0,0,0,0,0,0,5
SL050,34101212070,14,1,28,0,1,0,0,0,0,0,19,2,22,0,3,0,0,0,0,0,33,3,50,0,4,0,0,0,0,0,90
SL050,34101212071,31,0,3,0,11,0,2,1,0,0,38,2,3,0,17,0,1,3,0,0,69,2,6,0,28,0,3,4,0,0,112
SL050,34101212072,29,1,6,0,8,0,0,0,1,0,28,0,6,0,10,0,0,0,0,0,57,1,12,0,18,0,0,0,1,0,89
SL050,34101212073,3,0,0,0,1,0,0,0,0,0,4,0,0,0,0,0,0,0,0,0,7,0,0,0,1,0,0,0,0,0,8
SL050,34101212074,11,1,0,3,1,0,0,0,0,0,21,0,0,0,6,0,0,0,0,0,32,1,0,3,7,0,0,0,0,0,43
SL050,34101212075,7,0,1,4,4,0,0,0,0,0,9,0,0,2,3,0,0,0,0,0,16,0,1,6,7,0,0,0,0,0,30
SL050,34101212076,1,0,0,0,0,0,0,0,0,0,0,0,0,0,3,0,0,0,0,0,1,0,0,0,3,0,0,0,0,0,4
SL050,34101212077,204,14,117,2,39,0,9,7,6,0,212,30,74,1,92,1,8,9,5,0,416,44,191,3,131,1,17,16,11,0,830
SL050,34101212078,1,0,1,0,2,0,0,0,0,0,3,0,1,0,1,0,0,0,0,0,4,0,2,0,3,0,0,0,0,0,9
SL050,34101212079,42,0,1,0,6,0,4,0,0,0,41,0,1,0,13,0,2,0,0,0,83,0,2,0,19,0,6,0,0,0,110
SL050,34101212080,97,1,4,0,14,0,3,1,0,0,110,2,0,0,6,0,1,3,0,0,207,3,4,0,20,0,4,4,0,0,242
SL050,34101212081,18,0,0,0,6,0,1,0,0,0,12,0,0,1,5,0,0,0,0,0,30,0,0,1,11,0,1,0,0,0,43
SL050,34101212082,311,24,266,15,70,1,90,9,3,0,359,29,170,5,109,2,27,19,0,0,670,53,436,20,179,3,117,28,3,0,1509
SL050,34101212083,7,0,0,0,1,0,0,0,0,0,4,0,0,0,3,0,0,0,0,0,11,0,0,0,4,0,0,0,0,0,15
SL050,34101212084,695,36,489,27,260,0,26,17,6,0,759,40,404,11,310,2,17,19,6,0,1454,76,893,38,570,2,43,36,12,0,3124
SL050,34101212085,577,168,438,7,229,2,12,18,8,0,629,180,346,11,307,1,3,18,7,0,1206,348,784,18,536,3,15,36,15,0,2961
SL050,34101212089,536,58,254,24,182,6,7,10,2,2,559,62,195,15,236,6,0,10,4,2,1095,120,449,39,418,12,7,20,6,4,2170
SL050,34101212090,1,0,0,0,0,0,0,0,0,0,1,0,0,0,1,0,0,0,0,0,2,0,0,0,1,0,0,0,0,0,3
SL050,34101212091,2,0,0,0,0,0,0,0,0,0,6,0,0,0,0,0,0,0,0,0,8,0,0,0,0,0,0,0,0,0,8
SL050,34101212092,4,0,0,0,1,0,0,0,0,0,3,0,0,0,0,0,0,0,0,0,7,0,0,0,1,0,0,0,0,0,8
SL050,34101212093,7,1,0,0,5,0,0,0,0,0,5,0,0,0,1,0,0,0,0,0,12,1,0,0,6,0,0,0,0,0,19
SL050,34101212094,33,4,18,0,8,1,0,0,1,0,35,2,10,0,7,0,0,0,0,0,68,6,28,0,15,1,0,0,1,0,119
SL050,34101212095,21,0,11,0,6,0,0,0,0,0,18,1,6,0,5,0,0,0,0,0,39,1,17,0,11,0,0,0,0,0,68
SL050,34101212096,37,3,1,0,4,0,0,0,0,0,37,3,0,0,3,0,0,0,0,0,74,6,1,0,7,0,0,0,0,0,88
SL050,34101212097,0,0,0,0,0,0,0,0,0,0,1,0,0,0,0,0,0,0,0,0,1,0,0,0,0,0,0,0,0,0,1
SL050,34101212098,23,0,15,0,1,0,0,0,0,0,26,1,15,0,2,0,0,0,0,0,49,1,30,0,3,0,0,0,0,0,83
SL050,34101212099,114,5,6,1,9,2,0,1,0,0,124,3,3,0,21,0,0,2,1,0,238,8,9,1,30,2,0,3,1,0,292
SL050,34101212100,107,3,76,1,9,1,0,0,0,0,101,3,53,1,17,0,1,0,4,0,208,6,129,2,26,1,1,0,4,0,377
SL050,34101212101,15,0,4,0,2,0,0,0,0,0,21,0,2,0,2,0,0,0,1,0,36,0,6,0,4,0,0,0,1,0,47
SL050,34101212102,28,3,37,0,5,0,0,0,0,0,33,3,30,0,6,0,0,0,0,0,61,6,67,0,11,0,0,0,0,0,145
SL050,34101212103,1,0,0,0,0,0,0,0,0,0,5,0,0,0,3,0,0,0,0,0,6,0,0,0,3,0,0,0,0,0,9
SL050,34101212104,162,6,92,2,140,4,4,15,0,1,172,8,58,1,202,3,0,11,0,0,334,14,150,3,342,7,4,26,0,1,881
SL050,34101212105,37,0,3,0,1,2,0,0,0,0,36,1,2,0,4,2,0,0,0,0,73,1,5,0,5,4,0,0,0,0,88
SL050,34101212106,8,1,23,1,7,0,0,0,0,0,12,1,17,2,17,1,0,1,0,0,20,2,40,3,24,1,0,1,0,0,91
SL050,34101212107,4,3,1,0,4,0,0,0,0,0,4,0,1,0,10,0,0,0,0,0,8,3,2,0,14,0,0,0,0,0,27
SL050,34101212108,8,0,0,1,1,0,2,0,0,0,7,1,1,0,1,0,0,0,0,0,15,1,1,1,2,0,2,0,0,0,22
SL050,34101212109,11,0,1,0,1,0,0,0,0,0,11,0,0,0,5,0,0,0,1,1,22,0,1,0,6,0,0,0,1,1,31
SL050,34101212110,2,0,0,0,1,0,0,0,0,0,2,0,0,0,1,0,0,0,0,0,4,0,0,0,2,0,0,0,0,0,6
SL050,34101212111,23,1,2,0,0,0,0,0,0,0,24,1,0,0,1,0,0,0,0,0,47,2,2,0,1,0,0,0,0,0,52
SL050,34101212112,13,0,0,0,2,0,0,0,0,0,8,0,0,0,2,0,0,0,0,0,21,0,0,0,4,0,0,0,0,0,25
SL050,34101212113,2,0,0,0,0,0,0,0,0,0,2,0,1,0,1,0,0,0,0,0,4,0,1,0,1,0,0,0,0,0,6
SL050,34101212114,5,0,0,0,3,0,0,0,0,0,4,0,0,0,4,0,0,0,0,0,9,0,0,0,7,0,0,0,0,0,16
SL050,34101212115,7,2,0,0,3,0,0,0,0,0,7,5,0,0,4,0,0,0,0,0,14,7,0,0,7,0,0,0,0,0,28
SL050,34101212117,413,33,144,2,28,0,6,3,1,0,440,34,94,2,28,1,0,4,1,0,853,67,238,4,56,1,6,7,2,0,1234
SL050,34101212118,0,0,0,0,1,0,0,0,0,0,0,0,0,0,0,0,0,0,0,0,0,0,0,0,1,0,0,0,0,0,1
SL050,34101212119,5,0,0,0,1,0,0,0,0,0,1,0,0,0,0,0,0,0,0,0,6,0,0,0,1,0,0,0,0,0,7
SL050,34101212120,3,0,3,0,6,0,0,0,0,0,8,0,1,0,7,0,0,0,0,0,11,0,4,0,13,0,0,0,0,0,28
SL050,34101212121,54,0,8,0,4,0,3,0,1,0,56,1,7,0,8,0,0,0,0,0,110,1,15,0,12,0,3,0,1,0,142
SL050,34101212122,49,0,4,0,1,1,0,0,0,0,48,1,4,0,6,1,0,0,0,0,97,1,8,0,7,2,0,0,0,0,115
SL050,34101212123,2,0,0,0,0,0,0,0,0,0,1,0,0,0,0,0,0,0,0,0,3,0,0,0,0,0,0,0,0,0,3
SL050,34101212124,217,5,66,0,11,0,0,0,1,0,209,13,32,1,18,0,0,0,0,0,426,18,98,1,29,0,0,0,1,0,573
SL050,34101212125,13,0,0,0,1,0,0,0,0,0,15,0,0,0,2,0,0,0,0,0,28,0,0,0,3,0,0,0,0,0,31
SL050,34101212126,437,40,500,26,201,1,9,30,4,0,509,37,395,7,328,4,4,30,2,1,946,77,895,33,529,5,13,60,6,1,2565
SL050,34101212127,0,0,0,0,0,0,0,0,0,0,0,1,0,0,1,0,0,0,0,0,0,1,0,0,1,0,0,0,0,0,2
SL050,34101212128,62,1,15,0,4,0,0,1,0,0,67,2,13,1,12,0,0,1,0,0,129,3,28,1,16,0,0,2,0,0,179
SL050,34101212129,34,0,13,0,4,0,8,1,0,0,52,0,16,0,12,0,7,1,0,0,86,0,29,0,16,0,15,2,0,0,148
SL050,34101212130,10,0,2,0,1,0,0,0,0,0,17,0,1,0,3,0,0,0,0,0,27,0,3,0,4,0,0,0,0,0,34
SL050,34101212131,0,0,1,0,0,0,0,0,0,0,0,0,0,0,0,0,0,0,0,0,0,0,1,0,0,0,0,0,0,0,1
SL050,34101212132,35,0,0,0,1,0,0,0,0,0,25,0,1,0,1,1,0,0,0,0,60,0,1,0,2,1,0,0,0,0,64
SL050,34101212133,0,1,0,0,0,0,0,0,0,0,0,0,0,0,1,0,0,0,0,0,0,1,0,0,1,0,0,0,0,0,2
SL050,34101212134,5,0,0,0,0,0,0,0,0,0,2,0,0,0,0,0,0,0,0,0,7,0,0,0,0,0,0,0,0,0,7
SL050,34101212135,1460,107,846,55,571,10,28,66,31,1,1542,106,647,42,806,6,12,47,26,1,3002,213,1493,97,1377,16,40,113,57,2,6410
SL050,34101212136,20,1,12,0,3,0,0,3,0,0,33,1,15,0,3,0,0,4,0,0,53,2,27,0,6,0,0,7,0,0,95
SL050,34101212138,1149,352,545,66,489,11,103,25,3,0,1213,437,448,32,705,11,26,35,7,0,2362,789,993,98,1194,22,129,60,10,0,5657
SL050,34101212139,9,0,0,0,0,0,0,0,0,0,8,0,0,0,0,0,0,1,0,0,17,0,0,0,0,0,0,1,0,0,18
SL050,34101212140,91,0,5,0,2,0,0,0,0,0,77,2,5,0,21,0,0,0,0,0,168,2,10,0,23,0,0,0,0,0,203
SL050,34101212141,1,0,0,0,0,0,0,0,0,0,2,0,0,0,0,0,0,0,0,0,3,0,0,0,0,0,0,0,0,0,3
SL050,34101212142,5,0,1,0,0,0,0,0,0,0,5,0,1,0,0,0,0,0,0,0,10,0,2,0,0,0,0,0,0,0,12
SL050,34101212901,101,6,39,1,22,1,1,0,0,0,111,6,24,3,53,3,0,0,1,0,212,12,63,4,75,4,1,0,1,0,372
SL050,34101212902,77,1,91,5,45,1,0,0,0,0,84,4,66,0,55,0,0,0,1,0,161,5,157,5,100,1,0,0,1,0,430
SL050,34081313001,12,2,7,0,4,0,0,0,0,0,17,2,4,0,6,0,0,0,0,0,29,4,11,0,10,0,0,0,0,0,54
SL050,34081313002,12,2,0,0,5,0,0,0,0,0,20,0,0,0,17,0,0,0,0,0,32,2,0,0,22,0,0,0,0,0,56
SL050,34081313003,2,2,0,0,0,0,0,0,0,0,1,2,0,0,3,0,0,0,0,0,3,4,0,0,3,0,0,0,0,0,10
SL050,34081313004,25,1,7,0,2,0,0,0,0,0,22,1,0,0,9,0,0,0,0,0,47,2,7,0,11,0,0,0,0,0,67
SL050,34081313005,537,63,193,51,409,9,15,25,1,0,565,60,139,13,578,10,6,28,2,0,1102,123,332,64,987,19,21,53,3,0,2704
SL050,34081313006,10,0,1,0,0,0,0,0,0,0,6,0,1,0,4,0,0,0,0,0,16,0,2,0,4,0,0,0,0,0,22
SL050,34081313007,7,0,0,0,4,0,0,0,0,0,5,0,2,1,9,0,0,0,0,0,12,0,2,1,13,0,0,0,0,0,28
SL050,34081313008,2,1,7,0,2,0,0,0,0,0,1,0,4,0,3,0,0,0,0,0,3,1,11,0,5,0,0,0,0,0,20
SL050,34081313009,42,0,1,0,3,0,0,0,0,0,32,1,0,0,4,0,0,0,1,0,74,1,1,0,7,0,0,0,1,0,84
SL050,34081313010,3,0,0,0,3,0,0,0,0,0,5,0,0,0,8,0,0,0,0,0,8,0,0,0,11,0,0,0,0,0,19
SL050,34081313011,11,1,4,30,11,2,0,3,0,0,18,0,4,17,23,0,0,4,0,0,29,1,8,47,34,2,0,7,0,0,128
SL050,34081313012,0,0,0,0,0,0,0,0,0,0,1,0,1,0,3,0,0,0,0,0,1,0,1,0,3,0,0,0,0,0,5
SL050,34081313013,63,1,81,0,68,0,0,6,0,0,65,2,52,1,81,0,1,6,2,0,128,3,133,1,149,0,1,12,2,0,429
SL050,34081313014,6,0,1,0,1,0,0,0,0,0,5,0,0,0,4,0,0,0,0,0,11,0,1,0,5,0,0,0,0,0,17
SL050,34081313015,19,0,18,0,24,2,2,4,1,0,15,0,9,1,41,0,6,6,1,0,34,0,27,1,65,2,8,10,2,0,149
SL050,34081313016,9,0,5,0,7,0,0,0,0,0,6,0,3,0,9,0,0,0,0,0,15,0,8,0,16,0,0,0,0,0,39
SL050,34081313017,3,0,13,0,3,0,0,0,0,0,11,0,9,0,3,0,0,0,0,0,14,0,22,0,6,0,0,0,0,0,42
SL050,34081313018,37,1,8,0,1,0,0,0,0,0,35,1,5,0,5,0,0,0,0,0,72,2,13,0,6,0,0,0,0,0,93
SL050,34081313019,316,18,19,15,16,0,0,4,0,0,280,20,13,1,34,0,1,4,1,0,596,38,32,16,50,0,1,8,1,0,742
SL050,34081313020,52,2,17,1,30,0,5,3,0,0,44,3,8,0,42,0,1,3,0,0,96,5,25,1,72,0,6,6,0,0,211
SL050,34081313021,2,0,0,1,1,0,0,0,0,0,3,0,0,1,4,0,0,0,0,0,5,0,0,2,5,0,0,0,0,0,12
SL050,34081313022,1,0,0,0,0,0,0,0,0,0,2,0,0,0,1,0,0,0,0,0,3,0,0,0,1,0,0,0,0,0,4
SL050,34081313023,220,3,34,12,377,0,3,5,0,1,199,2,14,1,324,0,0,4,0,0,419,5,48,13,701,0,3,9,0,1,1199
SL050,34081313024,2,0,4,0,2,0,0,0,0,0,3,0,5,0,2,0,0,0,0,0,5,0,9,0,4,0,0,0,0,0,18
SL050,34081313025,2,0,0,0,2,0,0,0,0,0,2,0,0,0,4,0,0,0,0,0,4,0,0,0,6,0,0,0,0,0,10
SL050,34081313026,5,0,0,0,0,0,0,0,0,0,7,0,0,0,0,0,0,0,0,0,12,0,0,0,0,0,0,0,0,0,12
SL050,34081313027,28,2,19,0,20,1,0,1,0,0,18,1,11,0,28,1,0,2,0,0,46,3,30,0,48,2,0,3,0,0,132
SL050,34081313028,412,11,97,7,24,3,6,6,1,0,371,15,83,3,43,3,5,9,0,0,783,26,180,10,67,6,11,15,1,0,1099
SL050,34081313029,0,0,0,2,0,0,0,0,0,0,0,0,0,1,0,0,0,0,0,0,0,0,0,3,0,0,0,0,0,0,3
SL050,34081313030,4,0,0,0,0,0,0,0,0,0,2,0,0,0,1,0,0,0,0,0,6,0,0,0,1,0,0,0,0,0,7
SL050,34081313031,25,1,17,0,10,0,0,0,0,0,25,1,13,1,29,1,0,0,0,0,50,2,30,1,39,1,0,0,0,0,123
SL050,34081313032,2,0,0,0,1,0,0,0,0,0,1,0,0,0,3,0,0,0,0,0,3,0,0,0,4,0,0,0,0,0,7
SL050,34081313033,44,1,2,0,7,0,0,0,0,0,32,0,1,0,12,0,0,0,0,0,76,1,3,0,19,0,0,0,0,0,99
SL050,34081313034,415,83,261,69,1076,23,31,158,65,2,568,91,210,36,1595,35,17,160,38,2,983,174,471,105,2671,58,48,318,103,4,4935
SL050,34081313035,7,0,8,0,2,0,0,0,0,0,8,0,5,0,9,0,0,0,0,0,15,0,13,0,11,0,0,0,0,0,39
SL050,34081313036,6,0,0,0,1,0,0,0,0,0,8,0,0,0,2,0,0,0,0,0,14,0,0,0,3,0,0,0,0,0,17
SL050,34081313037,28,0,12,0,6,0,0,0,0,0,20,1,4,0,10,1,0,0,0,0,48,1,16,0,16,1,0,0,0,0,82
SL050,34081313038,8,0,1,1,3,0,0,0,0,0,4,0,0,0,7,0,1,1,1,0,12,0,1,1,10,0,1,1,1,0,27
SL050,34081313039,252,13,199,12,72,3,5,8,0,0,238,10,144,4,82,0,2,16,1,0,490,23,343,16,154,3,7,24,1,0,1061
SL050,34081313040,1,1,3,1,6,0,0,0,1,0,6,1,2,0,7,0,0,0,1,0,7,2,5,1,13,0,0,0,2,0,30
SL050,34081313041,2,0,0,0,1,0,0,0,0,0,3,0,0,0,1,0,0,0,0,0,5,0,0,0,2,0,0,0,0,0,7
SL050,34081313042,1,1,1,0,2,0,0,0,0,0,2,1,0,0,4,0,0,0,1,0,3,2,1,0,6,0,0,0,1,0,13
SL050,34081313043,2,1,0,0,1,0,0,0,0,0,1,0,0,0,3,0,0,1,0,0,3,1,0,0,4,0,0,1,0,0,9
SL050,34081313044,42,2,68,0,10,0,1,2,0,0,47,1,34,1,18,0,0,2,0,0,89,3,102,1,28,0,1,4,0,0,228
SL050,34081313045,14,0,3,0,4,0,0,0,0,0,8,0,2,0,3,0,0,0,0,0,22,0,5,0,7,0,0,0,0,0,34
SL050,34081313046,3,0,0,0,0,0,0,0,0,0,2,0,0,0,2,0,0,0,0,0,5,0,0,0,2,0,0,0,0,0,7
SL050,34081313047,431,31,148,4,34,2,1,7,0,0,354,47,90,3,78,1,0,4,1,0,785,78,238,7,112,3,1,11,1,0,1236
SL050,34081313048,2,0,0,0,2,0,0,0,0,0,0,0,0,0,0,0,0,0,0,0,2,0,0,0,2,0,0,0,0,0,4
SL050,34081313049,3,0,8,0,5,0,0,0,0,0,10,0,7,1,9,0,0,0,0,0,13,0,15,1,14,0,0,0,0,0,43
SL050,34081313050,5,1,13,0,1,0,0,0,0,0,11,2,7,0,5,0,0,0,0,0,16,3,20,0,6,0,0,0,0,0,45
SL050,34081313051,1,0,0,0,3,0,0,0,0,0,3,0,1,0,2,0,0,0,0,0,4,0,1,0,5,0,0,0,0,0,10
SL050,34081313052,223,2,47,0,26,0,1,7,0,0,228,2,34,0,53,0,1,6,0,0,451,4,81,0,79,0,2,13,0,0,630
SL050,34081313053,274,8,84,8,146,3,10,13,3,1,239,14,63,2,208,2,11,17,1,0,513,22,147,10,354,5,21,30,4,1,1107
SL050,34081313054,70,2,7,0,6,0,0,4,0,0,40,3,6,0,25,0,1,2,0,0,110,5,13,0,31,0,1,6,0,0,166
SL050,34081313055,2,1,0,1,2,0,0,0,0,0,1,2,0,0,2,0,0,0,0,0,3,3,0,1,4,0,0,0,0,0,11
SL050,34081313056,83,13,78,4,114,3,8,21,1,0,75,9,52,2,216,5,0,19,0,0,158,22,130,6,330,8,8,40,1,0,703
SL050,34081313057,25,0,3,0,0,0,0,1,0,0,18,0,2,0,5,0,0,1,0,0,43,0,5,0,5,0,0,2,0,0,55
SL050,34081313058,111,8,61,0,30,0,0,4,0,0,88,6,36,1,33,0,0,3,0,0,199,14,97,1,63,0,0,7,0,0,381
SL050,34081313059,2,0,0,0,2,0,0,0,0,0,7,1,0,0,3,0,0,0,0,0,9,1,0,0,5,0,0,0,0,0,15
SL050,34081313060,2,0,0,0,0,0,0,0,0,0,0,0,0,0,0,0,0,0,0,0,2,0,0,0,0,0,0,0,0,0,2
SL050,34081313061,245,14,49,1,26,0,3,3,1,0,220,12,38,0,64,0,1,4,0,0,465,26,87,1,90,0,4,7,1,0,681
SL050,34081313062,1,0,3,0,1,1,0,0,0,0,2,0,5,0,2,0,0,0,0,0,3,0,8,0,3,1,0,0,0,0,15
SL050,34081313063,35,3,18,0,20,1,0,3,0,0,27,1,15,0,35,0,1,2,0,0,62,4,33,0,55,1,1,5,0,0,161
SL050,34081313064,35,3,18,0,24,0,0,5,0,0,40,3,6,0,33,2,0,6,1,0,75,6,24,0,57,2,0,11,1,0,176
SL050,34081313065,115,0,8,0,9,0,0,2,0,0,109,0,2,0,26,1,0,2,1,0,224,0,10,0,35,1,0,4,1,0,275
SL050,34081313066,51,3,67,1,23,1,0,1,0,0,44,0,40,0,34,0,0,1,0,0,95,3,107,1,57,1,0,2,0,0,266
SL050,34081313067,14,0,3,0,1,0,0,0,0,0,8,0,2,0,3,0,0,0,0,0,22,0,5,0,4,0,0,0,0,0,31
SL050,34081313068,3,0,3,0,0,2,0,0,0,0,0,0,3,0,2,0,0,0,0,0,3,0,6,0,2,2,0,0,0,0,13
SL050,34081313069,6,0,1,0,1,0,0,0,1,0,7,0,0,0,0,0,0,0,0,0,13,0,1,0,1,0,0,0,1,0,16
SL050,34081313070,6,0,13,0,1,0,0,0,0,0,7,0,11,0,2,0,0,0,0,0,13,0,24,0,3,0,0,0,0,0,40
SL050,34081313071,226,23,161,28,361,6,10,51,10,3,263,35,151,17,586,6,7,61,5,1,489,58,312,45,947,12,17,112,15,4,2011
SL050,34081313072,29,1,26,0,7,0,0,0,0,0,24,2,17,0,4,1,0,0,0,0,53,3,43,0,11,1,0,0,0,0,111
SL050,34081313073,3,0,0,1,1,0,0,0,0,0,4,0,0,0,1,0,0,0,0,0,7,0,0,1,2,0,0,0,0,0,10
SL050,34081313074,3,0,5,0,2,0,0,0,0,0,1,0,1,0,2,0,0,0,0,0,4,0,6,0,4,0,0,0,0,0,14
SL050,34081313075,0,0,0,0,0,0,0,0,0,0,0,0,0,0,1,0,0,0,0,0,0,0,0,0,1,0,0,0,0,0,1
SL050,34081313076,1,0,0,0,0,0,0,0,0,0,2,0,0,0,7,0,0,0,0,0,3,0,0,0,7,0,0,0,0,0,10
SL050,34081313077,40,0,28,2,13,0,0,3,0,0,33,1,20,0,32,0,0,4,0,0,73,1,48,2,45,0,0,7,0,0,176
SL050,34081313078,334,25,165,4,284,2,2,5,0,1,254,26,104,0,263,1,3,4,3,0,588,51,269,4,547,3,5,9,3,1,1480
SL050,34081313079,172,7,33,21,101,0,4,5,1,0,159,11,12,1,110,0,0,4,0,0,331,18,45,22,211,0,4,9,1,0,641
SL050,34081313080,0,0,0,0,0,0,0,0,1,0,0,1,0,0,2,0,0,0,0,0,0,1,0,0,2,0,0,0,1,0,4
SL050,34081313081,10,0,2,0,0,0,0,0,0,0,5,0,1,0,0,0,0,0,0,0,15,0,3,0,0,0,0,0,0,0,18
SL050,34081313082,1135,107,332,32,493,4,11,27,2,0,1152,111,241,8,628,5,2,34,4,0,2287,218,573,40,1121,9,13,61,6,0,4328
SL050,34081313083,23,2,23,6,22,0,0,1,0,0,24,2,16,0,30,0,0,0,0,0,47,4,39,6,52,0,0,1,0,0,149
SL050,34081313084,10,0,0,1,7,0,0,0,0,0,6,0,1,0,9,0,0,0,0,0,16,0,1,1,16,0,0,0,0,0,34
SL050,34081313085,17,1,16,0,15,0,0,2,0,0,7,3,13,0,20,0,0,3,0,0,24,4,29,0,35,0,0,5,0,0,97
SL050,34081313087,315,9,189,16,486,6,7,28,9,0,283,19,177,8,686,7,6,35,3,0,598,28,366,24,1172,13,13,63,12,0,2289
SL050,34081313088,4,0,7,0,0,0,0,1,0,0,3,0,5,0,1,0,0,0,0,0,7,0,12,0,1,0,0,1,0,0,21
SL050,34081313089,14,0,5,0,5,0,0,0,0,0,12,0,1,0,8,0,0,0,0,0,26,0,6,0,13,0,0,0,0,0,45
SL050,34081313090,1,0,5,0,3,0,0,0,0,0,0,0,2,0,5,0,0,1,0,0,1,0,7,0,8,0,0,1,0,0,17
SL050,34081313091,9,0,1,0,2,0,0,0,0,0,9,0,0,0,1,0,0,0,0,0,18,0,1,0,3,0,0,0,0,0,22
SL050,34081313092,28,1,1,0,7,0,0,1,0,0,35,0,2,0,7,0,0,1,0,0,63,1,3,0,14,0,0,2,0,0,83
SL050,34081313093,176,0,5,0,47,1,7,2,0,0,164,2,4,0,63,2,0,2,0,0,340,2,9,0,110,3,7,4,0,0,475
SL050,34081313094,1,0,0,0,0,0,0,0,0,0,1,0,1,0,2,0,0,0,0,0,2,0,1,0,2,0,0,0,0,0,5
SL050,34081313095,0,0,0,0,2,0,0,0,0,0,0,0,0,0,2,0,0,0,0,0,0,0,0,0,4,0,0,0,0,0,4
SL050,34081313096,306,15,27,0,34,1,0,6,1,0,303,13,25,1,42,0,1,7,0,0,609,28,52,1,76,1,1,13,1,0,782
SL050,34081313097,47,3,47,0,6,0,0,1,0,0,57,4,26,0,10,1,0,0,0,0,104,7,73,0,16,1,0,1,0,0,202
SL050,34081313098,20,1,5,0,8,1,0,1,2,0,19,2,6,0,20,0,0,2,0,0,39,3,11,0,28,1,0,3,2,0,87
SL050,34081313901,40,0,0,0,5,1,0,0,0,0,41,1,1,0,6,0,0,0,0,0,81,1,1,0,11,1,0,0,0,0,95
SL050,34081313902,10,0,0,0,0,0,0,0,0,0,16,0,0,0,2,1,0,0,0,0,26,0,0,0,2,1,0,0,0,0,29
SL050,34081313903,3,0,9,0,0,0,0,0,0,0,1,0,9,0,2,0,0,0,0,0,4,0,18,0,2,0,0,0,0,0,24
SL050,34081313904,56,1,0,1,0,0,0,0,0,0,42,1,3,0,4,0,0,1,0,0,98,2,3,1,4,0,0,1,0,0,109
SL050,34011414001,31,0,11,0,5,1,1,1,0,0,33,1,7,0,10,0,0,1,0,0,64,1,18,0,15,1,1,2,0,0,102
SL050,34011414002,31,4,78,0,16,0,3,9,0,0,27,3,55,0,42,0,1,6,0,0,58,7,133,0,58,0,4,15,0,0,275
SL050,34011414003,10,4,3,0,2,0,0,0,0,0,5,5,1,2,3,0,0,0,0,0,15,9,4,2,5,0,0,0,0,0,35
SL050,34011414004,23,11,30,0,7,0,0,0,0,0,15,11,8,1,12,0,0,1,0,1,38,22,38,1,19,0,0,1,0,1,120
SL050,34011414005,40,9,10,3,16,0,1,5,0,1,60,5,22,3,27,2,0,4,0,0,100,14,32,6,43,2,1,9,0,1,208
SL050,34011414006,6,0,0,0,4,0,0,1,0,0,3,0,0,0,10,0,0,3,0,0,9,0,0,0,14,0,0,4,0,0,27
SL050,34011414007,189,11,33,405,33,1,7,9,0,0,146,8,9,4,59,1,1,11,1,1,335,19,42,409,92,2,8,20,1,1,929
SL050,34011414008,10,0,3,1,3,0,0,0,0,0,11,4,3,4,11,0,0,2,0,0,21,4,6,5,14,0,0,2,0,0,52
SL050,34011414009,15,1,2,0,9,0,2,0,0,0,15,1,3,2,14,0,0,0,0,0,30,2,5,2,23,0,2,0,0,0,64
SL050,34011414010,18,1,23,0,7,0,0,1,0,0,14,3,12,0,12,1,0,1,0,0,32,4,35,0,19,1,0,2,0,0,93
SL050,34011414011,9,2,0,0,0,0,0,0,0,0,4,2,0,0,1,0,0,0,0,0,13,4,0,0,1,0,0,0,0,0,18
SL050,34011414012,44,0,31,1,7,0,5,2,1,0,38,4,11,0,23,0,3,1,0,0,82,4,42,1,30,0,8,3,1,0,171
SL050,34011414013,118,12,62,6,100,2,7,8,1,0,117,16,45,4,252,4,1,11,1,0,235,28,107,10,352,6,8,19,2,0,767
SL050,34011414014,19,0,9,2,4,2,0,0,2,0,20,1,3,0,13,0,0,0,1,0,39,1,12,2,17,2,0,0,3,0,76
SL050,34011414015,28,1,0,1,8,0,1,0,0,0,11,1,1,0,11,0,1,0,0,0,39,2,1,1,19,0,2,0,0,0,64
SL050,34011414016,5,2,1,0,1,0,0,1,0,0,5,1,1,0,3,0,0,2,0,0,10,3,2,0,4,0,0,3,0,0,22
SL050,34011414017,115,4,38,5,66,1,3,5,0,1,106,10,30,8,122,3,2,7,0,1,221,14,68,13,188,4,5,12,0,2,527
SL050,34011414018,10,2,11,0,4,0,5,1,0,0,10,3,7,0,20,1,2,1,0,0,20,5,18,0,24,1,7,2,0,0,77
SL050,34011414019,63,0,51,0,16,0,1,4,1,0,51,2,38,1,20,0,0,3,0,0,114,2,89,1,36,0,1,7,1,0,251
SL050,34011414020,5,1,0,0,1,0,0,0,0,0,5,0,0,0,5,0,0,0,1,0,10,1,0,0,6,0,0,0,1,0,18
SL050,34011414021,1496,353,862,292,2195,69,176,289,112,27,1701,717,731,128,3840,90,106,379,79,25,3197,1070,1593,420,6035,159,282,668,191,52,13667
SL050,34011414022,20,4,8,1,5,0,0,0,0,0,25,6,5,0,12,0,0,1,0,0,45,10,13,1,17,0,0,1,0,0,87
SL050,34011414023,10,2,2,0,3,0,0,1,0,0,6,1,0,1,15,0,0,0,0,0,16,3,2,1,18,0,0,1,0,0,41
SL050,34011414024,4,0,8,2,12,0,0,0,0,0,4,3,4,2,10,0,0,1,0,0,8,3,12,4,22,0,0,1,0,0,50
SL050,34011414025,24,0,2,0,6,1,0,0,0,0,16,1,0,0,23,0,0,2,0,0,40,1,2,0,29,1,0,2,0,0,75
SL050,34011414026,24,1,2,0,6,0,9,1,0,0,24,0,4,1,10,0,4,2,0,0,48,1,6,1,16,0,13,3,0,0,88
SL050,34011414027,41,4,10,0,23,0,2,1,1,0,36,4,12,0,42,1,1,0,0,1,77,8,22,0,65,1,3,1,1,1,179
SL050,34011414028,3,0,0,0,0,0,0,0,0,0,2,0,0,0,0,0,0,0,0,0,5,0,0,0,0,0,0,0,0,0,5
SL050,34011414029,12,9,0,0,12,0,0,1,0,0,18,14,3,0,22,0,0,2,0,0,30,23,3,0,34,0,0,3,0,0,93
SL050,34011414030,99,5,19,6,19,4,1,1,1,0,106,12,12,2,47,2,0,3,0,0,205,17,31,8,66,6,1,4,1,0,339
SL050,34011414031,2,0,1,1,0,1,0,0,0,0,4,0,0,0,2,0,0,0,0,0,6,0,1,1,2,1,0,0,0,0,11
SL050,34011414032,4,1,0,0,4,0,0,0,0,0,4,0,2,1,7,0,0,0,0,0,8,1,2,1,11,0,0,0,0,0,23
SL050,34011414033,3,0,0,0,3,0,0,0,0,0,2,2,1,0,8,1,0,0,0,0,5,2,1,0,11,1,0,0,0,0,20
SL050,34011414034,2,1,0,0,0,0,0,0,0,0,3,0,0,0,2,0,0,0,1,0,5,1,0,0,2,0,0,0,1,0,9
SL050,34011414035,20,3,8,2,7,2,2,1,1,0,22,4,6,2,14,1,0,3,0,0,42,7,14,4,21,3,2,4,1,0,98
SL050,34011414036,32,2,3,2,11,0,0,3,0,0,34,7,2,0,8,0,0,3,0,0,66,9,5,2,19,0,0,6,0,0,107
SL050,34011414037,276,0,42,3,10,0,0,0,1,1,270,5,7,0,17,1,0,3,4,0,546,5,49,3,27,1,0,3,5,1,640
SL050,34011414038,402,28,251,51,299,2,19,26,12,3,357,58,147,10,489,5,14,25,9,1,759,86,398,61,788,7,33,51,21,4,2208
SL050,34011414039,22,7,2,0,2,0,0,0,0,0,20,7,2,0,6,0,0,0,0,1,42,14,4,0,8,0,0,0,0,1,69
SL050,34011414040,17,1,4,0,2,0,0,2,0,0,15,0,3,0,13,0,0,2,0,0,32,1,7,0,15,0,0,4,0,0,59
SL050,34011414041,43,1,8,8,3,0,0,0,0,0,61,0,4,0,19,0,0,0,0,0,104,1,12,8,22,0,0,0,0,0,147
SL050,34011414042,163,12,42,6,46,4,4,8,0,1,197,12,33,15,105,2,0,9,0,0,360,24,75,21,151,6,4,17,0,1,659
SL050,34011414043,99,4,8,0,7,0,3,5,0,1,111,7,6,1,29,0,2,9,0,0,210,11,14,1,36,0,5,14,0,1,292
SL050,34011414044,2,1,7,0,1,0,0,0,0,0,4,2,4,0,6,0,0,0,0,0,6,3,11,0,7,0,0,0,0,0,27
SL050,34011414045,11,3,1,1,4,2,1,2,0,0,13,1,1,0,15,0,0,1,0,0,24,4,2,1,19,2,1,3,0,0,56
SL050,34011414046,11,2,3,0,2,0,1,0,0,0,12,7,8,0,11,0,0,0,0,0,23,9,11,0,13,0,1,0,0,0,57
SL050,34011414047,21,3,2,0,7,0,0,0,0,0,8,1,1,0,8,0,0,0,0,0,29,4,3,0,15,0,0,0,0,0,51
SL050,34011414048,11,2,6,0,0,1,0,0,0,0,12,1,5,0,8,0,0,0,0,0,23,3,11,0,8,1,0,0,0,0,46
SL050,34011414049,458,94,37,7,39,3,8,9,1,0,415,61,20,3,88,3,6,16,1,0,873,155,57,10,127,6,14,25,2,0,1269
SL050,34011414050,3,0,5,1,3,0,9,0,0,0,3,1,2,0,9,0,8,0,0,1,6,1,7,1,12,0,17,0,0,1,45
SL050,34011414051,3,0,0,0,2,0,0,0,0,1,6,0,0,0,3,0,0,0,0,0,9,0,0,0,5,0,0,0,0,1,15
SL050,34011414052,62,7,10,4,19,0,9,7,0,1,87,5,16,4,36,0,3,6,1,1,149,12,26,8,55,0,12,13,1,2,278
SL050,34011414053,62,3,8,0,10,0,1,3,1,0,54,4,7,0,26,0,4,4,0,0,116,7,15,0,36,0,5,7,1,0,187
SL050,34011414054,200,8,82,8,57,1,8,9,0,0,197,18,60,3,97,5,7,10,0,0,397,26,142,11,154,6,15,19,0,0,770
SL050,34011414055,84,9,87,5,48,5,2,7,3,0,97,10,66,2,114,4,0,13,3,0,181,19,153,7,162,9,2,20,6,0,559
SL050,34011414056,122,112,116,271,112,4,12,20,43,0,148,145,88,94,174,5,1,21,21,0,270,257,204,365,286,9,13,41,64,0,1509
SL050,34011414057,48,1,8,1,9,0,4,2,0,0,66,3,3,2,31,2,1,3,0,0,114,4,11,3,40,2,5,5,0,0,184
SL050,34011414058,111,4,78,3,39,0,2,5,0,0,73,9,28,0,68,0,2,3,0,0,184,13,106,3,107,0,4,8,0,0,425
SL050,34011414059,1,0,1,1,0,0,0,0,0,0,2,2,0,0,3,0,0,0,0,0,3,2,1,1,3,0,0,0,0,0,10
SL050,34011414060,20,0,32,0,10,0,0,1,0,0,33,4,20,0,26,1,0,1,0,0,53,4,52,0,36,1,0,2,0,0,148
SL050,34011414061,4,0,0,0,0,0,0,0,0,0,3,2,0,0,2,0,0,0,0,0,7,2,0,0,2,0,0,0,0,0,11
SL050,34011414062,2,0,0,0,0,0,0,0,0,0,2,0,0,1,5,0,0,0,0,0,4,0,0,1,5,0,0,0,0,0,10
SL050,34011414063,4,0,2,6,4,0,0,0,0,0,4,1,0,0,4,0,0,0,0,0,8,1,2,6,8,0,0,0,0,0,25
SL050,34011414064,1,2,0,0,0,0,1,0,0,0,2,1,0,0,3,0,0,0,0,0,3,3,0,0,3,0,1,0,0,0,10
SL050,34011414065,8,1,2,2,3,2,1,1,0,0,7,1,4,1,7,2,0,1,0,0,15,2,6,3,10,4,1,2,0,0,43
SL050,34011414066,15,6,3,0,11,0,1,2,0,0,19,4,8,0,25,0,1,2,0,0,34,10,11,0,36,0,2,4,0,0,97
SL050,34011414067,18,4,9,0,6,0,0,2,1,1,15,3,6,1,17,2,0,2,1,0,33,7,15,1,23,2,0,4,2,1,88
SL050,34011414068,22,1,1,1,3,0,0,1,0,0,18,1,3,0,6,0,0,0,0,0,40,2,4,1,9,0,0,1,0,0,57
SL050,34011414069,69,3,5,0,6,0,1,3,1,0,52,4,1,0,16,1,3,1,0,0,121,7,6,0,22,1,4,4,1,0,166
SL050,34011414070,10,0,2,0,5,0,0,0,1,0,10,0,1,0,7,0,0,0,0,0,20,0,3,0,12,0,0,0,1,0,36
SL050,34011414071,10,2,0,0,0,0,0,0,0,0,6,1,0,1,8,0,0,0,0,0,16,3,0,1,8,0,0,0,0,0,28
SL050,34011414072,8,0,2,0,3,0,0,0,0,0,6,0,0,0,6,0,0,0,0,0,14,0,2,0,9,0,0,0,0,0,25
SL050,34011414073,18,1,1,0,6,0,0,0,0,0,14,1,2,0,17,0,0,0,0,0,32,2,3,0,23,0,0,0,0,0,60
SL050,34011414074,18,0,0,0,4,0,0,0,0,0,21,1,0,0,22,0,0,0,0,0,39,1,0,0,26,0,0,0,0,0,66
SL050,34011414075,6,0,0,0,1,0,0,0,0,0,4,0,1,0,1,0,0,0,0,0,10,0,1,0,2,0,0,0,0,0,13
SL050,34121515001,47,26,0,2,50,3,0,0,1,1,66,28,1,2,56,3,0,2,1,0,113,54,1,4,106,6,0,2,2,1,289
SL050,34121515002,319,151,32,38,1048,26,2,22,12,2,330,177,30,22,1424,22,2,38,13,3,649,328,62,60,2472,48,4,60,25,5,3713
SL050,34121515003,8,1,4,1,5,0,0,0,0,0,6,1,4,0,10,0,0,0,0,0,14,2,8,1,15,0,0,0,0,0,40
SL050,34121515004,31,10,19,12,43,5,0,4,0,0,24,12,14,5,70,3,0,3,1,0,55,22,33,17,113,8,0,7,1,0,256
SL050,34121515005,431,271,208,84,855,9,9,13,7,3,372,209,171,53,1098,15,0,11,9,3,803,480,379,137,1953,24,9,24,16,6,3831
SL050,34121515006,99,20,5,1,36,0,1,5,0,0,52,21,4,1,64,0,1,2,0,0,151,41,9,2,100,0,2,7,0,0,312
SL050,34121515007,21,32,12,0,28,0,0,0,0,0,22,36,6,1,24,1,0,0,0,0,43,68,18,1,52,1,0,0,0,0,183
SL050,34121515008,82,34,3,8,103,7,0,1,2,0,69,27,5,5,128,5,0,1,0,0,151,61,8,13,231,12,0,2,2,0,480
SL050,34121515009,164,30,13,33,266,7,2,6,1,2,149,28,8,5,407,9,3,8,1,1,313,58,21,38,673,16,5,14,2,3,1143
SL050,34121515010,4,5,9,1,8,0,0,0,0,0,11,4,5,0,21,0,0,0,0,0,15,9,14,1,29,0,0,0,0,0,68
SL050,34121515011,88,29,11,23,164,13,6,5,3,1,97,28,6,9,251,21,2,6,5,2,185,57,17,32,415,34,8,11,8,3,770
SL050,34121515012,36,9,7,0,38,3,0,2,0,0,39,11,0,0,40,2,0,1,0,0,75,20,7,0,78,5,0,3,0,0,188
SL050,34121515013,67,25,4,5,157,4,0,1,2,0,68,37,3,3,215,4,0,3,2,0,135,62,7,8,372,8,0,4,4,0,600
SL050,34121515014,15,38,0,0,19,0,0,0,0,0,20,39,2,1,19,0,0,1,0,0,35,77,2,1,38,0,0,1,0,0,154
SL050,34121515015,30,4,0,0,28,0,0,3,1,0,14,5,3,2,33,1,0,5,1,0,44,9,3,2,61,1,0,8,2,0,130
SL050,34121515016,37,71,9,19,37,0,0,0,7,0,27,75,6,7,48,2,0,1,2,0,64,146,15,26,85,2,0,1,9,0,348
SL050,34121515017,291,152,21,27,687,11,7,9,10,0,302,142,23,15,873,10,2,19,9,0,593,294,44,42,1560,21,9,28,19,0,2610
SL050,34121515018,5,0,0,1,8,0,0,0,0,0,4,0,0,1,8,0,0,0,0,0,9,0,0,2,16,0,0,0,0,0,27
SL050,34121515019,209,436,10,36,380,7,10,9,2,1,218,428,13,13,541,5,3,13,4,1,427,864,23,49,921,12,13,22,6,2,2339
SL050,34121515020,9,14,0,0,25,15,0,0,0,0,22,16,0,0,42,19,0,1,0,0,31,30,0,0,67,34,0,1,0,0,163
SL050,34121515021,81,36,0,12,130,1,0,2,4,0,65,36,0,4,170,4,1,4,0,0,146,72,0,16,300,5,1,6,4,0,550
SL050,34121515022,135,26,27,8,58,0,0,2,7,1,82,25,22,2,117,7,0,3,1,1,217,51,49,10,175,7,0,5,8,2,524
SL050,34121515023,51,77,5,5,96,6,5,5,0,0,47,67,3,5,136,5,2,11,1,2,98,144,8,10,232,11,7,16,1,2,529
SL050,34121515024,89,83,0,1,54,0,0,1,0,1,53,84,1,1,90,0,0,2,1,0,142,167,1,2,144,0,0,3,1,1,461
SL050,34121515025,20,8,0,0,3,0,0,0,0,0,12,9,0,0,4,0,0,0,0,0,32,17,0,0,7,0,0,0,0,0,56
SL050,34121515027,16,3,1,4,15,0,0,0,0,0,21,2,1,0,27,0,0,0,0,0,37,5,2,4,42,0,0,0,0,0,90
SL050,34121515028,11,7,0,2,14,0,0,0,1,0,11,13,0,2,13,0,0,0,0,0,22,20,0,4,27,0,0,0,1,0,74
SL050,34121515029,18,57,5,2,20,1,0,0,1,0,12,75,4,0,40,0,0,3,0,0,30,132,9,2,60,1,0,3,1,0,238
SL050,34121515030,2375,966,496,1024,7661,179,138,230,110,20,2513,1142,289,375,10253,220,72,346,125,21,4888,2108,785,1399,17914,399,210,576,235,41,28555
SL050,34121515031,293,166,24,42,970,9,1,22,9,2,321,172,30,32,1391,20,2,29,15,2,614,338,54,74,2361,29,3,51,24,4,3552
SL050,34121515032,30,7,13,1,27,0,0,3,0,0,35,6,7,0,36,0,0,1,0,0,65,13,20,1,63,0,0,4,0,0,166
SL050,34121515033,7,5,0,1,8,2,0,0,0,0,6,7,0,1,13,1,0,2,0,0,13,12,0,2,21,3,0,2,0,0,53
SL050,34121515034,18,29,0,0,9,3,0,0,0,0,16,27,0,0,26,2,0,0,0,0,34,56,0,0,35,5,0,0,0,0,130
SL050,34121515035,67,23,5,6,102,1,0,3,1,1,54,40,7,7,135,9,0,7,1,0,121,63,12,13,237,10,0,10,2,1,469
SL050,34121515036,327,93,126,87,828,15,27,39,9,3,309,99,76,58,1263,25,7,58,10,3,636,192,202,145,2091,40,34,97,19,6,3462
SL050,34121515037,29,25,5,15,24,1,0,1,0,0,29,24,4,2,39,3,0,1,1,0,58,49,9,17,63,4,0,2,1,0,203
SL050,34121515038,13,10,0,0,2,0,0,0,0,0,9,16,0,0,13,0,0,0,0,0,22,26,0,0,15,0,0,0,0,0,63
SL050,34121515039,4,4,1,1,5,0,0,0,0,0,5,1,0,0,8,0,0,0,0,0,9,5,1,1,13,0,0,0,0,0,29
SL050,34121515040,22,39,0,9,24,0,0,0,9,0,22,34,0,2,34,1,0,1,0,0,44,73,0,11,58,1,0,1,9,0,197
SL050,34121515041,108,132,27,1,99,1,1,4,0,0,97,139,16,3,140,2,0,4,1,0,205,271,43,4,239,3,1,8,1,0,775
SL050,34121515042,13,17,1,0,5,1,0,0,0,0,5,11,0,0,12,2,0,0,2,0,18,28,1,0,17,3,0,0,2,0,69
SL050,34121515043,21,24,0,15,30,1,0,2,2,0,16,22,1,2,52,0,0,3,0,0,37,46,1,17,82,1,0,5,2,0,191
SL050,34121515044,24,12,1,0,9,1,0,0,0,0,15,6,0,0,25,0,0,0,0,0,39,18,1,0,34,1,0,0,0,0,93
SL050,34121515045,7,20,0,0,16,1,0,1,0,0,14,38,0,0,13,2,0,0,0,0,21,58,0,0,29,3,0,1,0,0,112
SL050,34121515046,70,27,31,3,60,3,0,2,0,0,67,35,30,0,100,1,1,5,1,0,137,62,61,3,160,4,1,7,1,0,436
SL050,34121515047,2,7,0,0,6,0,0,0,1,1,13,3,0,0,13,0,0,0,0,0,15,10,0,0,19,0,0,0,1,1,46
SL050,34121515048,60,11,10,1,123,2,0,3,3,1,45,17,4,6,170,1,0,7,0,0,105,28,14,7,293,3,0,10,3,1,464
SL050,34121515049,12,6,1,0,2,0,0,0,0,0,13,3,1,1,11,0,0,0,0,0,25,9,2,1,13,0,0,0,0,0,50
SL050,34121515050,16,2,0,0,10,0,0,0,0,0,10,1,0,0,7,0,0,1,0,0,26,3,0,0,17,0,0,1,0,0,47
SL050,34121515051,26,11,4,1,28,4,0,1,0,0,20,8,1,1,52,3,1,2,0,0,46,19,5,2,80,7,1,3,0,0,163
SL050,34121515052,29,55,2,12,24,0,0,2,23,0,28,60,3,3,35,3,0,2,3,1,57,115,5,15,59,3,0,4,26,1,285
SL050,34121515053,23,17,2,6,32,28,2,1,0,0,13,13,1,5,71,37,0,4,1,0,36,30,3,11,103,65,2,5,1,0,256
SL050,34121515054,259,120,25,66,440,6,1,25,3,1,267,126,23,32,731,4,2,37,5,2,526,246,48,98,1171,10,3,62,8,3,2175
SL050,34121515055,22,12,0,3,39,1,0,1,0,1,20,11,0,2,52,1,0,2,1,0,42,23,0,5,91,2,0,3,1,1,168
SL050,34121515056,61,52,41,1,152,3,0,3,1,0,56,38,30,1,196,5,0,5,2,0,117,90,71,2,348,8,0,8,3,0,647
SL050,34121515057,90,83,18,45,133,13,4,5,1,1,92,91,8,21,213,14,2,6,6,1,182,174,26,66,346,27,6,11,7,2,847
SL050,34121515058,377,185,19,40,1065,27,1,22,9,8,398,201,21,21,1485,45,3,34,15,4,775,386,40,61,2550,72,4,56,24,12,3980
SL050,34121515059,109,85,81,5,185,1,2,4,0,1,106,73,61,5,294,0,0,6,2,2,215,158,142,10,479,1,2,10,2,3,1022
SL050,34121515060,145,27,6,21,115,1,0,3,2,1,114,34,6,10,181,0,0,3,2,1,259,61,12,31,296,1,0,6,4,2,672
SL050,34121515061,88,38,2,1,49,3,1,3,0,0,57,35,1,0,73,4,0,2,0,0,145,73,3,1,122,7,1,5,0,0,357
SL050,34121515062,28,58,1,0,28,11,0,0,0,0,26,57,0,1,47,6,0,1,0,0,54,115,1,1,75,17,0,1,0,0,264
SL050,34121515064,21,4,0,0,20,0,0,0,0,0,25,5,0,0,30,0,0,0,0,0,46,9,0,0,50,0,0,0,0,0,105
SL050,34121515065,62,21,4,0,74,4,1,1,0,0,56,22,0,2,90,3,1,4,1,2,118,43,4,2,164,7,2,5,1,2,348
SL050,34121515066,32,10,2,1,23,1,2,4,0,0,45,18,0,1,38,0,0,1,0,0,77,28,2,2,61,1,2,5,0,0,178
SL050,34121515067,33,5,2,14,40,10,0,4,3,0,33,6,0,9,78,10,0,11,0,1,66,11,2,23,118,20,0,15,3,1,259
SL050,34121515068,26,29,13,5,25,1,0,1,14,0,21,25,6,2,28,1,0,2,0,0,47,54,19,7,53,2,0,3,14,0,199
SL050,34121515069,81,10,14,8,78,2,5,2,1,1,57,9,19,3,105,2,0,3,2,1,138,19,33,11,183,4,5,5,3,2,403
SL050,34121515070,47,13,24,6,85,1,3,8,0,0,47,15,17,8,135,4,2,4,0,0,94,28,41,14,220,5,5,12,0,0,419
SL050,34121515071,41,11,25,18,45,28,3,3,0,0,40,17,17,6,63,18,1,3,0,1,81,28,42,24,108,46,4,6,0,1,340
SL050,34121515072,51,24,1,5,62,8,1,1,1,2,61,20,2,3,73,9,0,3,0,0,112,44,3,8,135,17,1,4,1,2,327
SL050,34121515073,112,31,165,91,284,49,3,16,25,1,100,33,111,48,397,66,0,14,6,3,212,64,276,139,681,115,3,30,31,4,1555
SL050,34121515074,17,9,3,1,26,0,0,0,0,0,21,6,1,2,33,2,0,0,0,0,38,15,4,3,59,2,0,0,0,0,121
SL050,34121515075,195,65,14,24,586,33,0,11,2,3,192,85,17,21,803,27,0,14,6,2,387,150,31,45,1389,60,0,25,8,5,2100
SL050,34121515076,5,6,0,0,12,1,0,0,0,0,9,5,0,1,20,0,0,4,0,0,14,11,0,1,32,1,0,4,0,0,63
SL050,34121515077,39,165,19,1,89,0,0,2,0,0,45,152,16,1,162,0,0,1,0,0,84,317,35,2,251,0,0,3,0,0,692
SL050,34121515078,963,339,147,86,2062,88,20,96,105,7,1176,380,135,43,2761,119,10,177,77,13,2139,719,282,129,4823,207,30,273,182,20,8804
SL050,34121515079,4,1,0,1,5,1,0,0,0,0,3,7,0,0,8,0,0,0,0,0,7,8,0,1,13,1,0,0,0,0,30
SL050,34121515080,2,0,1,0,10,0,0,0,0,0,4,2,0,0,7,0,0,0,0,0,6,2,1,0,17,0,0,0,0,0,26
SL050,34121515081,8,2,1,0,5,0,0,0,0,0,4,5,0,0,7,0,0,0,0,0,12,7,1,0,12,0,0,0,0,0,32
SL050,34121515082,108,54,11,5,288,8,0,1,7,1,134,58,9,7,364,15,3,6,5,2,242,112,20,12,652,23,3,7,12,3,1086
SL050,34121515083,6,0,0,0,6,0,0,0,0,0,3,2,1,0,5,3,0,0,0,0,9,2,1,0,11,3,0,0,0,0,26
SL050,34121515084,6,33,0,0,28,0,0,0,0,0,7,28,0,0,30,0,0,0,0,0,13,61,0,0,58,0,0,0,0,0,132
SL050,34121515085,15,4,1,2,23,1,0,0,1,0,20,3,0,0,33,0,0,0,0,0,35,7,1,2,56,1,0,0,1,0,103
SL050,34121515086,13,36,0,0,22,0,0,0,0,0,12,32,0,0,29,0,0,0,0,0,25,68,0,0,51,0,0,0,0,0,144
SL050,34121515087,46,14,1,4,31,3,0,1,4,1,41,15,2,0,40,3,0,3,0,0,87,29,3,4,71,6,0,4,4,1,209
SL050,34121515088,26,35,0,0,52,0,0,2,1,0,31,48,0,2,51,1,0,2,0,1,57,83,0,2,103,1,0,4,1,1,252
SL050,34121515089,27,11,4,2,36,2,0,0,1,0,36,6,2,0,34,0,0,1,3,0,63,17,6,2,70,2,0,1,4,0,165
SL050,34121515090,4,2,0,0,6,0,0,0,0,0,7,3,0,0,13,0,0,0,0,0,11,5,0,0,19,0,0,0,0,0,35
SL050,34121515091,5,0,1,1,4,0,0,0,0,0,9,0,0,0,7,0,0,1,0,0,14,0,1,1,11,0,0,1,0,0,28
SL050,34121515092,37,118,5,6,49,0,2,1,1,0,37,78,3,3,64,5,0,3,0,0,74,196,8,9,113,5,2,4,1,0,412
SL050,34121515093,20,61,2,1,10,0,1,1,0,0,13,49,4,1,18,0,0,1,1,0,33,110,6,2,28,0,1,2,1,0,183
SL050,34121515901,82,30,1,1,36,0,0,3,3,1,38,28,0,0,51,2,0,2,3,0,120,58,1,1,87,2,0,5,6,1,281
SL050,34121515902,41,14,1,9,36,1,0,1,0,0,36,10,2,4,55,2,0,1,1,0,77,24,3,13,91,3,0,2,1,0,214
SL050,34081616001,1,0,0,0,0,0,0,0,0,0,2,0,0,0,0,0,0,0,0,0,3,0,0,0,0,0,0,0,0,0,3
SL050,34081616002,6,0,2,0,0,1,0,0,0,0,9,0,3,0,0,0,0,0,0,0,15,0,5,0,0,1,0,0,0,0,21
SL050,34081616003,3,0,0,0,2,0,0,0,0,0,2,3,1,0,2,0,0,0,0,0,5,3,1,0,4,0,0,0,0,0,13
SL050,34081616004,0,3,0,0,0,0,0,0,0,0,2,0,0,0,1,0,0,0,0,0,2,3,0,0,1,0,0,0,0,0,6
SL050,34081616005,3,0,0,0,1,0,0,0,0,0,3,0,1,0,2,1,0,0,0,0,6,0,1,0,3,1,0,0,0,0,11
SL050,34081616006,5,0,0,0,0,0,0,0,0,0,2,0,0,0,2,0,0,0,0,0,7,0,0,0,2,0,0,0,0,0,9
SL050,34081616007,114,1,18,0,4,0,0,0,0,0,94,1,13,0,6,0,0,0,0,0,208,2,31,0,10,0,0,0,0,0,251
SL050,34081616008,0,0,0,0,1,0,1,0,0,0,0,0,0,0,2,0,2,0,0,0,0,0,0,0,3,0,3,0,0,0,6
SL050,34081616009,0,0,0,0,1,0,0,0,0,0,0,0,0,0,0,0,0,0,0,0,0,0,0,0,1,0,0,0,0,0,1
SL050,34081616010,4,0,0,0,1,0,0,0,0,0,4,0,0,0,2,0,0,0,0,0,8,0,0,0,3,0,0,0,0,0,11
SL050,34081616011,1,1,0,0,0,0,0,0,0,0,1,1,0,0,2,0,0,0,0,0,2,2,0,0,2,0,0,0,0,0,6
SL050,34081616012,3,0,0,0,0,0,0,0,0,0,1,0,0,0,1,0,0,0,0,0,4,0,0,0,1,0,0,0,0,0,5
SL050,34081616014,6,0,0,0,0,0,0,0,0,0,7,0,0,0,1,0,0,0,0,0,13,0,0,0,1,0,0,0,0,0,14
SL050,34081616015,7,1,1,1,4,0,0,0,0,0,3,0,0,0,3,0,0,0,0,0,10,1,1,1,7,0,0,0,0,0,20
SL050,34081616016,9,0,0,0,7,0,0,0,0,0,7,0,0,0,2,0,0,0,0,0,16,0,0,0,9,0,0,0,0,0,25
SL050,34081616017,2,1,0,0,3,0,0,0,0,0,2,0,0,0,8,0,0,0,0,0,4,1,0,0,11,0,0,0,0,0,16
SL050,34081616018,3,0,0,0,0,0,0,0,0,0,3,0,0,0,2,0,0,0,0,0,6,0,0,0,2,0,0,0,0,0,8
SL050,34081616022,0,0,0,0,0,0,0,0,0,0,0,1,0,0,0,0,0,0,0,0,0,1,0,0,0,0,0,0,0,0,1
SL050,34081616023,4,1,5,0,6,0,0,3,0,1,9,0,4,1,8,0,0,0,0,0,13,1,9,1,14,0,0,3,0,1,42
SL050,34081616024,2,0,0,0,0,0,0,0,0,0,3,0,0,0,0,0,0,0,0,0,5,0,0,0,0,0,0,0,0,0,5
SL050,34081616026,3,0,2,1,0,0,0,0,0,0,3,1,0,1,0,0,0,0,0,0,6,1,2,2,0,0,0,0,0,0,11
SL050,34081616027,60,0,6,0,7,1,0,0,0,0,43,1,3,0,17,0,0,0,0,0,103,1,9,0,24,1,0,0,0,0,138
SL050,34081616029,0,0,1,0,0,0,0,0,0,0,0,0,0,0,0,0,0,0,0,0,0,0,1,0,0,0,0,0,0,0,1
SL050,34081616031,1,0,0,0,0,0,0,0,0,0,0,0,0,0,1,0,0,0,0,0,1,0,0,0,1,0,0,0,0,0,2
SL050,34081616032,5,0,0,0,4,0,0,0,0,0,6,1,0,0,4,0,0,0,0,0,11,1,0,0,8,0,0,0,0,0,20
SL050,34081616033,27,2,4,0,11,0,0,0,0,0,24,3,4,2,14,2,0,0,0,0,51,5,8,2,25,2,0,0,0,0,93
SL050,34081616034,0,0,1,0,1,0,0,0,0,0,0,1,0,0,0,0,0,0,0,0,0,1,1,0,1,0,0,0,0,0,3
SL050,34081616035,4,0,0,0,1,0,0,0,0,0,7,0,0,0,1,0,0,0,0,0,11,0,0,0,2,0,0,0,0,0,13
SL050,34081616036,1,0,2,0,2,0,0,0,0,0,3,0,1,0,3,0,0,0,0,0,4,0,3,0,5,0,0,0,0,0,12
SL050,34081616038,4,0,0,0,0,0,0,0,0,0,3,0,0,0,0,0,0,0,0,0,7,0,0,0,0,0,0,0,0,0,7
SL050,34081616039,22,1,0,0,0,0,0,1,0,0,17,0,0,0,6,0,0,0,0,0,39,1,0,0,6,0,0,1,0,0,47
SL050,34081616040,1,0,0,0,0,0,0,0,0,0,1,0,0,0,0,0,0,0,0,0,2,0,0,0,0,0,0,0,0,0,2
SL050,34081616041,12,0,1,0,3,0,0,0,1,0,6,0,1,0,7,1,0,0,0,0,18,0,2,0,10,1,0,0,1,0,32
SL050,34081616042,12,2,14,0,13,0,0,0,0,0,6,2,12,0,42,0,0,0,0,0,18,4,26,0,55,0,0,0,0,0,103
SL050,34081616043,3,0,0,0,0,0,0,0,0,0,3,0,0,0,0,0,0,0,0,0,6,0,0,0,0,0,0,0,0,0,6
SL050,34081616044,1,0,0,0,0,0,0,0,0,0,0,0,0,0,0,0,0,0,0,0,1,0,0,0,0,0,0,0,0,0,1
SL050,34081616045,11,0,1,0,0,0,0,0,0,0,8,0,0,0,0,0,0,0,0,0,19,0,1,0,0,0,0,0,0,0,20
SL050,34081616046,1,0,1,0,0,0,0,0,0,0,0,0,2,0,0,0,0,0,0,0,1,0,3,0,0,0,0,0,0,0,4
SL050,34081616047,3,1,6,0,5,0,0,0,0,0,3,1,4,0,7,0,0,0,0,0,6,2,10,0,12,0,0,0,0,0,30
SL050,34081616048,10,0,0,0,0,0,0,0,0,0,10,0,0,0,3,0,0,0,0,0,20,0,0,0,3,0,0,0,0,0,23
SL050,34081616049,0,0,0,0,0,0,0,0,0,0,0,0,0,0,1,0,0,0,0,0,0,0,0,0,1,0,0,0,0,0,1
SL050,34081616050,18,0,0,0,1,0,0,0,0,0,11,0,2,0,2,0,0,0,0,0,29,0,2,0,3,0,0,0,0,0,34
SL050,34081616051,1,0,4,0,0,0,0,0,0,0,0,0,5,0,0,0,0,0,0,0,1,0,9,0,0,0,0,0,0,0,10
SL050,34081616052,20,4,13,1,23,0,16,0,0,0,24,4,11,0,18,0,8,0,0,0,44,8,24,1,41,0,24,0,0,0,142
SL050,34081616053,3,0,0,0,0,0,0,0,0,0,4,0,1,0,6,0,0,0,0,0,7,0,1,0,6,0,0,0,0,0,14
SL050,34081616055,17,0,10,0,2,0,0,0,0,0,14,0,5,0,5,0,0,0,0,0,31,0,15,0,7,0,0,0,0,0,53
SL050,34081616056,4,0,6,0,5,0,0,0,0,0,2,0,1,0,6,0,0,0,0,0,6,0,7,0,11,0,0,0,0,0,24
SL050,34081616057,2,0,0,0,0,0,0,0,0,0,2,0,0,0,0,0,0,0,0,0,4,0,0,0,0,0,0,0,0,0,4
SL050,34081616058,1,0,0,0,1,0,0,0,0,0,2,0,0,0,1,0,0,0,0,0,3,0,0,0,2,0,0,0,0,0,5
SL050,34081616060,30,0,2,0,8,1,0,0,0,0,30,0,0,0,17,0,0,0,0,0,60,0,2,0,25,1,0,0,0,0,88
SL050,34081616061,74,0,3,1,0,0,0,0,0,1,52,0,2,1,2,0,0,0,0,1,126,0,5,2,2,0,0,0,0,2,137
SL050,34081616063,8,0,0,0,0,0,0,0,0,0,2,0,0,0,1,0,0,0,0,0,10,0,0,0,1,0,0,0,0,0,11
SL050,34081616064,37,0,6,3,0,1,0,0,0,0,32,0,4,0,6,0,0,0,0,0,69,0,10,3,6,1,0,0,0,0,89
SL050,34081616065,22,0,3,0,5,0,0,0,0,0,15,0,5,0,13,0,0,0,0,0,37,0,8,0,18,0,0,0,0,0,63
SL050,34081616066,79,1,72,0,30,0,1,2,0,0,86,3,52,0,31,0,0,1,0,0,165,4,124,0,61,0,1,3,0,0,358
SL050,34081616067,11,0,0,0,2,0,0,0,0,0,16,0,1,0,4,0,0,0,0,0,27,0,1,0,6,0,0,0,0,0,34
SL050,34081616068,5,0,1,0,1,0,0,0,0,0,4,0,0,0,3,0,0,0,0,0,9,0,1,0,4,0,0,0,0,0,14
SL050,34081616072,0,0,0,0,2,0,0,0,0,0,0,0,0,0,1,0,0,0,0,0,0,0,0,0,3,0,0,0,0,0,3
SL050,34081616073,8,1,2,0,0,0,0,0,0,0,3,1,2,0,0,0,0,0,0,0,11,2,4,0,0,0,0,0,0,0,17
SL050,34081616078,823,238,372,46,882,24,101,105,9,3,896,319,227,23,1277,15,41,111,15,1,1719,557,599,69,2159,39,142,216,24,4,5528
SL050,34081616079,0,0,1,0,1,0,0,0,0,0,0,0,0,0,0,0,0,0,0,0,0,0,1,0,1,0,0,0,0,0,2
SL050,34081616081,0,0,3,0,0,0,0,0,0,0,0,0,3,0,0,0,0,0,0,0,0,0,6,0,0,0,0,0,0,0,6
SL050,34081616082,0,0,1,0,5,0,0,1,0,0,0,0,2,0,14,0,0,0,0,0,0,0,3,0,19,0,0,1,0,0,23
SL050,34081616083,0,0,0,0,0,0,0,0,0,0,1,0,0,0,0,0,0,0,0,0,1,0,0,0,0,0,0,0,0,0,1
SL050,34081616084,0,0,0,0,0,0,0,0,0,0,1,0,0,0,0,0,0,0,0,0,1,0,0,0,0,0,0,0,0,0,1
SL050,34081616085,6,0,4,0,0,0,0,0,0,0,3,0,3,0,0,0,0,0,0,0,9,0,7,0,0,0,0,0,0,0,16
SL050,34081616086,71,0,8,8,4,0,0,0,0,0,64,0,6,3,8,0,0,0,0,0,135,0,14,11,12,0,0,0,0,0,172
SL050,34081616087,12,0,0,0,1,0,0,0,0,0,8,1,1,0,3,0,0,0,0,0,20,1,1,0,4,0,0,0,0,0,26
SL050,34081616089,2,3,5,0,1,0,0,0,0,0,1,1,0,0,1,0,0,0,0,0,3,4,5,0,2,0,0,0,0,0,14
SL050,34081616091,0,1,0,0,0,0,0,0,0,0,0,0,0,0,0,0,0,0,0,0,0,1,0,0,0,0,0,0,0,0,1
SL050,34081616092,3,0,1,0,2,0,0,0,0,0,2,0,1,0,2,0,0,0,0,0,5,0,2,0,4,0,0,0,0,0,11
SL050,34081616093,4,0,0,0,1,0,0,0,0,0,2,0,0,0,1,0,0,0,0,0,6,0,0,0,2,0,0,0,0,0,8
SL050,34081616094,9,0,0,0,1,0,0,0,0,0,7,0,0,0,0,0,0,0,0,0,16,0,0,0,1,0,0,0,0,0,17
SL050,34081616095,1,0,0,0,0,0,0,0,0,0,1,0,0,0,0,0,0,0,0,0,2,0,0,0,0,0,0,0,0,0,2
SL050,34081616096,11,0,9,0,4,0,0,0,0,0,10,0,5,0,9,0,0,0,0,0,21,0,14,0,13,0,0,0,0,0,48
SL050,34081616097,0,0,1,0,0,0,0,0,0,0,0,0,0,0,0,0,0,0,0,0,0,0,1,0,0,0,0,0,0,0,1
SL050,34081616098,26,0,0,0,4,0,0,0,0,0,23,0,1,0,6,0,0,0,0,0,49,0,1,0,10,0,0,0,0,0,60
SL050,34081616100,23,0,0,0,1,0,0,0,0,0,19,0,0,0,1,0,0,0,0,0,42,0,0,0,2,0,0,0,0,0,44
SL050,34081616102,67,2,13,0,16,0,0,1,0,0,60,0,15,0,18,0,0,1,0,0,127,2,28,0,34,0,0,2,0,0,193
SL050,34081616103,5,0,0,0,0,0,0,0,0,0,3,0,0,0,2,0,0,0,0,0,8,0,0,0,2,0,0,0,0,0,10
SL050,34081616104,1,0,0,0,2,0,0,0,0,0,0,0,0,0,4,0,0,0,0,0,1,0,0,0,6,0,0,0,0,0,7
SL050,34081616106,132,5,3,0,18,0,0,4,0,0,112,10,4,1,25,0,0,4,0,0,244,15,7,1,43,0,0,8,0,0,318
SL050,34081616107,0,0,1,0,0,0,0,0,0,0,0,0,0,0,0,0,0,0,0,0,0,0,1,0,0,0,0,0,0,0,1
SL050,34081616109,0,0,0,0,0,0,3,0,0,0,0,0,0,0,0,0,0,0,0,0,0,0,0,0,0,0,3,0,0,0,3
SL050,34081616110,11,0,0,0,0,0,2,0,0,0,12,0,0,0,0,0,0,0,0,0,23,0,0,0,0,0,2,0,0,0,25
SL050,34081616111,5,1,0,0,8,0,0,0,0,0,2,1,0,0,7,0,0,0,0,0,7,2,0,0,15,0,0,0,0,0,24
SL050,34081616112,30,1,1,0,21,0,0,2,0,0,25,0,1,0,17,0,0,1,0,0,55,1,2,0,38,0,0,3,0,0,99
SL050,34081616113,187,0,21,0,108,1,0,2,0,0,161,2,13,2,132,0,0,2,0,0,348,2,34,2,240,1,0,4,0,0,631
SL050,34081616115,0,0,0,0,0,0,0,0,0,0,0,0,0,0,2,0,0,0,0,0,0,0,0,0,2,0,0,0,0,0,2
SL050,34081616117,7,0,12,1,23,0,0,0,0,0,11,1,10,0,33,0,0,0,0,0,18,1,22,1,56,0,0,0,0,0,98
SL050,34081616118,14,0,1,0,1,0,0,0,0,0,16,0,3,0,9,0,0,1,0,0,30,0,4,0,10,0,0,1,0,0,45
SL050,34081616119,3,0,0,0,1,0,0,0,0,0,4,0,0,0,2,0,0,0,0,0,7,0,0,0,3,0,0,0,0,0,10
SL050,34081616121,0,0,0,0,1,0,0,0,0,0,0,0,0,0,1,0,0,0,0,0,0,0,0,0,2,0,0,0,0,0,2
SL050,34081616122,4,1,1,0,1,0,0,0,0,0,9,0,2,0,5,0,0,0,0,0,13,1,3,0,6,0,0,0,0,0,23
SL050,34081616124,78,0,7,2,3,0,0,1,0,0,90,1,4,1,18,0,0,1,0,0,168,1,11,3,21,0,0,2,0,0,206
SL050,34081616125,80,1,31,1,8,0,5,0,0,0,70,0,22,0,19,0,2,0,0,0,150,1,53,1,27,0,7,0,0,0,239
SL050,34081616126,25,0,6,0,0,0,0,0,0,0,33,2,1,0,5,0,0,0,0,0,58,2,7,0,5,0,0,0,0,0,72
SL050,34081616128,0,0,0,0,0,0,0,0,0,0,1,0,0,0,1,0,0,0,0,0,1,0,0,0,1,0,0,0,0,0,2
SL050,34081616129,3,0,0,0,0,0,0,0,0,0,5,0,1,0,2,0,0,0,0,0,8,0,1,0,2,0,0,0,0,0,11
SL050,34081616130,10,0,3,1,3,0,0,0,0,0,11,0,1,2,7,0,0,0,2,0,21,0,4,3,10,0,0,0,2,0,40
SL050,34081616131,1,0,0,0,0,0,0,0,0,0,0,0,0,0,0,0,0,0,0,0,1,0,0,0,0,0,0,0,0,0,1
SL050,34081616132,0,0,0,0,1,0,0,0,0,0,0,0,0,0,0,0,0,0,0,0,0,0,0,0,1,0,0,0,0,0,1
SL050,34081616133,181,67,49,0,15,0,0,2,0,1,160,53,36,1,38,0,0,4,0,0,341,120,85,1,53,0,0,6,0,1,607
SL050,34081616134,85,20,71,2,127,0,14,5,0,0,79,27,58,0,184,0,6,5,0,0,164,47,129,2,311,0,20,10,0,0,683
SL050,34081616135,0,2,0,0,0,0,10,0,0,0,1,4,0,0,0,0,5,0,0,0,1,6,0,0,0,0,15,0,0,0,22
SL050,34081616137,0,0,0,0,0,0,0,0,0,0,0,1,1,0,3,0,0,0,0,0,0,1,1,0,3,0,0,0,0,0,5
SL050,34081616139,1,0,3,0,0,0,0,0,0,0,1,0,4,0,0,0,0,0,0,0,2,0,7,0,0,0,0,0,0,0,9
SL050,34081616141,0,0,2,0,1,0,0,0,0,0,3,0,1,0,1,0,0,0,0,0,3,0,3,0,2,0,0,0,0,0,8
SL050,34081616142,11,0,1,0,0,0,0,0,0,0,8,0,0,0,1,0,0,0,0,0,19,0,1,0,1,0,0,0,0,0,21
SL050,34081616145,6,0,0,0,0,0,0,0,0,0,6,0,0,0,0,0,0,0,0,0,12,0,0,0,0,0,0,0,0,0,12
SL050,34081616146,0,0,0,0,0,0,0,0,0,0,1,0,0,0,0,0,0,0,0,0,1,0,0,0,0,0,0,0,0,0,1
SL050,34081616147,0,0,0,0,0,0,0,0,0,0,0,0,0,0,1,0,0,0,0,0,0,0,0,0,1,0,0,0,0,0,1
SL050,34081616148,7,0,0,0,4,0,0,0,0,0,4,0,0,0,4,0,0,0,0,0,11,0,0,0,8,0,0,0,0,0,19
SL050,34081616149,0,0,0,0,1,0,0,0,0,0,0,0,0,0,3,0,0,2,0,0,0,0,0,0,4,0,0,2,0,0,6
SL050,34081616150,0,0,0,0,0,0,0,0,0,0,0,0,0,0,1,0,0,0,0,0,0,0,0,0,1,0,0,0,0,0,1
SL050,34081616152,0,0,0,0,0,0,0,0,0,0,1,0,0,0,0,0,0,0,0,0,1,0,0,0,0,0,0,0,0,0,1
SL050,34081616153,20,3,3,0,2,0,0,0,0,0,18,4,2,0,10,0,0,1,0,0,38,7,5,0,12,0,0,1,0,0,63
SL050,34081616154,154,20,237,1,24,0,0,5,4,0,181,46,119,0,57,0,0,4,2,0,335,66,356,1,81,0,0,9,6,0,854
SL050,34081616155,19,0,6,0,1,0,0,0,0,0,16,0,3,0,2,0,0,0,0,0,35,0,9,0,3,0,0,0,0,0,47
SL050,34081616156,7,0,0,0,1,0,0,0,0,0,3,0,0,0,1,0,0,0,0,0,10,0,0,0,2,0,0,0,0,0,12
SL050,34081616157,1,0,0,0,0,0,0,0,0,0,0,0,0,0,2,0,0,0,0,0,1,0,0,0,2,0,0,0,0,0,3
SL050,34081616158,10,1,8,0,10,1,1,0,0,0,11,5,6,0,11,1,2,0,0,0,21,6,14,0,21,2,3,0,0,0,67
SL050,34081616159,7,0,0,1,0,0,0,0,0,0,1,0,0,0,2,0,0,0,0,0,8,0,0,1,2,0,0,0,0,0,11
SL050,34081616161,0,0,4,0,0,0,0,0,0,0,0,0,2,0,0,0,0,0,0,0,0,0,6,0,0,0,0,0,0,0,6
SL050,34081616162,2,0,0,0,0,0,0,0,0,0,2,0,0,0,0,0,0,0,0,0,4,0,0,0,0,0,0,0,0,0,4
SL050,34081616165,0,0,0,0,0,0,0,0,0,0,1,0,1,0,0,0,0,0,0,0,1,0,1,0,0,0,0,0,0,0,2
SL050,34081616166,14,0,0,1,8,1,0,0,0,0,8,0,0,0,15,0,0,0,0,0,22,0,0,1,23,1,0,0,0,0,47
SL050,34081616167,4,0,0,0,0,0,0,0,0,0,1,0,2,0,0,0,0,0,0,0,5,0,2,0,0,0,0,0,0,0,7
SL050,34081616170,51,0,1,1,38,0,0,1,0,0,36,3,1,0,31,0,0,2,0,0,87,3,2,1,69,0,0,3,0,0,165
SL050,34081616171,115,7,30,1,12,0,0,1,0,0,113,5,21,1,26,0,0,1,0,0,228,12,51,2,38,0,0,2,0,0,333
SL050,34081616172,8,1,1,0,0,0,0,0,0,0,9,1,0,0,3,0,0,0,0,0,17,2,1,0,3,0,0,0,0,0,23
SL050,34081616173,13,0,0,0,0,0,0,0,0,0,6,0,0,0,0,0,0,0,0,0,19,0,0,0,0,0,0,0,0,0,19
SL050,34081616174,0,0,0,0,0,0,0,0,0,0,2,0,0,0,3,0,0,0,0,0,2,0,0,0,3,0,0,0,0,0,5
SL050,34081616175,263,16,268,3,105,0,2,2,1,0,267,18,175,1,121,0,0,4,0,0,530,34,443,4,226,0,2,6,1,0,1246
SL050,34081616176,5,0,0,0,0,0,0,0,0,0,3,0,0,0,0,0,0,0,0,0,8,0,0,0,0,0,0,0,0,0,8
SL050,34081616177,13,0,2,0,0,0,0,0,0,0,13,0,0,0,1,0,0,0,0,0,26,0,2,0,1,0,0,0,0,0,29
SL050,34081616181,1,0,0,0,1,0,0,0,0,0,1,0,0,0,1,0,0,0,0,0,2,0,0,0,2,0,0,0,0,0,4
SL050,34081616185,2,0,0,0,0,0,0,0,0,0,1,0,0,0,0,0,0,0,0,0,3,0,0,0,0,0,0,0,0,0,3
SL050,34081616186,18,0,8,0,4,0,0,0,0,0,19,0,5,0,7,0,0,0,0,0,37,0,13,0,11,0,0,0,0,0,61
SL050,34081616187,0,0,0,0,0,0,8,0,0,0,0,0,0,0,1,0,2,0,0,0,0,0,0,0,1,0,10,0,0,0,11
SL050,34081616188,4,0,0,0,4,0,0,0,0,0,1,1,0,0,2,0,0,0,0,0,5,1,0,0,6,0,0,0,0,0,12
SL050,34081616189,4,0,1,0,3,0,0,0,0,0,2,1,0,0,4,0,0,0,0,0,6,1,1,0,7,0,0,0,0,0,15
SL050,34081616190,406,11,98,1,55,1,4,2,0,0,352,8,50,6,110,2,4,3,1,0,758,19,148,7,165,3,8,5,1,0,1114
SL050,34081616191,30,2,2,0,3,0,0,0,0,0,23,1,3,0,6,0,0,0,0,0,53,3,5,0,9,0,0,0,0,0,70
SL050,34081616192,1,0,0,0,0,0,0,0,0,0,0,0,0,0,0,0,0,0,0,0,1,0,0,0,0,0,0,0,0,0,1
SL050,34081616194,1,0,0,0,2,0,0,0,1,0,0,0,0,0,1,0,0,0,0,0,1,0,0,0,3,0,0,0,1,0,5
SL050,34081616195,22,0,0,1,0,0,0,0,0,0,30,0,0,0,2,0,0,0,0,0,52,0,0,1,2,0,0,0,0,0,55
SL050,34081616196,1,1,0,1,2,0,0,0,0,0,5,1,0,0,5,0,0,0,0,0,6,2,0,1,7,0,0,0,0,0,16
SL050,34081616198,20,1,34,0,10,0,13,0,0,0,23,4,21,0,28,0,2,2,0,0,43,5,55,0,38,0,15,2,0,0,158
SL050,34081616202,8,0,1,0,2,0,0,0,0,0,5,0,0,0,7,0,0,0,0,0,13,0,1,0,9,0,0,0,0,0,23
SL050,34081616203,710,35,240,18,259,4,7,37,2,0,685,38,149,5,383,0,4,38,5,0,1395,73,389,23,642,4,11,75,7,0,2619
SL050,34081616204,4,0,3,0,4,0,0,0,0,0,6,1,1,0,8,0,0,0,0,0,10,1,4,0,12,0,0,0,0,0,27
SL050,34081616205,0,0,0,0,2,0,0,0,0,0,0,0,0,0,1,0,0,0,0,0,0,0,0,0,3,0,0,0,0,0,3
SL050,34081616206,4,0,0,0,0,0,0,0,0,0,7,0,0,0,1,0,0,0,0,0,11,0,0,0,1,0,0,0,0,0,12
SL050,34081616209,3,0,0,0,0,0,0,0,0,0,3,0,0,0,0,0,0,0,0,0,6,0,0,0,0,0,0,0,0,0,6
SL050,34081616211,4,0,1,0,2,0,0,0,0,0,5,0,1,0,2,0,0,0,0,0,9,0,2,0,4,0,0,0,0,0,15
SL050,34081616212,4,0,0,1,1,0,0,0,0,0,2,0,0,0,2,0,0,0,0,0,6,0,0,1,3,0,0,0,0,0,10
SL050,34081616213,2,0,0,0,0,0,0,0,0,0,1,0,0,0,0,0,0,0,0,0,3,0,0,0,0,0,0,0,0,0,3
SL050,34081616215,0,0,1,0,1,0,0,0,0,0,1,0,1,0,0,0,0,0,0,0,1,0,2,0,1,0,0,0,0,0,4
SL050,34081616216,1,0,1,0,0,0,0,0,0,0,2,0,0,0,1,0,0,0,0,0,3,0,1,0,1,0,0,0,0,0,5
SL050,34081616217,0,2,2,1,0,0,0,0,0,0,1,2,0,1,0,0,0,0,0,0,1,4,2,2,0,0,0,0,0,0,9
SL050,34081616218,5,1,0,0,0,0,0,0,0,0,5,1,0,0,1,0,0,0,0,0,10,2,0,0,1,0,0,0,0,0,13
SL050,34081616219,2,0,0,0,0,0,0,0,0,0,1,0,0,0,0,0,0,0,0,0,3,0,0,0,0,0,0,0,0,0,3
SL050,34081616224,0,0,0,0,0,0,0,0,0,0,1,0,0,0,0,0,0,0,0,0,1,0,0,0,0,0,0,0,0,0,1
SL050,34081616225,1,0,0,0,1,0,0,0,0,0,0,0,0,0,0,0,0,0,0,0,1,0,0,0,1,0,0,0,0,0,2
SL050,34081616227,1,0,0,0,3,0,0,0,0,0,1,0,1,0,2,0,0,0,0,0,2,0,1,0,5,0,0,0,0,0,8
SL050,34081616228,14,0,0,0,6,0,0,0,0,0,6,1,0,0,1,0,0,0,0,0,20,1,0,0,7,0,0,0,0,0,28
SL050,34081616231,4,0,0,0,0,0,0,0,0,0,3,0,0,0,0,0,0,0,0,0,7,0,0,0,0,0,0,0,0,0,7
SL050,34081616236,15,2,20,0,1,0,0,0,0,0,22,3,19,0,6,0,0,0,0,0,37,5,39,0,7,0,0,0,0,0,88
SL050,34081616237,2,0,0,0,0,0,0,0,0,0,1,0,0,0,0,0,0,0,0,0,3,0,0,0,0,0,0,0,0,0,3
SL050,34081616238,3,0,0,0,1,0,0,0,0,0,1,0,0,0,2,0,0,0,0,0,4,0,0,0,3,0,0,0,0,0,7
SL050,34081616239,0,0,0,0,3,0,0,0,0,0,1,1,0,0,1,0,0,0,0,0,1,1,0,0,4,0,0,0,0,0,6
SL050,34081616240,0,0,0,0,3,0,0,0,0,0,0,1,0,0,2,0,0,0,0,0,0,1,0,0,5,0,0,0,0,0,6
SL050,34081616242,4,0,1,0,2,0,0,0,0,0,5,0,1,0,5,0,0,0,0,0,9,0,2,0,7,0,0,0,0,0,18
SL050,34081616243,22,0,0,0,6,0,9,1,0,0,15,0,0,0,6,0,2,0,0,0,37,0,0,0,12,0,11,1,0,0,61
SL050,34081616244,1,0,5,0,0,0,0,0,0,0,1,0,2,0,0,0,0,0,0,0,2,0,7,0,0,0,0,0,0,0,9
SL050,34081616245,7,0,1,0,3,0,0,0,0,0,7,0,2,0,6,0,0,0,1,0,14,0,3,0,9,0,0,0,1,0,27
SL050,34081616246,11,0,2,0,1,0,0,0,1,0,8,5,5,0,0,0,0,0,0,0,19,5,7,0,1,0,0,0,1,0,33
SL050,34081616247,6,0,0,0,0,0,0,0,0,0,2,0,1,0,2,0,0,0,0,0,8,0,1,0,2,0,0,0,0,0,11
SL050,34081616248,12,0,9,0,4,0,0,0,0,0,15,1,5,0,9,0,0,0,0,0,27,1,14,0,13,0,0,0,0,0,55
SL050,34081616249,128,0,2,0,5,0,0,3,0,0,121,0,2,0,9,0,0,1,0,0,249,0,4,0,14,0,0,4,0,0,271
SL050,34081616250,1,0,0,0,0,0,0,0,0,0,0,0,0,0,1,0,0,0,0,0,1,0,0,0,1,0,0,0,0,0,2
SL050,34081616251,117,0,27,0,30,0,0,2,0,0,125,0,20,1,35,0,0,3,0,0,242,0,47,1,65,0,0,5,0,0,360
SL050,34081616253,8,2,0,0,3,0,0,0,2,0,8,2,0,0,5,0,0,0,0,0,16,4,0,0,8,0,0,0,2,0,30
SL050,34081616254,0,0,2,0,2,0,0,0,0,0,2,0,1,0,1,0,0,0,0,0,2,0,3,0,3,0,0,0,0,0,8
SL050,34081616255,3,0,1,0,0,0,0,0,0,0,6,0,3,0,0,0,0,0,0,0,9,0,4,0,0,0,0,0,0,0,13
SL050,34081616258,0,0,5,0,4,0,0,0,0,0,1,0,0,0,6,0,0,0,0,0,1,0,5,0,10,0,0,0,0,0,16
SL050,34081616259,2,0,3,0,4,0,0,0,0,0,1,0,4,0,5,0,0,0,0,0,3,0,7,0,9,0,0,0,0,0,19
SL050,34081616263,24,0,13,9,4,0,10,4,0,0,21,0,9,3,10,2,4,3,0,0,45,0,22,12,14,2,14,7,0,0,116
SL050,34081616264,13,0,3,0,0,0,0,0,0,0,10,0,1,0,2,0,0,0,0,0,23,0,4,0,2,0,0,0,0,0,29
SL050,34081616266,3,0,0,0,0,0,0,0,0,0,3,0,0,0,1,0,0,0,0,0,6,0,0,0,1,0,0,0,0,0,7
SL050,34081616269,5,1,1,0,3,0,0,0,0,0,8,0,2,0,3,1,0,0,0,0,13,1,3,0,6,1,0,0,0,0,24
SL050,34081616270,7,0,1,0,5,0,0,0,0,0,11,0,1,0,6,0,0,0,0,0,18,0,2,0,11,0,0,0,0,0,31
SL050,34081616271,49,0,1,1,1,0,0,0,0,0,39,1,1,1,6,0,0,0,0,0,88,1,2,2,7,0,0,0,0,0,100
SL050,34081616272,8,0,0,0,2,0,0,0,0,0,1,0,1,1,6,0,0,0,0,0,9,0,1,1,8,0,0,0,0,0,19
SL050,34081616273,1,0,4,0,2,0,0,0,0,0,1,0,1,0,4,0,0,0,0,0,2,0,5,0,6,0,0,0,0,0,13
SL050,34081616274,2,0,0,0,4,0,0,0,0,0,1,0,0,0,2,0,0,0,0,0,3,0,0,0,6,0,0,0,0,0,9
SL050,34081616276,0,0,0,0,1,0,0,0,0,0,0,0,0,0,0,0,0,0,0,0,0,0,0,0,1,0,0,0,0,0,1
SL050,34081616277,6,0,0,0,0,0,0,0,0,0,5,0,0,0,0,0,0,0,0,0,11,0,0,0,0,0,0,0,0,0,11
SL050,34081616278,1,0,0,0,1,0,0,0,0,0,0,0,0,0,0,0,0,0,0,0,1,0,0,0,1,0,0,0,0,0,2
SL050,34081616279,18,0,0,1,5,0,0,4,0,0,15,0,0,0,5,0,0,3,0,0,33,0,0,1,10,0,0,7,0,0,51
SL050,34081616280,2,0,1,0,0,0,0,0,0,0,1,0,0,0,0,0,0,0,0,0,3,0,1,0,0,0,0,0,0,0,4
SL050,34081616901,21,1,9,0,5,0,0,0,0,0,23,1,8,0,8,2,0,0,0,0,44,2,17,0,13,2,0,0,0,0,78
SL050,34081616902,0,0,0,0,0,0,0,0,0,0,0,0,0,0,1,0,0,0,0,0,0,0,0,0,1,0,0,0,0,0,1
SL050,34081616903,130,17,42,1,2,0,0,2,0,0,85,9,32,0,3,0,0,2,0,0,215,26,74,1,5,0,0,4,0,0,325
SL050,34081616904,2,1,0,1,7,1,0,0,0,0,7,1,0,1,10,0,0,2,0,0,9,2,0,2,17,1,0,2,0,0,33
SL050,34081616905,29,2,10,4,16,0,0,0,1,0,31,1,9,0,17,1,0,2,0,0,60,3,19,4,33,1,0,2,1,0,123
SL050,34081616908,2,0,4,0,1,0,0,0,0,0,2,0,4,0,1,0,0,0,0,0,4,0,8,0,2,0,0,0,0,0,14
SL050,34081616909,2,1,1,0,7,0,0,0,0,0,1,0,0,0,8,0,0,0,0,0,3,1,1,0,15,0,0,0,0,0,20
SL050,34081616910,0,0,0,0,0,0,0,0,0,0,1,0,0,0,0,0,0,0,0,0,1,0,0,0,0,0,0,0,0,0,1
SL050,34091717001,30,0,16,7,25,0,0,0,0,0,24,3,7,5,24,0,0,3,0,0,54,3,23,12,49,0,0,3,0,0,144
SL050,34091717002,6,0,3,1,4,1,0,0,0,0,4,0,4,0,13,0,0,0,0,0,10,0,7,1,17,1,0,0,0,0,36
SL050,34091717003,7,0,0,2,1,0,0,0,0,0,4,0,0,1,1,0,0,0,0,0,11,0,0,3,2,0,0,0,0,0,16
SL050,34091717004,25,0,8,22,6,0,0,0,0,0,29,4,2,6,13,0,0,1,2,0,54,4,10,28,19,0,0,1,2,0,118
SL050,34091717005,10,1,4,1,2,0,0,0,0,0,13,2,2,0,2,0,0,0,0,0,23,3,6,1,4,0,0,0,0,0,37
SL050,34091717006,41,11,4,3,49,0,1,0,1,0,46,10,5,4,59,1,0,1,1,1,87,21,9,7,108,1,1,1,2,1,238
SL050,34091717007,19,7,41,3,19,1,16,1,0,0,17,12,27,1,31,2,7,1,0,0,36,19,68,4,50,3,23,2,0,0,205
SL050,34091717008,85,43,198,4,66,0,189,6,3,0,58,62,173,4,102,1,136,11,0,0,143,105,371,8,168,1,325,17,3,0,1141
SL050,34091717009,192,16,343,70,86,2,126,2,3,0,180,29,201,36,78,2,84,12,0,1,372,45,544,106,164,4,210,14,3,1,1463
SL050,34091717010,7,0,0,2,4,0,0,0,0,0,3,2,0,1,10,0,1,2,0,0,10,2,0,3,14,0,1,2,0,0,32
SL050,34091717011,34,2,25,27,4,0,0,0,1,0,23,1,18,7,7,0,0,1,1,0,57,3,43,34,11,0,0,1,2,0,151
SL050,34091717012,20,2,4,1,27,0,0,0,1,0,25,5,2,0,30,0,0,0,0,0,45,7,6,1,57,0,0,0,1,0,117
SL050,34091717013,186,23,61,7,81,7,2,3,12,3,170,26,41,6,101,9,0,5,12,1,356,49,102,13,182,16,2,8,24,4,756
SL050,34091717014,3,0,0,5,3,0,0,0,0,0,4,0,0,0,3,1,0,0,0,0,7,0,0,5,6,1,0,0,0,0,19
SL050,34091717015,285,55,596,559,469,11,37,107,8,1,245,67,486,237,653,9,20,104,6,0,530,122,1082,796,1122,20,57,211,14,1,3955
SL050,34091717016,36,4,6,1,14,0,4,0,0,0,36,5,2,0,17,0,2,0,1,0,72,9,8,1,31,0,6,0,1,0,128
SL050,34091717018,20,1,9,1,4,2,0,0,1,0,16,2,5,0,12,0,0,0,0,0,36,3,14,1,16,2,0,0,1,0,73
SL050,34091717019,42,2,38,1,42,2,0,1,0,2,40,6,41,2,89,2,0,3,4,0,82,8,79,3,131,4,0,4,4,2,317
SL050,34091717020,39,5,24,22,52,1,2,3,0,1,34,10,22,7,78,1,1,7,0,0,73,15,46,29,130,2,3,10,0,1,309
SL050,34091717021,13,1,1,1,5,0,0,0,0,0,11,0,1,0,0,0,0,0,0,0,24,1,2,1,5,0,0,0,0,0,33
SL050,34091717022,204,25,553,208,189,2,8,10,26,0,208,39,466,49,298,3,4,12,41,0,412,64,1019,257,487,5,12,22,67,0,2345
SL050,34091717023,701,286,491,973,1221,14,40,49,28,1,790,415,396,163,1619,21,22,64,20,5,1491,701,887,1136,2840,35,62,113,48,6,7319
SL050,34091717024,11,0,1,1,11,2,0,0,0,0,7,0,1,0,16,0,0,0,1,1,18,0,2,1,27,2,0,0,1,1,52
SL050,34091717025,90,6,10,20,13,0,1,0,2,0,91,9,11,7,18,0,0,1,6,0,181,15,21,27,31,0,1,1,8,0,285
SL050,34091717026,7,1,3,6,9,0,0,0,0,0,4,0,0,2,11,0,1,1,0,0,11,1,3,8,20,0,1,1,0,0,45
SL050,34091717027,13,0,42,75,48,1,8,3,0,1,20,3,29,23,79,0,3,1,0,0,33,3,71,98,127,1,11,4,0,1,349
SL050,34091717028,7,1,0,0,1,0,0,0,0,0,5,1,0,0,4,1,0,0,2,0,12,2,0,0,5,1,0,0,2,0,22
SL050,34091717029,10,2,1,0,2,0,0,0,0,0,8,3,0,0,5,0,0,0,0,0,18,5,1,0,7,0,0,0,0,0,31
SL050,34091717030,39,1,33,8,16,1,0,0,0,0,34,1,26,1,25,0,0,0,0,0,73,2,59,9,41,1,0,0,0,0,185
SL050,34091717031,21,1,1,0,4,0,0,0,0,0,17,0,0,0,10,0,0,0,0,0,38,1,1,0,14,0,0,0,0,0,54
SL050,34091717032,108,10,63,0,220,3,3,3,12,0,119,16,54,2,230,2,0,8,10,1,227,26,117,2,450,5,3,11,22,1,864
SL050,34091717033,100,29,32,27,129,2,22,3,7,0,113,37,32,4,192,2,10,10,6,0,213,66,64,31,321,4,32,13,13,0,757
SL050,34091717034,368,203,424,14,226,3,3,15,20,1,386,260,339,13,313,9,1,26,23,3,754,463,763,27,539,12,4,41,43,4,2650
SL050,34091717035,5,2,1,0,10,1,0,0,0,0,3,3,1,0,10,1,0,1,0,0,8,5,2,0,20,2,0,1,0,0,38
SL050,34091717036,17,6,17,6,10,0,0,0,2,0,19,7,11,1,31,0,0,3,3,0,36,13,28,7,41,0,0,3,5,0,133
SL050,34091717037,2,0,0,0,1,0,2,0,0,0,5,0,0,0,2,1,0,0,0,0,7,0,0,0,3,1,2,0,0,0,13
SL050,34091717038,6,0,2,1,8,0,0,0,0,0,7,4,1,0,7,0,0,0,0,0,13,4,3,1,15,0,0,0,0,0,36
SL050,34091717039,51,7,19,0,80,0,0,1,0,0,31,5,11,0,82,1,1,1,2,1,82,12,30,0,162,1,1,2,2,1,293
SL050,34091717040,10,0,2,1,4,0,0,1,0,0,9,0,0,2,14,2,0,1,1,1,19,0,2,3,18,2,0,2,1,1,48
SL050,34091717041,20,1,1,0,8,0,0,0,0,0,19,1,0,0,8,0,0,0,0,0,39,2,1,0,16,0,0,0,0,0,58
SL050,34091717042,37,2,15,3,6,0,0,1,0,0,37,5,10,0,10,0,0,1,0,0,74,7,25,3,16,0,0,2,0,0,127
SL050,34091717043,1,0,0,0,2,0,0,0,0,0,0,2,0,0,3,0,0,1,0,0,1,2,0,0,5,0,0,1,0,0,9
SL050,34091717044,196,33,109,461,178,4,78,10,4,1,196,42,98,93,247,4,48,21,3,0,392,75,207,554,425,8,126,31,7,1,1826
SL050,34091717046,12,3,5,25,7,2,7,2,0,0,19,4,8,6,18,1,5,2,0,0,31,7,13,31,25,3,12,4,0,0,126
SL050,34091717047,1135,192,648,100,283,3,42,35,11,3,1097,275,499,36,360,9,4,36,13,0,2232,467,1147,136,643,12,46,71,24,3,4781
SL050,34091717048,376,526,356,46,315,8,28,32,19,3,385,628,331,17,441,8,9,29,26,0,761,1154,687,63,756,16,37,61,45,3,3583
SL050,34091717049,407,7,46,74,55,2,5,7,1,0,377,14,43,40,96,1,1,9,0,0,784,21,89,114,151,3,6,16,1,0,1185
SL050,34091717050,27,3,1,6,15,3,0,0,0,0,30,2,1,2,25,0,0,2,1,0,57,5,2,8,40,3,0,2,1,0,118
SL050,34091717051,14,1,0,1,3,1,0,0,0,0,11,2,0,0,5,0,0,0,0,0,25,3,0,1,8,1,0,0,0,0,38
SL050,34091717052,2,0,1,1,6,0,0,0,0,0,2,0,0,0,3,0,0,0,0,0,4,0,1,1,9,0,0,0,0,0,15
SL050,34091717054,20,0,8,1,10,2,0,0,0,0,26,3,4,1,11,2,0,0,0,0,46,3,12,2,21,4,0,0,0,0,88
SL050,34091717055,2,0,0,0,2,0,0,0,0,0,6,0,0,0,3,0,0,0,0,0,8,0,0,0,5,0,0,0,0,0,13
SL050,34091717056,40,9,5,2,41,1,2,1,0,0,36,11,7,1,48,4,0,3,1,0,76,20,12,3,89,5,2,4,1,0,212
SL050,34091717057,24,3,0,1,13,0,1,1,3,0,27,3,2,0,19,0,0,0,1,0,51,6,2,1,32,0,1,1,4,0,98
SL050,34091717058,10,0,4,2,3,1,0,0,0,0,11,0,3,0,6,2,0,0,0,0,21,0,7,2,9,3,0,0,0,0,42
SL050,34091717060,20,8,4,0,7,0,0,0,0,0,26,13,0,0,9,1,0,0,0,0,46,21,4,0,16,1,0,0,0,0,88
SL050,34091717061,1,2,1,0,1,1,1,0,0,0,2,1,2,0,4,1,0,0,0,0,3,3,3,0,5,2,1,0,0,0,17
SL050,34091717062,836,132,465,47,284,8,9,23,3,3,814,160,329,16,353,9,4,31,4,2,1650,292,794,63,637,17,13,54,7,5,3532
SL050,34091717063,2,0,0,1,1,0,0,0,0,0,1,1,0,0,3,0,0,0,0,0,3,1,0,1,4,0,0,0,0,0,9
SL050,34091717064,18,0,1,1,10,0,0,0,0,0,9,1,1,0,20,1,0,0,0,0,27,1,2,1,30,1,0,0,0,0,62
SL050,34091717065,5,5,1,1,3,0,0,0,0,0,5,2,2,0,3,0,0,0,1,0,10,7,3,1,6,0,0,0,1,0,28
SL050,34091717066,968,274,2551,923,2175,12,152,104,20,1,992,353,2057,259,2973,13,49,104,18,1,1960,627,4608,1182,5148,25,201,208,38,2,13999
SL050,34091717067,52,4,18,34,18,0,1,0,0,0,40,3,12,11,31,1,1,4,0,0,92,7,30,45,49,1,2,4,0,0,230
SL050,34091717068,5,2,2,0,3,0,0,0,0,0,8,2,0,0,3,0,0,0,0,0,13,4,2,0,6,0,0,0,0,0,25
SL050,34091717069,5,1,0,0,8,0,0,0,0,0,8,6,0,2,11,0,0,0,0,0,13,7,0,2,19,0,0,0,0,0,41
SL050,34091717070,3,0,0,1,7,0,0,0,0,0,1,0,0,0,5,1,0,0,0,0,4,0,0,1,12,1,0,0,0,0,18
SL050,34091717071,21,0,0,7,6,0,1,0,0,0,17,2,2,1,14,0,0,2,0,0,38,2,2,8,20,0,1,2,0,0,73
SL050,34091717073,30,7,5,2,20,0,1,0,0,0,28,6,5,0,27,2,0,5,2,1,58,13,10,2,47,2,1,5,2,1,141
SL050,34091717074,32,2,7,3,11,0,0,0,0,0,27,2,4,0,17,0,0,0,0,0,59,4,11,3,28,0,0,0,0,0,105
SL050,34091717075,14,0,0,1,3,0,1,0,0,0,17,0,0,0,7,1,0,0,0,0,31,0,0,1,10,1,1,0,0,0,44
SL050,34091717076,3,1,0,1,3,1,0,1,0,0,6,1,0,0,2,0,0,0,0,0,9,2,0,1,5,1,0,1,0,0,19
SL050,34091717077,39,1,20,2,15,0,0,1,2,0,43,8,14,0,28,0,0,0,0,1,82,9,34,2,43,0,0,1,2,1,174
SL050,34091717078,4,1,0,0,11,0,0,0,0,0,6,0,0,0,16,0,0,0,0,0,10,1,0,0,27,0,0,0,0,0,38
SL050,34091717079,1620,543,2191,1105,4276,90,379,341,86,19,1703,849,1585,473,6443,92,201,422,103,23,3323,1392,3776,1578,10719,182,580,763,189,42,22544
SL050,34091717080,5,0,2,0,0,0,0,0,0,0,6,0,0,0,4,0,0,0,0,0,11,0,2,0,4,0,0,0,0,0,17
SL050,34091717081,20,1,15,11,7,0,0,0,0,0,10,1,6,2,17,1,0,0,0,0,30,2,21,13,24,1,0,0,0,0,91
SL050,34091717082,20,4,1,0,13,0,0,0,1,0,12,3,1,0,12,0,0,0,0,0,32,7,2,0,25,0,0,0,1,0,67
SL050,34091717083,43,3,62,103,66,2,12,3,0,0,47,11,50,28,90,1,8,2,0,0,90,14,112,131,156,3,20,5,0,0,531
SL050,34091717084,6,1,0,0,2,0,2,0,0,0,0,1,0,0,3,0,0,0,0,0,6,2,0,0,5,0,2,0,0,0,15
SL050,34091717085,5,1,0,20,7,0,0,0,2,0,6,2,0,3,5,0,0,1,0,0,11,3,0,23,12,0,0,1,2,0,52
SL050,34091717086,126,9,273,12,228,1,1,7,1,0,132,15,196,11,286,1,0,8,0,0,258,24,469,23,514,2,1,15,1,0,1307
SL050,34091717087,4,0,12,1,5,1,0,0,0,0,5,0,2,0,7,0,0,0,0,0,9,0,14,1,12,1,0,0,0,0,37
SL050,34091717088,15,1,5,1,10,0,7,1,1,0,14,0,1,1,18,0,0,4,1,0,29,1,6,2,28,0,7,5,2,0,80
SL050,34091717089,126,27,347,152,120,0,12,6,1,0,143,54,249,32,146,3,10,15,5,0,269,81,596,184,266,3,22,21,6,0,1448
SL050,34091717090,2,3,1,1,6,1,0,2,0,0,5,3,0,0,5,1,0,2,0,0,7,6,1,1,11,2,0,4,0,0,32
SL050,34091717091,4,0,0,0,17,0,1,0,0,0,5,1,1,0,19,0,0,0,0,0,9,1,1,0,36,0,1,0,0,0,48
SL050,34091717092,177,25,89,19,71,4,7,5,0,0,181,43,76,5,94,7,3,7,3,0,358,68,165,24,165,11,10,12,3,0,816
SL050,34091717093,33,3,17,1,22,0,0,1,0,0,29,4,12,0,28,0,0,1,1,0,62,7,29,1,50,0,0,2,1,0,152
SL050,34091717094,62,20,7,1,25,0,0,0,0,0,63,17,7,0,33,1,0,2,0,0,125,37,14,1,58,1,0,2,0,0,238
SL050,34091717095,1845,1649,724,578,1582,24,861,57,114,1,1994,1962,527,148,1693,6,500,65,127,2,3839,3611,1251,726,3275,30,1361,122,241,3,14459
SL050,34091717096,4,1,0,0,2,0,0,0,0,0,3,1,0,0,5,1,0,0,0,0,7,2,0,0,7,1,0,0,0,0,17
SL050,34091717097,6,2,0,0,2,1,0,0,1,0,10,2,1,0,3,0,0,0,0,0,16,4,1,0,5,1,0,0,1,0,28
SL050,34091717098,20,0,3,0,5,2,0,0,0,0,15,1,1,0,6,1,0,1,1,0,35,1,4,0,11,3,0,1,1,0,56
SL050,34091717099,2,1,0,0,1,0,0,0,0,0,1,4,0,0,0,0,0,0,0,0,3,5,0,0,1,0,0,0,0,0,9
SL050,34091717100,12,0,0,16,1,0,0,0,0,0,11,1,0,1,4,0,0,0,0,0,23,1,0,17,5,0,0,0,0,0,46
SL050,34091717101,14,4,3,1,9,0,0,0,0,0,12,1,3,0,13,0,0,0,0,0,26,5,6,1,22,0,0,0,0,0,60
SL050,34091717102,7,1,21,1,5,0,0,0,0,0,14,4,10,0,14,0,0,1,0,0,21,5,31,1,19,0,0,1,0,0,78
SL050,34091717103,162,22,31,98,87,2,5,46,4,0,160,27,21,32,120,0,4,36,1,0,322,49,52,130,207,2,9,82,5,0,858
SL050,34091717105,12,3,0,0,1,0,1,0,0,0,6,1,1,0,2,0,0,2,0,0,18,4,1,0,3,0,1,2,0,0,29
SL050,34091717106,4,1,4,1,0,0,0,0,0,0,7,1,2,0,1,0,0,0,0,0,11,2,6,1,1,0,0,0,0,0,21
SL050,34091717107,6,0,0,1,4,0,0,0,0,0,3,2,1,0,5,0,0,0,0,0,9,2,1,1,9,0,0,0,0,0,22
SL050,34091717109,33,1,3,1,3,1,0,0,0,0,18,1,0,1,12,0,0,1,0,0,51,2,3,2,15,1,0,1,0,0,75
SL050,34091717110,35,4,18,0,21,0,0,0,1,0,45,10,20,1,33,0,0,1,1,0,80,14,38,1,54,0,0,1,2,0,190
SL050,34091717111,48,3,4,6,17,1,3,1,4,0,43,6,0,3,37,3,1,4,5,0,91,9,4,9,54,4,4,5,9,0,189
SL050,34091717112,2,1,1,0,1,0,0,0,0,0,1,0,0,0,2,0,0,0,0,0,3,1,1,0,3,0,0,0,0,0,8
SL050,34091717114,524,242,599,888,806,8,777,365,10,2,498,262,396,279,1174,7,546,348,11,0,1022,504,995,1167,1980,15,1323,713,21,2,7742
SL050,34091717115,11,3,2,1,5,0,0,0,0,0,13,2,0,0,9,0,0,0,0,0,24,5,2,1,14,0,0,0,0,0,46
SL050,34091717116,3,0,1,0,7,1,1,0,0,0,4,1,0,0,12,2,0,0,0,0,7,1,1,0,19,3,1,0,0,0,32
SL050,34091717117,528,93,1576,69,507,5,15,17,21,3,635,136,1265,32,682,4,8,19,28,4,1163,229,2841,101,1189,9,23,36,49,7,5647
SL050,34091717118,225,111,463,79,543,5,39,20,50,2,251,154,396,22,730,11,9,40,36,1,476,265,859,101,1273,16,48,60,86,3,3187
SL050,34091717119,2,0,0,0,2,0,0,0,0,0,2,0,0,0,2,0,0,0,0,0,4,0,0,0,4,0,0,0,0,0,8
SL050,34091717120,133,19,17,3,21,0,4,1,2,3,133,32,13,2,26,1,1,5,2,2,266,51,30,5,47,1,5,6,4,5,420
SL050,34091717121,8,0,1,7,6,0,1,1,0,0,5,1,4,0,7,0,0,2,0,0,13,1,5,7,13,0,1,3,0,0,43
SL050,34091717123,6,0,0,1,5,0,0,0,0,1,14,1,0,0,5,0,0,0,2,1,20,1,0,1,10,0,0,0,2,2,36
SL050,34091717124,121,12,52,24,76,2,2,4,5,2,129,21,39,9,94,2,1,6,2,0,250,33,91,33,170,4,3,10,7,2,603
SL050,34091717125,0,1,0,0,0,0,0,0,0,0,0,2,0,0,2,0,0,0,0,0,0,3,0,0,2,0,0,0,0,0,5
SL050,34091717126,7,0,2,0,1,0,0,0,0,1,5,2,1,0,3,0,0,0,0,0,12,2,3,0,4,0,0,0,0,1,22
SL050,34091717128,67,4,7,1,8,0,1,0,0,0,62,3,1,0,8,1,1,0,4,0,129,7,8,1,16,1,2,0,4,0,168
SL050,34091717129,9,1,0,0,3,0,0,0,0,0,9,0,0,0,6,0,0,0,0,0,18,1,0,0,9,0,0,0,0,0,28
SL050,34091717130,15,3,0,0,1,4,0,0,0,0,14,4,2,1,5,0,0,0,0,0,29,7,2,1,6,4,0,0,0,0,49
SL050,34091717132,72,7,9,8,30,3,0,0,2,0,59,19,8,3,46,2,0,3,5,0,131,26,17,11,76,5,0,3,7,0,276
SL050,34091717133,27,2,14,19,16,0,7,2,0,0,24,1,12,10,33,1,5,4,0,0,51,3,26,29,49,1,12,6,0,0,177
SL050,34091717134,3,8,0,0,3,0,0,0,0,0,1,10,0,0,6,0,0,0,0,0,4,18,0,0,9,0,0,0,0,0,31
SL050,34091717135,23,0,3,0,4,0,0,0,0,0,26,2,3,0,13,1,0,0,0,0,49,2,6,0,17,1,0,0,0,0,75
SL050,34091717136,7,0,1,2,4,0,0,0,0,0,11,1,0,0,6,0,0,0,0,0,18,1,1,2,10,0,0,0,0,0,32
SL050,34091717137,62,7,27,5,58,2,1,1,1,1,66,8,18,3,62,1,1,3,0,0,128,15,45,8,120,3,2,4,1,1,327
SL050,34091717138,36,2,14,5,16,0,0,2,0,0,43,4,8,1,30,0,0,0,1,0,79,6,22,6,46,0,0,2,1,0,162
SL050,34091717139,3,0,3,12,20,0,4,0,0,0,0,2,3,1,34,0,3,3,0,0,3,2,6,13,54,0,7,3,0,0,88
SL050,34091717140,48,5,31,15,18,2,0,0,0,0,53,7,18,4,31,4,0,0,0,1,101,12,49,19,49,6,0,0,0,1,237
SL050,34091717141,205,106,98,72,588,4,20,16,2,0,191,112,67,33,719,7,6,6,0,0,396,218,165,105,1307,11,26,22,2,0,2252
SL050,34091717142,31,6,30,5,37,1,2,4,0,0,28,8,19,1,50,1,0,8,2,0,59,14,49,6,87,2,2,12,2,0,233
SL050,34091717143,10,0,0,0,3,0,0,0,0,0,9,1,0,1,4,0,0,0,0,0,19,1,0,1,7,0,0,0,0,0,28
SL050,34091717144,9,1,2,0,5,0,0,0,0,0,4,2,1,0,9,1,0,0,0,0,13,3,3,0,14,1,0,0,0,0,34
SL050,34091717145,6,9,12,0,27,0,12,1,0,0,14,13,4,0,38,1,7,1,0,0,20,22,16,0,65,1,19,2,0,0,145
SL050,34091717146,47,7,13,9,71,3,0,0,1,0,54,15,9,3,95,1,0,7,2,0,101,22,22,12,166,4,0,7,3,0,337
SL050,34091717147,62,8,379,18,173,4,43,12,3,1,65,8,261,7,288,3,19,12,4,0,127,16,640,25,461,7,62,24,7,1,1370
SL050,34091717148,91,4,21,15,21,2,1,5,0,0,81,10,14,3,38,1,0,3,0,0,172,14,35,18,59,3,1,8,0,0,310
SL050,34091717149,4,3,0,0,0,0,1,0,0,0,4,3,0,0,4,0,0,0,0,0,8,6,0,0,4,0,1,0,0,0,19
SL050,34091717150,46,32,8,11,37,2,10,3,1,0,45,27,8,3,65,1,3,2,1,0,91,59,16,14,102,3,13,5,2,0,305
SL050,34091717151,14,0,3,2,4,0,0,0,0,0,10,1,3,0,6,0,0,0,0,0,24,1,6,2,10,0,0,0,0,0,43
SL050,34091717152,1064,146,1308,56,510,9,51,50,29,2,1074,242,986,23,588,12,14,50,28,1,2138,388,2294,79,1098,21,65,100,57,3,6243
SL050,34091717153,11,0,0,7,2,1,0,0,0,0,13,0,2,1,4,1,0,0,1,0,24,0,2,8,6,2,0,0,1,0,43
SL050,34091717154,10,1,1,0,1,1,0,0,1,0,15,0,0,0,0,0,0,0,1,0,25,1,1,0,1,1,0,0,2,0,31
SL050,34091717155,384,93,2255,2266,1125,7,331,101,37,0,359,116,1687,901,1643,5,187,99,45,0,743,209,3942,3167,2768,12,518,200,82,0,11641
SL050,34091717157,0,0,0,1,2,0,0,0,0,0,0,0,0,0,3,1,0,0,0,0,0,0,0,1,5,1,0,0,0,0,7
SL050,34091717158,16,1,6,15,28,0,0,0,1,0,13,3,2,1,22,0,0,0,0,0,29,4,8,16,50,0,0,0,1,0,108
SL050,34091717159,15,1,2,2,14,0,0,0,0,0,9,4,2,0,8,0,0,0,1,0,24,5,4,2,22,0,0,0,1,0,58
SL050,34091717160,388,297,900,230,422,13,33,23,11,1,377,325,691,62,655,11,14,35,13,1,765,622,1591,292,1077,24,47,58,24,2,4502
SL050,34091717161,13,7,16,2,13,1,16,0,0,0,15,8,12,1,28,0,7,6,0,0,28,15,28,3,41,1,23,6,0,0,145
SL050,34091717162,8,1,1,0,5,1,0,0,0,0,12,1,0,0,4,2,0,0,0,0,20,2,1,0,9,3,0,0,0,0,35
SL050,34091717163,26,3,15,6,39,1,4,3,1,0,21,9,7,0,51,1,2,6,1,1,47,12,22,6,90,2,6,9,2,1,197
SL050,34091717164,120,14,274,7,35,1,3,1,0,0,105,11,176,5,72,0,5,7,0,0,225,25,450,12,107,1,8,8,0,0,836
SL050,34091717165,9,0,6,13,11,0,3,1,0,0,25,2,6,4,21,2,3,0,0,0,34,2,12,17,32,2,6,1,0,0,106
SL050,34091717166,9,2,17,3,7,0,0,0,0,0,15,3,13,0,11,0,1,1,0,0,24,5,30,3,18,0,1,1,0,0,82
SL050,34091717167,11,2,72,7,22,1,4,3,0,0,17,4,56,2,41,1,3,3,1,0,28,6,128,9,63,2,7,6,1,0,250
SL050,34091717168,9,0,4,0,8,0,1,0,0,0,7,1,2,0,8,0,0,0,0,0,16,1,6,0,16,0,1,0,0,0,40
SL050,34091717169,51,10,33,5,37,1,5,2,0,1,44,18,24,2,67,5,4,4,4,1,95,28,57,7,104,6,9,6,4,2,318
SL050,34091717170,6,0,0,1,2,0,0,0,0,0,3,0,0,0,1,0,0,0,0,0,9,0,0,1,3,0,0,0,0,0,13
SL050,34091717171,17,3,2,0,8,1,0,0,0,0,18,2,1,0,3,1,0,0,0,0,35,5,3,0,11,2,0,0,0,0,56
SL050,34091717172,11,2,3,8,8,1,1,0,0,1,13,1,0,0,14,1,0,0,0,1,24,3,3,8,22,2,1,0,0,2,65
SL050,34091717173,3,0,1,11,4,0,0,0,0,0,8,0,1,3,10,1,0,0,0,0,11,0,2,14,14,1,0,0,0,0,42
SL050,34091717174,4,0,0,0,1,0,0,0,0,0,3,0,0,0,3,0,0,0,0,0,7,0,0,0,4,0,0,0,0,0,11
SL050,34091717175,18,2,17,1,7,0,0,6,0,0,15,6,11,0,13,3,0,3,0,0,33,8,28,1,20,3,0,9,0,0,102
SL050,34091717176,11,0,2,1,16,0,0,0,0,0,10,0,0,0,4,0,0,0,0,0,21,0,2,1,20,0,0,0,0,0,44
SL050,34091717177,4,0,5,0,7,0,0,0,1,0,5,1,3,0,21,0,1,0,0,0,9,1,8,0,28,0,1,0,1,0,48
SL050,34091717178,127,6,137,144,27,0,2,1,0,0,138,16,111,34,30,0,3,2,1,0,265,22,248,178,57,0,5,3,1,0,779
SL050,34091717180,413,28,285,250,136,4,252,14,1,1,386,34,234,67,229,4,148,30,3,2,799,62,519,317,365,8,400,44,4,3,2521
SL050,34091717181,198,59,97,85,99,4,7,2,6,2,194,70,71,27,155,3,4,5,6,1,392,129,168,112,254,7,11,7,12,3,1095
SL050,34091717182,2,1,2,2,0,0,0,0,0,0,8,0,1,1,5,0,0,0,0,0,10,1,3,3,5,0,0,0,0,0,22
SL050,34091717183,12,0,3,0,8,0,0,0,1,0,6,1,0,0,12,0,0,0,1,0,18,1,3,0,20,0,0,0,2,0,44
SL050,34091717184,10,1,1,2,13,1,0,0,0,0,13,0,1,0,24,0,0,0,0,0,23,1,2,2,37,1,0,0,0,0,66
SL050,34091717185,34,6,44,12,23,3,47,0,0,0,35,6,38,4,42,1,25,0,0,0,69,12,82,16,65,4,72,0,0,0,320
SL050,34091717186,71,12,37,16,108,1,4,5,0,0,51,30,29,6,160,3,3,8,0,0,122,42,66,22,268,4,7,13,0,0,544
SL050,34091717187,16,5,12,6,15,1,0,1,0,0,15,9,7,0,21,3,0,0,2,0,31,14,19,6,36,4,0,1,2,0,113
SL050,34091717188,2,2,0,1,4,0,0,0,0,0,2,3,0,0,4,0,0,0,0,0,4,5,0,1,8,0,0,0,0,0,18
SL050,34091717189,17,4,35,0,12,1,26,0,0,0,23,5,30,0,26,0,17,2,0,0,40,9,65,0,38,1,43,2,0,0,198
SL050,34091717190,24,1,11,5,6,0,0,0,0,0,22,3,4,2,8,1,0,1,1,0,46,4,15,7,14,1,0,1,1,0,89
SL050,34091717191,0,4,9,2,5,0,0,0,0,0,1,2,1,0,4,0,0,1,2,0,1,6,10,2,9,0,0,1,2,0,31
SL050,34091717192,4,0,0,0,3,0,0,0,0,0,3,0,0,0,9,0,0,0,0,0,7,0,0,0,12,0,0,0,0,0,19
SL050,34091717193,96,23,28,84,86,1,13,44,0,0,80,41,24,20,133,5,10,36,1,0,176,64,52,104,219,6,23,80,1,0,725
SL050,34091717194,5,0,0,0,2,0,0,0,0,0,5,0,0,0,1,0,0,0,0,0,10,0,0,0,3,0,0,0,0,0,13
SL050,34091717195,12,0,0,13,3,0,0,0,0,0,18,0,1,0,3,0,0,0,0,0,30,0,1,13,6,0,0,0,0,0,50
SL050,34091717196,9,0,0,1,1,0,0,0,0,0,13,0,2,1,6,0,0,0,0,0,22,0,2,2,7,0,0,0,0,0,33
SL050,34091717197,2,0,3,0,3,0,0,0,0,0,2,0,1,0,5,0,0,0,0,0,4,0,4,0,8,0,0,0,0,0,16
SL050,34091717198,55,5,10,10,17,0,0,0,0,0,66,4,8,0,24,0,0,2,1,0,121,9,18,10,41,0,0,2,1,0,202
SL050,34091717199,483,44,558,218,319,10,14,22,5,0,523,65,444,47,439,8,5,31,14,1,1006,109,1002,265,758,18,19,53,19,1,3250
SL050,34091717200,11,0,0,0,18,0,0,1,2,0,21,2,1,2,28,1,0,1,0,0,32,2,1,2,46,1,0,2,2,0,88
SL050,34091717201,0,0,2,2,1,0,0,0,0,0,0,0,0,1,2,0,0,0,0,0,0,0,2,3,3,0,0,0,0,0,8
SL050,34091717202,171,64,96,109,228,3,5,14,6,2,195,83,65,19,256,1,1,15,12,0,366,147,161,128,484,4,6,29,18,2,1345
SL050,34091717203,5,1,0,0,2,0,0,0,0,0,4,1,0,0,3,0,0,0,0,0,9,2,0,0,5,0,0,0,0,0,16
SL050,34091717204,19,4,139,61,16,0,1,1,3,0,26,3,89,9,22,0,0,0,4,0,45,7,228,70,38,0,1,1,7,0,397
SL050,34091717205,7,2,0,0,4,0,0,0,0,0,7,3,0,0,5,0,0,0,0,0,14,5,0,0,9,0,0,0,0,0,28
SL050,34091717206,1,3,0,0,2,2,0,0,0,0,1,2,0,1,6,3,0,0,0,0,2,5,0,1,8,5,0,0,0,0,21
SL050,34091717207,18,3,9,5,12,0,8,0,0,0,14,1,8,1,27,2,4,3,0,0,32,4,17,6,39,2,12,3,0,0,115
SL050,34091717208,13,4,3,11,11,1,2,0,1,0,12,3,2,0,19,0,2,2,0,0,25,7,5,11,30,1,4,2,1,0,86
SL050,34091717209,21,7,3,1,4,0,0,0,2,0,30,10,0,0,16,0,0,0,1,0,51,17,3,1,20,0,0,0,3,0,95
SL050,34091717210,39,7,21,20,8,3,0,0,0,0,33,14,12,5,11,1,0,0,0,0,72,21,33,25,19,4,0,0,0,0,174
SL050,34091717211,21,4,45,16,4,0,5,1,0,0,17,3,38,3,16,1,1,0,0,0,38,7,83,19,20,1,6,1,0,0,175
SL050,34091717212,0,0,0,0,2,0,0,0,0,0,1,0,0,0,2,0,0,0,0,0,1,0,0,0,4,0,0,0,0,0,5
SL050,34091717213,178,34,96,106,163,1,26,6,2,0,181,45,40,29,195,3,10,8,1,1,359,79,136,135,358,4,36,14,3,1,1125
SL050,34091717214,17,3,2,5,12,3,0,0,0,0,11,3,1,2,12,0,1,1,0,0,28,6,3,7,24,3,1,1,0,0,73
SL050,34091717215,11,3,2,1,16,0,0,0,0,0,16,4,4,0,23,0,0,2,1,0,27,7,6,1,39,0,0,2,1,0,83
SL050,34091717216,4,1,1,0,1,0,0,1,0,0,2,2,0,0,5,0,0,0,0,0,6,3,1,0,6,0,0,1,0,0,17
SL050,34091717217,14,0,8,3,1,0,0,0,0,0,10,2,5,2,10,0,0,0,0,0,24,2,13,5,11,0,0,0,0,0,55
SL050,34091717218,32,0,3,18,14,2,2,1,1,1,31,2,3,2,17,1,4,0,0,0,63,2,6,20,31,3,6,1,1,1,134
SL050,34091717220,17,2,3,9,15,0,3,0,0,0,20,5,3,2,12,0,1,0,0,0,37,7,6,11,27,0,4,0,0,0,92
SL050,34091717221,75,7,34,6,64,0,2,3,2,0,53,9,25,3,97,0,3,8,0,0,128,16,59,9,161,0,5,11,2,0,391
SL050,34091717222,5,1,0,0,1,0,0,0,0,0,7,1,0,0,3,0,0,0,0,0,12,2,0,0,4,0,0,0,0,0,18
SL050,34091717223,38,9,21,5,9,0,2,0,1,1,30,9,10,1,13,1,0,0,1,0,68,18,31,6,22,1,2,0,2,1,151
SL050,34091717224,29,0,0,0,2,0,0,0,0,0,23,2,0,0,5,0,0,0,0,0,52,2,0,0,7,0,0,0,0,0,61
SL050,34091717225,11,0,11,21,3,0,1,0,0,0,8,0,9,0,5,0,0,0,0,0,19,0,20,21,8,0,1,0,0,0,69
SL050,34091717226,19,0,4,2,7,0,0,0,0,0,22,3,7,1,21,0,0,1,0,0,41,3,11,3,28,0,0,1,0,0,87
SL050,34091717227,11,2,2,3,2,0,0,1,0,0,14,2,3,0,3,0,1,0,0,0,25,4,5,3,5,0,1,1,0,0,44
SL050,34091717228,10,1,1,1,6,0,0,0,0,0,8,2,1,0,15,0,0,0,0,0,18,3,2,1,21,0,0,0,0,0,45
SL050,34091717230,21,3,12,2,21,0,1,0,0,0,21,2,10,1,21,0,2,0,0,0,42,5,22,3,42,0,3,0,0,0,117
SL050,34091717232,10,1,1,0,3,0,0,0,0,0,8,0,2,0,3,0,0,0,0,0,18,1,3,0,6,0,0,0,0,0,28
SL050,34091717233,41,13,20,49,35,1,34,0,0,0,54,20,12,11,48,1,17,3,2,0,95,33,32,60,83,2,51,3,2,0,361
SL050,34091717234,5,3,1,0,2,0,0,0,0,0,10,1,0,1,4,0,0,0,1,0,15,4,1,1,6,0,0,0,1,0,28
SL050,34091717901,24,2,17,1,16,1,0,0,0,1,29,4,13,4,15,2,0,4,0,0,53,6,30,5,31,3,0,4,0,1,133
SL050,34091717902,31,4,18,4,17,2,0,1,2,0,29,5,14,0,28,0,0,3,4,0,60,9,32,4,45,2,0,4,6,0,162
SL050,34091717903,40,2,39,1,7,0,1,0,0,0,26,3,29,0,23,0,0,2,0,0,66,5,68,1,30,0,1,2,0,0,173
SL050,34011818001,7,0,2,0,1,0,0,1,0,0,5,1,2,0,1,0,0,0,0,0,12,1,4,0,2,0,0,1,0,0,20
SL050,34011818002,10,0,0,0,0,0,0,0,0,0,7,0,0,0,0,0,0,0,0,0,17,0,0,0,0,0,0,0,0,0,17
SL050,34011818003,165,26,105,32,147,8,2,16,11,0,172,58,97,12,236,9,0,27,8,1,337,84,202,44,383,17,2,43,19,1,1132
SL050,34011818004,19,1,2,0,0,0,0,0,0,0,17,3,2,0,2,0,0,0,0,0,36,4,4,0,2,0,0,0,0,0,46
SL050,34011818005,4,0,0,0,0,0,0,0,0,0,3,0,0,0,4,0,0,0,0,0,7,0,0,0,4,0,0,0,0,0,11
SL050,34011818006,163,25,771,241,19,0,0,4,0,2,167,29,424,10,16,1,0,2,1,1,330,54,1195,251,35,1,0,6,1,3,1876
SL050,34011818007,3,0,0,0,3,0,0,0,1,0,9,0,0,0,3,0,0,0,0,0,12,0,0,0,6,0,0,0,1,0,19
SL050,34011818010,7,2,2,1,2,0,0,0,0,0,5,2,1,0,2,0,0,0,0,1,12,4,3,1,4,0,0,0,0,1,25
SL050,34011818011,33,7,18,0,58,1,0,1,2,0,36,5,25,0,50,3,0,2,2,0,69,12,43,0,108,4,0,3,4,0,243
SL050,34011818012,39,1,18,1,7,0,0,1,0,0,32,1,5,1,13,0,0,1,0,0,71,2,23,2,20,0,0,2,0,0,120
SL050,34011818013,39,2,530,56,88,1,1,1,0,1,45,8,203,6,64,0,0,2,1,0,84,10,733,62,152,1,1,3,1,1,1048
SL050,34011818014,86,13,63,22,85,3,0,8,2,1,99,28,43,2,124,2,0,15,1,0,185,41,106,24,209,5,0,23,3,1,597
SL050,34011818015,0,0,0,0,2,0,0,0,0,0,1,3,0,0,2,0,0,0,0,0,1,3,0,0,4,0,0,0,0,0,8
SL050,34011818016,14,0,0,0,1,0,0,0,0,0,14,0,0,0,0,0,0,0,0,0,28,0,0,0,1,0,0,0,0,0,29
SL050,34011818017,1528,67,244,130,430,84,14,65,10,2,1587,147,249,31,500,78,5,58,15,4,3115,214,493,161,930,162,19,123,25,6,5248
SL050,34011818018,3,2,0,0,1,0,0,0,0,0,7,2,1,0,4,0,0,0,0,0,10,4,1,0,5,0,0,0,0,0,20
SL050,34011818020,17,0,31,1,18,0,0,0,0,0,17,0,10,0,17,0,0,0,0,0,34,0,41,1,35,0,0,0,0,0,111
SL050,34011818021,277,51,309,177,478,9,11,104,20,2,283,84,235,19,648,14,7,104,13,0,560,135,544,196,1126,23,18,208,33,2,2845
SL050,34011818022,181,20,141,42,207,5,8,23,9,0,181,21,91,13,264,6,4,22,9,0,362,41,232,55,471,11,12,45,18,0,1247
SL050,34011818023,337,15,274,87,207,3,5,15,2,2,339,29,176,6,235,4,2,13,5,0,676,44,450,93,442,7,7,28,7,2,1756
SL050,34011818024,3,0,2,0,1,1,0,0,0,0,2,0,6,0,8,1,0,0,0,0,5,0,8,0,9,2,0,0,0,0,24
SL050,34011818025,1,0,0,0,5,1,0,0,0,0,2,0,0,0,2,0,0,0,0,0,3,0,0,0,7,1,0,0,0,0,11
SL050,34011818027,15,5,1,0,3,0,0,0,1,0,15,7,1,1,17,1,0,0,0,0,30,12,2,1,20,1,0,0,1,0,67
SL050,34011818028,23,0,4,1,2,1,0,0,0,0,13,2,4,0,5,1,0,0,0,0,36,2,8,1,7,2,0,0,0,0,56
SL050,34011818029,50,0,7,1,3,0,0,0,0,0,51,2,2,1,8,1,0,0,0,0,101,2,9,2,11,1,0,0,0,0,126
SL050,34011818030,21,0,2,13,1,0,0,0,1,0,26,5,1,0,5,0,0,0,0,0,47,5,3,13,6,0,0,0,1,0,75
SL050,34011818032,18,1,0,0,2,1,0,0,0,0,17,0,0,1,2,3,0,0,0,0,35,1,0,1,4,4,0,0,0,0,45
SL050,34011818033,5,1,5,0,0,0,0,0,1,0,4,0,1,0,4,2,0,0,2,0,9,1,6,0,4,2,0,0,3,0,25
SL050,34011818034,16,1,0,1,2,0,0,0,0,0,13,1,1,3,3,0,0,0,0,0,29,2,1,4,5,0,0,0,0,0,41
SL050,34011818035,46,0,5,0,8,0,2,0,0,0,40,0,4,0,8,0,0,0,0,0,86,0,9,0,16,0,2,0,0,0,113
SL050,34011818036,45,12,19,4,38,0,0,1,6,0,46,22,20,1,71,2,0,5,8,1,91,34,39,5,109,2,0,6,14,1,301
SL050,34011818037,5,0,3,0,5,0,0,0,0,0,3,0,0,2,4,0,0,0,0,0,8,0,3,2,9,0,0,0,0,0,22
SL050,34011818038,13,0,8,2,1,0,0,0,0,0,16,1,2,0,4,0,0,0,0,0,29,1,10,2,5,0,0,0,0,0,47
SL050,34011818039,92,2,3,2,16,0,0,1,0,0,91,5,4,0,12,0,0,2,1,0,183,7,7,2,28,0,0,3,1,0,231
SL050,34011818040,38,1,0,0,4,1,0,1,1,0,31,1,0,1,8,1,0,2,2,0,69,2,0,1,12,2,0,3,3,0,92
SL050,34011818042,16,0,7,0,0,0,0,0,0,0,15,2,4,0,1,3,0,1,0,0,31,2,11,0,1,3,0,1,0,0,49
SL050,34011818043,24,1,1,0,2,0,0,0,1,0,19,0,0,0,5,1,0,0,0,0,43,1,1,0,7,1,0,0,1,0,54
SL050,34011818044,15,0,2,19,0,1,0,0,0,0,22,3,1,2,0,0,0,0,0,0,37,3,3,21,0,1,0,0,0,0,65
SL050,34011818045,53,0,5,0,5,0,0,0,0,1,50,1,5,1,9,0,0,0,0,0,103,1,10,1,14,0,0,0,0,1,130
SL050,34011818046,56,2,6,1,4,0,0,0,0,0,46,6,1,0,6,0,0,1,0,0,102,8,7,1,10,0,0,1,0,0,129
SL050,34011818047,73,16,48,7,141,6,2,6,7,0,84,23,41,6,165,3,0,14,4,2,157,39,89,13,306,9,2,20,11,2,648
SL050,34011818048,38,7,31,10,25,0,0,4,3,0,35,3,19,0,42,0,0,5,3,0,73,10,50,10,67,0,0,9,6,0,225
SL050,34011818049,5,1,3,0,1,0,0,0,0,0,1,1,3,0,5,0,0,0,0,0,6,2,6,0,6,0,0,0,0,0,20
SL050,34011818050,7,1,4,0,7,0,0,0,0,0,11,4,3,1,9,0,0,0,0,0,18,5,7,1,16,0,0,0,0,0,47
SL050,34011818051,13,0,0,3,1,0,0,0,0,0,8,0,1,0,1,0,0,0,0,0,21,0,1,3,2,0,0,0,0,0,27
SL050,34011818053,39,2,3,0,3,0,1,0,0,0,44,5,2,0,21,0,0,0,0,0,83,7,5,0,24,0,1,0,0,0,120
SL050,34011818054,6,0,6,0,3,0,0,0,0,0,7,7,6,0,4,0,0,0,0,0,13,7,12,0,7,0,0,0,0,0,39
SL050,34011818056,46,4,31,0,16,2,0,1,0,0,50,7,11,0,20,1,0,2,0,0,96,11,42,0,36,3,0,3,0,0,191
SL050,34011818057,69,12,56,37,103,0,0,3,2,1,84,24,36,4,115,4,0,4,2,0,153,36,92,41,218,4,0,7,4,1,556
SL050,34011818059,45,7,35,5,32,0,1,4,1,1,54,19,23,5,52,1,0,3,0,0,99,26,58,10,84,1,1,7,1,1,288
SL050,34011818061,43,3,27,1,2,0,0,0,0,0,39,2,16,0,1,0,0,0,0,0,82,5,43,1,3,0,0,0,0,0,134
SL050,34011818062,126,50,134,51,243,4,0,14,10,0,149,57,111,9,336,7,0,19,9,0,275,107,245,60,579,11,0,33,19,0,1329
SL050,34011818063,3,0,11,0,2,0,0,0,0,0,3,0,4,0,3,0,0,0,0,0,6,0,15,0,5,0,0,0,0,0,26
SL050,34011818064,2,0,1,0,3,0,0,0,0,0,1,1,0,0,2,0,0,0,0,0,3,1,1,0,5,0,0,0,0,0,10
SL050,34011818065,17,0,0,0,6,0,0,0,0,0,11,0,3,0,5,0,0,0,0,0,28,0,3,0,11,0,0,0,0,0,42
SL050,34011818066,30,1,1,0,5,1,0,0,0,0,28,3,4,0,10,0,0,0,0,0,58,4,5,0,15,1,0,0,0,0,83
SL050,34011818067,3,0,3,0,2,0,1,0,0,0,5,0,2,0,0,0,0,0,0,0,8,0,5,0,2,0,1,0,0,0,16
SL050,34011818068,44,5,6,0,19,2,0,2,1,1,41,7,6,1,29,0,1,0,2,0,85,12,12,1,48,2,1,2,3,1,167
SL050,34011818069,11,1,0,1,19,0,0,0,0,0,7,3,0,0,13,1,0,0,0,0,18,4,0,1,32,1,0,0,0,0,56
SL050,34011818070,3,0,1,1,1,1,0,0,0,0,2,0,1,0,4,0,0,0,0,0,5,0,2,1,5,1,0,0,0,0,14
SL050,34011818071,158,26,32,9,38,2,0,3,0,0,163,36,29,2,40,4,0,10,2,0,321,62,61,11,78,6,0,13,2,0,554
SL050,34011818072,9,1,4,0,1,0,0,0,0,0,9,2,1,0,4,0,0,0,0,0,18,3,5,0,5,0,0,0,0,0,31
SL050,34011818074,1,0,0,0,1,0,0,0,0,0,0,0,0,0,0,0,0,0,0,0,1,0,0,0,1,0,0,0,0,0,2
SL050,34011818076,8,0,0,0,5,0,0,0,0,0,8,1,0,0,4,0,0,0,0,0,16,1,0,0,9,0,0,0,0,0,26
SL050,34011818078,39,4,1,0,1,1,0,0,0,0,40,1,0,1,8,0,0,0,0,0,79,5,1,1,9,1,0,0,0,0,96
SL050,34011818079,47,8,6,0,94,0,0,0,0,0,54,7,8,2,70,0,0,0,0,1,101,15,14,2,164,0,0,0,0,1,297
SL050,34011818082,59,0,3,1,10,1,0,0,1,0,61,2,2,0,14,3,0,0,1,0,120,2,5,1,24,4,0,0,2,0,158
SL050,34011818083,3,3,0,0,2,0,0,0,0,0,4,2,0,0,4,0,0,0,0,0,7,5,0,0,6,0,0,0,0,0,18
SL050,34011818084,77,19,26,11,51,1,3,6,2,1,47,13,24,2,64,3,0,11,2,0,124,32,50,13,115,4,3,17,4,1,363
SL050,34011818085,8,1,1,0,1,0,0,0,1,0,8,2,0,0,1,1,0,0,0,0,16,3,1,0,2,1,0,0,1,0,24
SL050,34011818086,9,0,0,0,1,0,0,0,0,0,9,1,1,0,1,0,0,0,0,0,18,1,1,0,2,0,0,0,0,0,22
SL050,34011818087,1696,357,2921,1344,3232,227,232,496,356,25,1963,696,2584,318,4798,260,143,624,240,24,3659,1053,5505,1662,8030,487,375,1120,596,49,22536
SL050,34011818088,16,2,25,2,2,0,0,0,1,0,20,0,8,0,1,0,0,0,0,0,36,2,33,2,3,0,0,0,1,0,77
SL050,34011818089,130,22,132,65,143,6,4,11,4,0,133,46,87,16,187,3,2,17,3,0,263,68,219,81,330,9,6,28,7,0,1011
SL050,34011818093,744,6,175,17,81,1,0,1,0,0,522,10,67,2,87,0,0,2,1,0,1266,16,242,19,168,1,0,3,1,0,1716
SL050,34011818094,31,3,3,2,23,1,0,0,0,0,34,9,3,0,16,4,0,2,0,0,65,12,6,2,39,5,0,2,0,0,131
SL050,34011818095,11,2,15,0,6,0,0,2,0,0,15,6,11,0,5,1,0,1,1,0,26,8,26,0,11,1,0,3,1,0,76
SL050,34011818096,0,0,3,0,0,0,0,0,0,0,2,0,3,0,5,0,0,0,0,0,2,0,6,0,5,0,0,0,0,0,13
SL050,34011818097,27,1,2,3,4,0,0,0,0,0,26,2,2,1,7,0,0,0,0,0,53,3,4,4,11,0,0,0,0,0,75
SL050,34011818098,58,5,17,2,20,0,1,3,0,1,56,3,9,0,30,4,0,2,0,0,114,8,26,2,50,4,1,5,0,1,211
SL050,34011818099,11,1,1,0,8,2,0,1,1,0,19,4,1,1,9,0,0,2,0,0,30,5,2,1,17,2,0,3,1,0,61
SL050,34011818100,67,9,36,10,349,0,6,10,0,0,56,9,30,1,308,0,0,13,0,0,123,18,66,11,657,0,6,23,0,0,904
SL050,34011818101,127,24,40,14,125,10,1,13,5,3,127,27,42,5,158,4,2,18,3,1,254,51,82,19,283,14,3,31,8,4,749
SL050,34011818102,103,5,17,9,21,0,2,7,1,0,88,10,18,1,40,0,0,5,0,0,191,15,35,10,61,0,2,12,1,0,327
SL050,34011818103,65,3,2,0,3,0,0,0,0,0,50,4,6,0,2,1,0,1,1,0,115,7,8,0,5,1,0,1,1,0,138
SL050,34011818105,45,3,14,33,23,0,0,2,0,0,44,9,11,4,18,0,0,2,1,0,89,12,25,37,41,0,0,4,1,0,209
SL050,34011818106,8,0,11,0,51,0,0,0,0,0,2,2,5,0,32,0,0,0,0,0,10,2,16,0,83,0,0,0,0,0,111
SL050,34011818107,3,2,0,0,2,0,0,0,0,0,10,1,3,0,4,0,0,0,0,0,13,3,3,0,6,0,0,0,0,0,25
SL050,34011818108,4,1,3,0,4,0,0,0,0,0,1,3,5,0,3,0,0,0,0,0,5,4,8,0,7,0,0,0,0,0,24
SL050,34011818109,127,4,3,0,3,2,0,0,0,0,84,6,1,0,6,0,0,0,0,0,211,10,4,0,9,2,0,0,0,0,236
SL050,34011818111,23,2,29,22,18,1,0,0,3,0,18,4,12,1,16,4,0,5,2,0,41,6,41,23,34,5,0,5,5,0,160
SL050,34011818112,13,0,1,2,0,0,0,0,0,0,14,0,1,0,0,0,0,1,0,0,27,0,2,2,0,0,0,1,0,0,32
SL050,34011818114,9,0,1,1,2,0,0,0,0,1,4,3,4,0,7,0,0,0,0,1,13,3,5,1,9,0,0,0,0,2,33
SL050,34011818115,31,5,16,5,35,0,2,0,1,0,28,5,12,0,35,2,1,1,1,0,59,10,28,5,70,2,3,1,2,0,180
SL050,34011818116,88,5,7,7,19,1,0,0,3,0,79,8,6,0,22,1,0,2,4,2,167,13,13,7,41,2,0,2,7,2,254
SL050,34011818117,3,0,0,0,7,0,0,0,0,0,3,2,0,0,2,0,0,0,0,0,6,2,0,0,9,0,0,0,0,0,17
SL050,34011818119,83,3,2,2,7,4,0,0,1,0,76,8,2,1,7,0,0,0,0,1,159,11,4,3,14,4,0,0,1,1,197
SL050,34011818120,8,1,3,0,2,0,0,0,0,0,4,0,1,0,3,0,0,0,0,0,12,1,4,0,5,0,0,0,0,0,22
SL050,34011818121,6,0,0,0,0,0,0,0,1,0,3,2,0,0,1,1,0,0,0,0,9,2,0,0,1,1,0,0,1,0,14
SL050,34011818122,176,9,196,10,78,3,5,8,0,1,175,20,129,8,124,1,0,9,1,0,351,29,325,18,202,4,5,17,1,1,953
SL050,34011818123,0,0,0,0,0,0,0,0,0,0,1,1,0,0,0,0,0,0,0,0,1,1,0,0,0,0,0,0,0,0,2
SL050,34011818124,40,0,2,0,1,0,0,0,0,0,34,0,1,0,0,0,0,0,0,0,74,0,3,0,1,0,0,0,0,0,78
SL050,34011818126,9,1,13,1,7,0,1,0,0,0,13,4,7,0,10,0,0,0,0,0,22,5,20,1,17,0,1,0,0,0,66
SL050,34011818127,151,32,200,87,158,2,8,19,8,0,176,57,170,15,269,5,4,33,6,0,327,89,370,102,427,7,12,52,14,0,1400
SL050,34011818128,0,0,0,0,0,0,0,0,0,1,2,2,1,0,1,0,0,0,0,0,2,2,1,0,1,0,0,0,0,1,7
SL050,34011818132,53,2,10,3,2,0,0,0,4,0,64,4,5,1,10,0,0,0,1,0,117,6,15,4,12,0,0,0,5,0,159
SL050,34011818133,128,0,15,1,5,0,2,0,0,0,95,1,12,1,6,0,1,0,0,0,223,1,27,2,11,0,3,0,0,0,267
SL050,34011818134,136,5,30,30,127,2,2,9,9,5,131,23,30,6,151,10,0,6,5,4,267,28,60,36,278,12,2,15,14,9,721
SL050,34011818135,66,2,105,2,16,0,0,1,1,1,60,2,20,1,31,0,0,1,0,0,126,4,125,3,47,0,0,2,1,1,309
SL050,34011818136,15,0,0,2,1,0,0,0,1,0,5,0,1,0,6,0,0,0,0,0,20,0,1,2,7,0,0,0,1,0,31
SL050,34011818137,32,0,2,19,1,0,0,0,0,0,27,0,1,0,2,0,0,0,0,0,59,0,3,19,3,0,0,0,0,0,84
SL050,34011818138,68,1,5,0,6,0,2,1,0,0,76,4,9,1,8,0,4,2,1,0,144,5,14,1,14,0,6,3,1,0,188
SL050,34011818140,1517,92,847,107,698,8,13,54,11,16,1469,225,640,21,817,15,9,64,9,9,2986,317,1487,128,1515,23,22,118,20,25,6641
SL050,34011818141,14,1,0,0,3,1,0,0,0,0,18,1,0,0,0,0,0,0,0,0,32,2,0,0,3,1,0,0,0,0,38
SL050,34011818143,29,6,5,1,3,2,0,0,1,2,32,5,6,0,3,0,0,0,0,0,61,11,11,1,6,2,0,0,1,2,95
SL050,34011818144,8,2,1,1,3,1,0,0,0,0,4,7,1,0,4,2,0,0,0,0,12,9,2,1,7,3,0,0,0,0,34
SL050,34011818145,122,30,51,9,135,4,0,13,3,2,172,44,50,6,175,11,0,27,4,0,294,74,101,15,310,15,0,40,7,2,858
SL050,34011818146,40,0,15,0,10,0,0,0,0,0,31,0,6,1,12,0,0,0,0,0,71,0,21,1,22,0,0,0,0,0,115
SL050,34011818147,498,18,46,43,29,9,0,7,5,3,508,34,21,3,39,13,2,6,5,4,1006,52,67,46,68,22,2,13,10,7,1293
SL050,34011818148,28,1,10,0,5,0,0,0,0,0,21,5,6,0,6,0,0,1,1,0,49,6,16,0,11,0,0,1,1,0,84
SL050,34011818149,103,10,22,13,57,0,1,7,2,0,111,32,16,4,70,5,1,9,1,1,214,42,38,17,127,5,2,16,3,1,465
SL050,34011818150,137,10,47,31,51,0,0,7,3,0,124,25,54,7,77,2,0,10,1,0,261,35,101,38,128,2,0,17,4,0,586
SL050,34011818151,12,0,0,2,2,1,0,0,0,0,11,0,1,1,2,1,0,0,0,0,23,0,1,3,4,2,0,0,0,0,33
SL050,34011818152,9,0,5,0,3,0,0,0,0,0,5,2,0,0,5,0,0,0,0,0,14,2,5,0,8,0,0,0,0,0,29
SL050,34011818153,94,12,34,10,73,0,3,3,4,1,78,23,35,3,99,3,2,9,0,0,172,35,69,13,172,3,5,12,4,1,486
SL050,34011818154,7,12,3,0,1,0,0,0,0,0,7,8,4,0,2,0,0,0,0,0,14,20,7,0,3,0,0,0,0,0,44
SL050,34011818157,13,4,6,0,11,2,0,0,0,1,22,5,4,0,11,0,0,0,0,0,35,9,10,0,22,2,0,0,0,1,79
SL050,34011818158,60,8,33,9,38,1,0,3,1,0,75,6,21,4,45,0,0,2,1,0,135,14,54,13,83,1,0,5,2,0,307
SL050,34011818159,17,2,3,7,4,0,0,0,0,0,12,1,2,1,7,0,0,0,0,0,29,3,5,8,11,0,0,0,0,0,56
SL050,34011818161,4,0,0,0,0,0,0,0,0,0,0,0,0,0,0,0,0,0,0,0,4,0,0,0,0,0,0,0,0,0,4
SL050,34011818162,173,1,131,8,6,0,0,3,1,1,149,5,68,2,6,0,0,2,2,0,322,6,199,10,12,0,0,5,3,1,558
SL050,34011818163,10,0,2,0,0,0,0,0,0,0,8,0,0,0,2,0,0,0,0,0,18,0,2,0,2,0,0,0,0,0,22
SL050,34011818164,13,0,45,0,22,0,0,0,0,0,17,0,26,0,22,0,0,0,0,0,30,0,71,0,44,0,0,0,0,0,145
SL050,34011818165,39,3,16,7,32,1,2,0,8,0,36,3,15,0,42,0,0,0,5,0,75,6,31,7,74,1,2,0,13,0,209
SL050,34011818167,11,1,17,0,2,0,0,0,0,0,9,5,9,0,3,0,0,0,0,0,20,6,26,0,5,0,0,0,0,0,57
SL050,34011818168,5,0,1,4,4,1,0,0,0,1,5,1,1,2,8,1,0,1,0,0,10,1,2,6,12,2,0,1,0,1,35
SL050,34011818170,22,2,3,0,3,0,0,0,0,0,17,0,0,0,3,0,0,0,0,0,39,2,3,0,6,0,0,0,0,0,50
SL050,34011818171,18,1,0,0,21,1,0,0,0,0,12,3,4,0,22,0,0,0,0,0,30,4,4,0,43,1,0,0,0,0,82
SL050,34011818173,541,26,68,11,53,6,5,13,2,1,540,52,78,2,88,6,0,24,7,3,1081,78,146,13,141,12,5,37,9,4,1526
SL050,34011818174,13,0,4,0,2,3,0,0,0,0,13,0,1,1,4,4,0,0,0,1,26,0,5,1,6,7,0,0,0,1,46
SL050,34011818175,155,19,79,29,161,0,3,12,0,0,150,27,55,1,193,2,5,21,3,1,305,46,134,30,354,2,8,33,3,1,916
SL050,34011818176,8,0,4,0,6,0,0,0,0,0,7,0,0,4,9,0,0,0,0,0,15,0,4,4,15,0,0,0,0,0,38
SL050,34011818177,13,1,53,0,1,0,0,0,0,0,12,1,32,0,5,1,0,0,0,0,25,2,85,0,6,1,0,0,0,0,119
SL050,34011818178,13,3,0,0,2,0,0,0,0,0,13,0,0,0,4,1,0,1,0,0,26,3,0,0,6,1,0,1,0,0,37
SL050,34011818179,32,2,4,0,1,0,0,0,0,0,21,1,3,0,1,1,0,1,1,0,53,3,7,0,2,1,0,1,1,0,68
SL050,34011818180,8,1,1,0,1,0,0,0,0,0,12,0,3,0,1,0,0,0,0,0,20,1,4,0,2,0,0,0,0,0,27
SL050,34011818181,14,1,1,0,0,0,0,0,0,0,11,1,0,1,1,0,0,0,0,0,25,2,1,1,1,0,0,0,0,0,30
SL050,34011818182,35,5,23,0,10,0,0,2,1,0,51,9,28,0,10,1,0,1,0,0,86,14,51,0,20,1,0,3,1,0,176
SL050,34011818183,13,0,8,0,0,0,0,0,0,0,8,1,1,1,11,0,0,0,0,0,21,1,9,1,11,0,0,0,0,0,43
SL050,34011818184,125,2,16,1,12,0,1,0,2,0,112,9,14,1,17,0,0,0,1,1,237,11,30,2,29,0,1,0,3,1,314
SL050,34011818185,5,0,4,0,3,0,0,1,1,0,4,0,1,0,7,0,0,0,0,0,9,0,5,0,10,0,0,1,1,0,26
SL050,34011818187,2,0,0,0,1,0,0,0,0,0,2,0,0,0,2,0,0,0,0,0,4,0,0,0,3,0,0,0,0,0,7
SL050,34011818188,4,0,1,0,23,1,0,0,0,0,13,0,3,0,27,0,0,0,0,0,17,0,4,0,50,1,0,0,0,0,72
SL050,34011818189,4,0,7,2,16,0,0,0,0,1,7,3,2,0,17,0,0,0,0,0,11,3,9,2,33,0,0,0,0,1,59
SL050,34011818192,10,4,214,9,6,0,0,0,0,0,15,3,125,1,7,0,0,0,0,0,25,7,339,10,13,0,0,0,0,0,394
SL050,34011818193,195,65,101,37,153,6,6,13,9,2,204,81,86,10,212,8,0,18,1,2,399,146,187,47,365,14,6,31,10,4,1209
SL050,34011818194,92,7,6,1,4,0,0,1,1,0,86,6,1,0,16,1,0,1,1,0,178,13,7,1,20,1,0,2,2,0,224
SL050,34011818901,43,2,1,1,7,1,0,1,0,1,43,3,3,1,7,1,0,0,1,0,86,5,4,2,14,2,0,1,1,1,116
SL050,34011818902,36,1,0,1,4,1,0,0,0,0,27,2,2,1,3,0,1,0,0,0,63,3,2,2,7,1,1,0,0,0,79
SL050,34011818903,22,2,3,2,6,1,0,0,0,0,30,0,2,1,7,2,0,1,0,0,52,2,5,3,13,3,0,1,0,0,79
SL050,34011818904,74,9,6,13,2,0,0,1,0,0,68,4,3,0,1,0,0,0,1,0,142,13,9,13,3,0,0,1,1,0,182
SL050,34011818905,215,32,176,40,246,10,5,6,10,1,240,55,141,10,339,6,3,11,3,1,455,87,317,50,585,16,8,17,13,2,1550
SL050,34011818906,35,0,2,0,1,0,0,0,0,0,26,2,3,0,10,0,0,0,0,0,61,2,5,0,11,0,0,0,0,0,79
SL050,34011818907,21,0,7,0,7,0,0,0,0,0,16,3,6,0,15,0,0,3,0,0,37,3,13,0,22,0,0,3,0,0,78
SL050,34011818908,19,3,5,0,8,1,0,0,0,0,20,3,4,0,6,0,0,1,0,0,39,6,9,0,14,1,0,1,0,0,70
SL050,34011818909,3,1,0,0,5,0,0,0,0,0,2,0,0,0,4,0,0,0,0,0,5,1,0,0,9,0,0,0,0,0,15
SL050,34011818910,28,0,0,0,1,0,0,0,0,0,23,0,2,0,3,1,0,0,2,0,51,0,2,0,4,1,0,0,2,0,60
SL050,34011818911,99,23,30,9,155,3,0,3,3,0,78,26,32,6,167,4,0,4,6,0,177,49,62,15,322,7,0,7,9,0,648
SL050,34011818912,52,1,1,0,22,0,0,0,0,0,52,2,1,0,23,0,0,0,0,0,104,3,2,0,45,0,0,0,0,0,154
SL050,34011818913,3,0,7,0,0,0,0,0,0,0,3,0,0,0,0,0,0,0,0,0,6,0,7,0,0,0,0,0,0,0,13
SL050,34011818914,14,3,1,0,11,0,0,0,0,0,21,6,0,2,5,0,0,0,0,0,35,9,1,2,16,0,0,0,0,0,63
SL050,34011818915,11,1,1,0,2,0,0,0,0,0,16,0,1,0,2,0,0,0,0,0,27,1,2,0,4,0,0,0,0,0,34
SL050,34081919001,2,0,0,0,1,0,0,0,0,0,1,0,0,0,1,0,0,0,2,0,3,0,0,0,2,0,0,0,2,0,7
SL050,34081919004,0,0,0,0,0,0,0,0,0,0,0,0,0,0,1,0,0,0,0,0,0,0,0,0,1,0,0,0,0,0,1
SL050,34081919005,37,0,7,0,2,0,0,0,0,0,16,0,5,0,3,0,0,0,0,0,53,0,12,0,5,0,0,0,0,0,70
SL050,34081919006,43,1,2,0,7,0,1,2,0,0,29,0,2,1,10,0,1,0,0,0,72,1,4,1,17,0,2,2,0,0,99
SL050,34081919007,4,2,2,6,3,0,0,0,0,0,6,2,0,0,4,0,0,0,0,0,10,4,2,6,7,0,0,0,0,0,29
SL050,34081919008,0,0,0,0,1,0,0,0,0,0,2,0,0,0,1,0,0,0,0,0,2,0,0,0,2,0,0,0,0,0,4
SL050,34081919009,18,0,3,0,0,0,0,0,0,0,25,0,2,0,6,0,0,0,0,0,43,0,5,0,6,0,0,0,0,0,54
SL050,34081919010,1,0,0,0,0,0,0,0,0,0,0,0,0,0,0,0,0,0,0,0,1,0,0,0,0,0,0,0,0,0,1
SL050,34081919011,15,0,7,0,18,0,0,0,0,1,16,0,5,0,24,0,0,0,0,0,31,0,12,0,42,0,0,0,0,1,86
SL050,34081919013,0,0,0,0,8,0,0,0,0,0,0,0,0,0,0,0,0,0,0,0,0,0,0,0,8,0,0,0,0,0,8
SL050,34081919015,0,0,0,0,1,0,0,0,0,0,0,0,0,0,2,0,0,0,0,0,0,0,0,0,3,0,0,0,0,0,3
SL050,34081919016,0,0,0,0,0,0,0,0,0,0,1,0,0,0,2,0,0,0,0,0,1,0,0,0,2,0,0,0,0,0,3
SL050,34081919017,5,0,0,0,2,0,0,0,0,0,4,0,1,0,2,0,0,0,0,0,9,0,1,0,4,0,0,0,0,0,14
SL050,34081919018,1,0,0,0,1,0,0,0,0,0,0,2,1,0,0,0,0,0,0,0,1,2,1,0,1,0,0,0,0,0,5
SL050,34081919019,0,0,0,0,0,0,0,0,0,0,1,0,0,0,0,0,0,0,0,0,1,0,0,0,0,0,0,0,0,0,1
SL050,34081919020,4,0,1,0,3,0,0,0,0,0,3,0,0,0,4,0,0,0,0,0,7,0,1,0,7,0,0,0,0,0,15
SL050,34081919021,16,2,18,10,20,0,2,1,0,0,14,0,13,2,20,0,3,2,0,0,30,2,31,12,40,0,5,3,0,0,123
SL050,34081919022,18,5,1,0,10,0,0,0,0,0,25,0,0,0,25,0,0,0,0,0,43,5,1,0,35,0,0,0,0,0,84
SL050,34081919023,6,0,0,0,2,0,0,0,0,0,7,3,0,0,4,0,0,0,0,0,13,3,0,0,6,0,0,0,0,0,22
SL050,34081919024,266,9,54,30,265,10,9,17,2,2,272,19,44,35,332,7,5,22,0,2,538,28,98,65,597,17,14,39,2,4,1402
SL050,34081919027,6,0,2,0,1,0,0,0,0,0,2,0,1,0,0,0,0,0,0,0,8,0,3,0,1,0,0,0,0,0,12
SL050,34081919032,1,0,0,0,4,0,0,0,0,0,1,0,0,0,8,0,0,1,0,0,2,0,0,0,12,0,0,1,0,0,15
SL050,34081919036,8,0,39,0,5,0,0,0,0,0,13,0,24,0,9,0,0,0,0,0,21,0,63,0,14,0,0,0,0,0,98
SL050,34081919037,7,0,3,0,0,0,0,0,0,0,4,0,0,0,0,0,0,0,0,0,11,0,3,0,0,0,0,0,0,0,14
SL050,34081919039,1,0,0,0,1,0,0,0,0,0,1,0,0,0,0,0,0,0,0,0,2,0,0,0,1,0,0,0,0,0,3
SL050,34081919040,0,0,0,0,0,0,0,0,0,0,1,0,1,0,0,0,0,0,0,0,1,0,1,0,0,0,0,0,0,0,2
SL050,34081919041,9,2,2,0,1,0,0,0,0,0,8,2,1,0,6,0,0,0,0,0,17,4,3,0,7,0,0,0,0,0,31
SL050,34081919044,34,4,1,6,10,0,6,0,0,0,25,7,1,0,10,2,3,0,0,0,59,11,2,6,20,2,9,0,0,0,109
SL050,34081919045,0,0,0,0,1,0,0,0,0,0,4,0,0,0,3,0,0,0,0,0,4,0,0,0,4,0,0,0,0,0,8
SL050,34081919046,1269,83,718,517,1026,24,40,94,12,4,1343,83,533,406,1268,26,13,95,7,3,2612,166,1251,923,2294,50,53,189,19,7,7564
SL050,34081919047,0,0,0,0,0,0,0,0,0,0,0,0,0,0,1,0,0,0,0,0,0,0,0,0,1,0,0,0,0,0,1
SL050,34081919049,3,0,0,0,0,0,0,0,0,0,2,0,0,0,0,0,0,0,0,0,5,0,0,0,0,0,0,0,0,0,5
SL050,34081919050,1,0,0,0,0,0,0,0,0,0,0,0,0,0,0,0,0,0,0,0,1,0,0,0,0,0,0,0,0,0,1
SL050,34081919052,0,0,0,0,0,0,0,0,0,0,1,0,0,0,0,0,0,0,0,0,1,0,0,0,0,0,0,0,0,0,1
SL050,34081919053,70,7,17,1,44,0,0,3,0,0,66,7,17,0,58,0,0,4,5,0,136,14,34,1,102,0,0,7,5,0,299
SL050,34081919054,3,0,4,0,0,0,0,0,0,0,2,0,4,0,2,0,0,0,0,0,5,0,8,0,2,0,0,0,0,0,15
SL050,34081919057,1,0,0,0,0,0,0,0,0,0,2,0,0,0,2,0,0,0,0,0,3,0,0,0,2,0,0,0,0,0,5
SL050,34081919058,217,14,48,7,175,16,1,13,0,1,249,19,44,7,230,8,1,27,3,0,466,33,92,14,405,24,2,40,3,1,1080
SL050,34081919059,1,0,0,0,1,0,0,0,0,0,1,0,0,0,0,0,0,0,0,0,2,0,0,0,1,0,0,0,0,0,3
SL050,34081919060,2,1,5,0,1,0,0,0,0,0,2,0,1,0,2,0,0,0,0,0,4,1,6,0,3,0,0,0,0,0,14
SL050,34081919061,1,0,0,0,0,0,0,0,0,0,0,0,0,0,0,0,0,0,0,0,1,0,0,0,0,0,0,0,0,0,1
SL050,34081919064,1,0,0,0,0,0,0,0,0,0,0,0,0,0,0,0,0,0,0,0,1,0,0,0,0,0,0,0,0,0,1
SL050,34081919065,7,0,0,0,0,0,0,0,0,0,4,0,0,0,3,0,0,0,0,0,11,0,0,0,3,0,0,0,0,0,14
SL050,34081919066,0,0,1,0,1,0,0,0,0,0,3,0,1,0,2,1,0,0,0,0,3,0,2,0,3,1,0,0,0,0,9
SL050,34081919067,0,0,1,0,0,0,0,0,0,0,1,0,0,0,0,0,0,0,0,0,1,0,1,0,0,0,0,0,0,0,2
SL050,34081919070,0,0,12,0,3,0,0,0,0,0,0,0,7,0,5,0,0,0,0,0,0,0,19,0,8,0,0,0,0,0,27
SL050,34081919071,291,26,98,6,317,14,3,10,11,2,343,35,66,9,433,15,4,16,7,2,634,61,164,15,750,29,7,26,18,4,1708
SL050,34081919074,5,0,0,0,0,0,0,0,0,0,9,0,0,0,0,0,0,0,0,0,14,0,0,0,0,0,0,0,0,0,14
SL050,34081919075,0,0,0,0,0,0,0,0,0,0,1,0,0,0,1,0,0,0,0,0,1,0,0,0,1,0,0,0,0,0,2
SL050,34081919076,3,0,0,0,0,0,0,0,0,0,1,0,0,0,0,0,0,0,0,0,4,0,0,0,0,0,0,0,0,0,4
SL050,34081919078,1,0,0,0,1,0,0,0,0,0,2,0,0,0,0,0,0,0,0,0,3,0,0,0,1,0,0,0,0,0,4
SL050,34081919080,2,0,0,0,0,0,0,0,0,0,0,0,0,0,0,0,0,0,0,0,2,0,0,0,0,0,0,0,0,0,2
SL050,34081919081,0,0,0,0,0,0,0,0,0,0,0,0,0,0,1,0,0,0,0,0,0,0,0,0,1,0,0,0,0,0,1
SL050,34081919082,1,0,1,0,0,0,0,0,0,0,1,0,2,1,5,0,0,0,0,0,2,0,3,1,5,0,0,0,0,0,11
SL050,34081919086,42,0,7,1,25,0,0,0,1,0,41,1,5,1,35,0,0,1,0,0,83,1,12,2,60,0,0,1,1,0,160
SL050,34081919087,0,0,0,0,0,0,0,0,0,0,0,0,1,0,0,0,0,0,0,0,0,0,1,0,0,0,0,0,0,0,1
SL050,34081919088,4,0,0,0,1,1,0,0,0,0,6,0,0,1,3,0,0,0,0,0,10,0,0,1,4,1,0,0,0,0,16
SL050,34081919089,1,0,0,0,0,0,0,0,0,0,1,0,0,0,5,0,0,0,0,0,2,0,0,0,5,0,0,0,0,0,7
SL050,34081919090,0,0,6,0,1,0,0,0,0,0,3,0,4,0,0,0,0,0,0,0,3,0,10,0,1,0,0,0,0,0,14
SL050,34081919091,1,0,0,0,0,0,0,0,0,0,1,0,0,0,3,0,0,0,0,0,2,0,0,0,3,0,0,0,0,0,5
SL050,34081919092,39,0,6,1,3,1,0,0,0,0,36,0,3,0,6,0,0,1,0,0,75,0,9,1,9,1,0,1,0,0,96
SL050,34081919095,0,0,0,0,1,0,0,0,0,0,0,0,0,0,1,0,0,0,0,0,0,0,0,0,2,0,0,0,0,0,2
SL050,34081919096,3,4,0,0,1,0,0,0,0,0,1,5,0,0,5,0,0,0,0,0,4,9,0,0,6,0,0,0,0,0,19
SL050,34081919097,0,0,0,0,0,0,0,0,0,0,1,0,0,0,0,0,0,0,0,0,1,0,0,0,0,0,0,0,0,0,1
SL050,34081919098,4,0,0,0,0,0,0,0,0,0,1,0,0,0,0,0,0,0,0,0,5,0,0,0,0,0,0,0,0,0,5
SL050,34081919099,5,0,3,0,1,0,0,0,0,0,4,0,4,0,5,0,0,0,0,0,9,0,7,0,6,0,0,0,0,0,22
SL050,34081919102,1,0,10,0,1,0,0,0,0,0,3,0,6,0,1,0,0,0,0,0,4,0,16,0,2,0,0,0,0,0,22
SL050,34081919103,1,1,0,0,6,0,0,0,0,0,0,2,0,0,6,0,0,0,2,0,1,3,0,0,12,0,0,0,2,0,18
SL050,34081919105,50,5,31,5,56,4,1,3,1,0,63,6,20,4,73,3,0,5,2,0,113,11,51,9,129,7,1,8,3,0,332
SL050,34081919106,4,0,0,0,0,0,0,0,0,0,2,0,0,0,0,0,0,0,0,0,6,0,0,0,0,0,0,0,0,0,6
SL050,34081919107,8,1,2,0,0,0,0,0,0,0,6,1,2,0,2,0,0,1,0,0,14,2,4,0,2,0,0,1,0,0,23
SL050,34081919108,2,0,0,0,6,0,1,0,0,0,4,0,0,0,2,1,1,0,0,0,6,0,0,0,8,1,2,0,0,0,17
SL050,34081919110,0,0,2,0,0,0,0,0,0,0,1,0,1,0,0,0,0,0,0,0,1,0,3,0,0,0,0,0,0,0,4
SL050,34081919111,3,0,2,0,1,0,0,0,0,0,1,1,1,0,2,0,0,0,0,0,4,1,3,0,3,0,0,0,0,0,11
SL050,34081919112,0,0,0,1,0,0,0,0,0,0,0,0,0,0,0,0,0,0,0,0,0,0,0,1,0,0,0,0,0,0,1
SL050,34081919113,56,4,4,1,3,0,0,0,0,0,48,2,3,0,4,0,0,0,0,0,104,6,7,1,7,0,0,0,0,0,125
SL050,34081919114,0,0,2,0,0,0,0,0,0,0,0,0,0,0,0,0,0,0,0,0,0,0,2,0,0,0,0,0,0,0,2
SL050,34081919115,0,0,1,0,0,0,0,0,0,0,0,0,2,0,0,0,0,0,0,0,0,0,3,0,0,0,0,0,0,0,3
SL050,34081919117,78,2,13,4,44,0,0,3,1,0,75,8,16,10,60,0,0,2,1,0,153,10,29,14,104,0,0,5,2,0,317
SL050,34081919119,2,0,1,0,1,0,0,0,0,0,3,0,0,0,0,0,0,0,0,0,5,0,1,0,1,0,0,0,0,0,7
SL050,34081919120,7,0,0,0,1,0,0,0,0,0,9,0,0,0,1,0,0,0,0,0,16,0,0,0,2,0,0,0,0,0,18
SL050,34081919121,9,1,2,0,7,0,0,0,0,0,4,0,2,0,1,0,0,0,0,0,13,1,4,0,8,0,0,0,0,0,26
SL050,34081919122,3,0,1,0,0,0,0,0,0,0,1,0,0,0,1,0,0,0,0,0,4,0,1,0,1,0,0,0,0,0,6
SL050,34081919123,3,0,2,0,0,0,0,0,0,0,1,0,2,0,0,0,0,0,0,0,4,0,4,0,0,0,0,0,0,0,8
SL050,34081919124,26,0,1,1,16,0,0,1,1,0,29,0,1,0,13,0,0,0,0,0,55,0,2,1,29,0,0,1,1,0,89
SL050,34081919125,1,0,3,0,1,0,0,0,0,0,0,0,2,0,1,0,0,0,0,0,1,0,5,0,2,0,0,0,0,0,8
SL050,34081919126,52,7,12,2,53,1,0,2,2,0,48,7,6,0,47,1,1,3,2,1,100,14,18,2,100,2,1,5,4,1,247
SL050,34081919127,2,0,0,1,1,0,0,0,0,0,2,0,0,0,1,0,0,0,0,0,4,0,0,1,2,0,0,0,0,0,7
SL050,34081919129,0,0,0,0,0,0,0,0,0,0,1,0,0,0,0,0,0,0,0,0,1,0,0,0,0,0,0,0,0,0,1
SL050,34081919130,1776,177,1392,329,2508,23,99,171,62,2,1907,234,1015,163,3379,28,35,186,49,6,3683,411,2407,492,5887,51,134,357,111,8,13541
SL050,34081919132,1,0,3,0,0,0,0,0,0,0,1,0,4,0,0,0,0,0,0,0,2,0,7,0,0,0,0,0,0,0,9
SL050,34081919133,84,0,16,0,3,0,0,0,0,0,58,0,0,0,3,0,0,0,0,0,142,0,16,0,6,0,0,0,0,0,164
SL050,34081919135,4,0,2,1,0,0,0,0,0,0,5,0,1,0,0,0,0,0,0,0,9,0,3,1,0,0,0,0,0,0,13
SL050,34081919136,4,0,0,0,1,0,0,0,0,0,0,0,0,0,0,0,0,0,0,0,4,0,0,0,1,0,0,0,0,0,5
SL050,34081919138,14,0,5,0,1,0,0,0,0,0,23,0,2,0,4,0,0,0,0,0,37,0,7,0,5,0,0,0,0,0,49
SL050,34081919142,10,1,1,1,12,0,0,0,0,0,9,1,0,0,7,0,0,0,1,0,19,2,1,1,19,0,0,0,1,0,43
SL050,34081919143,72,4,59,9,25,1,5,2,0,0,67,6,40,4,49,0,1,2,1,0,139,10,99,13,74,1,6,4,1,0,347
SL050,34081919145,0,0,0,0,0,0,0,0,0,0,0,0,1,0,0,0,0,0,0,0,0,0,1,0,0,0,0,0,0,0,1
SL050,34081919146,2,0,0,0,0,0,0,0,0,0,0,0,0,0,0,0,0,0,0,0,2,0,0,0,0,0,0,0,0,0,2
SL050,34081919147,1,0,0,0,0,0,0,0,0,0,0,0,0,0,0,0,0,0,0,0,1,0,0,0,0,0,0,0,0,0,1
SL050,34081919148,2,0,4,0,0,0,0,0,0,0,0,0,1,0,1,0,0,0,0,0,2,0,5,0,1,0,0,0,0,0,8
SL050,34081919150,2,0,0,0,3,0,0,0,0,0,1,0,0,0,2,0,0,0,0,0,3,0,0,0,5,0,0,0,0,0,8
SL050,34081919151,76,1,17,2,21,0,0,5,0,0,82,3,19,2,24,0,0,3,0,0,158,4,36,4,45,0,0,8,0,0,255
SL050,34081919152,39,0,0,0,11,0,0,0,0,0,26,2,0,0,15,0,0,0,0,0,65,2,0,0,26,0,0,0,0,0,93
SL050,34081919155,0,0,0,0,3,0,0,0,0,0,0,0,0,0,1,0,0,0,0,0,0,0,0,0,4,0,0,0,0,0,4
SL050,34081919156,101,10,39,0,5,1,2,3,0,0,107,11,22,0,15,0,0,3,0,0,208,21,61,0,20,1,2,6,0,0,319
SL050,34081919157,1,0,0,0,0,0,0,0,0,0,1,0,0,0,0,0,0,0,0,0,2,0,0,0,0,0,0,0,0,0,2
SL050,34081919159,1,0,0,0,0,0,0,0,0,0,5,0,0,0,5,1,0,0,0,0,6,0,0,0,5,1,0,0,0,0,12
SL050,34081919160,32,1,2,2,26,0,0,0,1,0,33,2,3,2,49,2,0,1,1,0,65,3,5,4,75,2,0,1,2,0,157
SL050,34081919161,4,0,0,0,1,0,0,0,0,0,4,0,0,0,1,0,0,0,0,0,8,0,0,0,2,0,0,0,0,0,10
SL050,34081919162,3,0,1,0,2,0,0,0,0,0,0,0,0,0,2,0,0,0,0,0,3,0,1,0,4,0,0,0,0,0,8
SL050,34081919163,0,0,0,0,5,1,0,0,0,0,0,0,0,0,3,0,0,0,0,0,0,0,0,0,8,1,0,0,0,0,9
SL050,34081919165,0,0,2,0,0,1,0,0,0,0,1,0,2,0,0,0,0,0,0,0,1,0,4,0,0,1,0,0,0,0,6
SL050,34081919166,3,0,1,0,1,0,0,0,0,0,2,0,0,0,3,0,0,0,0,0,5,0,1,0,4,0,0,0,0,0,10
SL050,34081919167,1,0,2,0,0,0,0,0,0,0,1,0,1,0,0,0,0,0,0,0,2,0,3,0,0,0,0,0,0,0,5
SL050,34081919168,10,0,0,0,1,0,0,0,0,0,8,0,1,0,2,0,0,0,0,0,18,0,1,0,3,0,0,0,0,0,22
SL050,34081919169,1,0,0,0,1,0,0,0,0,0,0,0,0,0,0,0,0,0,0,0,1,0,0,0,1,0,0,0,0,0,2
SL050,34081919170,7,1,0,0,6,0,0,0,0,0,7,3,1,0,13,0,0,0,0,0,14,4,1,0,19,0,0,0,0,0,38
SL050,34081919171,160,10,127,7,158,1,1,11,0,0,183,7,83,6,206,2,1,10,4,1,343,17,210,13,364,3,2,21,4,1,978
SL050,34081919172,0,0,0,0,0,0,0,0,0,0,0,0,0,0,0,0,0,1,0,0,0,0,0,0,0,0,0,1,0,0,1
SL050,34081919173,2,0,3,0,1,0,0,0,0,0,1,0,2,0,1,0,0,0,0,0,3,0,5,0,2,0,0,0,0,0,10
SL050,34081919174,3,0,0,0,0,0,0,0,0,0,6,0,0,0,0,0,0,0,0,0,9,0,0,0,0,0,0,0,0,0,9
SL050,34081919175,1,0,0,0,0,0,0,0,0,0,3,0,0,0,0,0,0,0,0,0,4,0,0,0,0,0,0,0,0,0,4
SL050,34081919176,9,0,0,0,2,0,0,0,0,0,12,0,0,0,0,0,0,0,0,0,21,0,0,0,2,0,0,0,0,0,23
SL050,34081919177,0,0,0,0,0,0,0,0,0,0,0,0,0,0,2,0,0,0,0,0,0,0,0,0,2,0,0,0,0,0,2
SL050,34081919179,5,0,0,0,0,0,0,0,0,0,4,0,0,0,0,0,0,0,0,0,9,0,0,0,0,0,0,0,0,0,9
SL050,34081919183,0,0,0,0,2,0,0,0,0,0,1,0,1,0,0,0,0,0,0,0,1,0,1,0,2,0,0,0,0,0,4
SL050,34081919184,4,0,11,0,0,0,0,0,0,0,5,0,5,0,1,0,0,0,0,0,9,0,16,0,1,0,0,0,0,0,26
SL050,34081919186,0,0,0,0,0,0,0,0,0,0,0,0,0,0,1,0,0,0,0,0,0,0,0,0,1,0,0,0,0,0,1
SL050,34081919187,4,0,0,1,0,1,0,0,0,0,3,0,0,0,0,0,0,0,0,0,7,0,0,1,0,1,0,0,0,0,9
SL050,34081919188,2,1,0,0,0,0,0,0,0,0,2,0,0,0,0,0,0,0,0,0,4,1,0,0,0,0,0,0,0,0,5
SL050,34081919189,10,0,3,0,9,0,0,0,0,0,9,1,3,0,7,0,0,0,0,0,19,1,6,0,16,0,0,0,0,0,42
SL050,34081919190,135,2,97,0,56,1,3,6,0,0,133,2,59,1,92,1,1,7,0,0,268,4,156,1,148,2,4,13,0,0,596
SL050,34081919192,60,7,159,14,56,1,0,5,0,0,54,5,126,2,44,1,0,5,0,0,114,12,285,16,100,2,0,10,0,0,539
SL050,34081919193,0,0,0,0,0,0,1,0,0,0,0,0,0,0,0,0,0,0,1,0,0,0,0,0,0,0,1,0,1,0,2
SL050,34081919194,2,0,0,0,1,0,0,0,0,0,1,0,0,0,1,1,0,0,0,0,3,0,0,0,2,1,0,0,0,0,6
SL050,34081919196,0,0,0,0,0,0,0,0,0,0,0,0,0,0,4,0,0,0,1,0,0,0,0,0,4,0,0,0,1,0,5
SL050,34081919200,1,0,0,0,2,0,0,0,0,0,0,0,0,0,2,0,0,0,0,0,1,0,0,0,4,0,0,0,0,0,5
SL050,34081919201,2,0,0,1,0,0,0,0,0,0,2,0,0,0,0,0,0,0,0,0,4,0,0,1,0,0,0,0,0,0,5
SL050,34081919204,10,0,0,0,2,0,0,0,0,0,5,0,0,0,2,0,0,0,0,0,15,0,0,0,4,0,0,0,0,0,19
SL050,34081919208,0,0,0,0,0,0,0,0,0,0,1,0,0,0,0,0,0,0,0,0,1,0,0,0,0,0,0,0,0,0,1
SL050,34081919209,0,0,0,0,0,0,0,0,0,0,2,0,0,0,0,0,0,0,0,0,2,0,0,0,0,0,0,0,0,0,2
SL050,34081919210,0,0,0,0,0,0,0,0,0,0,0,0,0,0,2,0,0,0,0,0,0,0,0,0,2,0,0,0,0,0,2
SL050,34081919211,10,0,0,0,2,0,0,0,0,0,7,0,0,0,4,0,0,1,0,0,17,0,0,0,6,0,0,1,0,0,24
SL050,34081919212,30,0,3,1,16,0,0,0,0,0,23,2,2,1,15,0,0,0,0,0,53,2,5,2,31,0,0,0,0,0,93
SL050,34081919213,0,0,0,0,3,0,0,0,0,0,0,0,0,0,7,0,0,0,0,0,0,0,0,0,10,0,0,0,0,0,10
SL050,34081919215,1,0,0,0,0,0,0,0,0,0,0,0,1,0,0,0,0,0,0,0,1,0,1,0,0,0,0,0,0,0,2
SL050,34081919216,0,0,2,0,0,0,0,0,0,0,0,0,4,0,0,0,0,0,0,0,0,0,6,0,0,0,0,0,0,0,6
SL050,34081919217,1,0,1,0,0,0,0,0,0,0,0,0,1,0,0,0,0,0,0,0,1,0,2,0,0,0,0,0,0,0,3
SL050,34081919218,0,0,0,0,0,0,0,0,0,0,0,0,0,0,1,0,0,0,0,0,0,0,0,0,1,0,0,0,0,0,1
SL050,34081919220,160,12,16,3,93,3,1,3,1,0,163,26,7,6,105,1,2,5,2,1,323,38,23,9,198,4,3,8,3,1,610
SL050,34081919221,0,0,3,0,0,0,0,0,0,0,0,0,4,0,0,0,0,0,0,0,0,0,7,0,0,0,0,0,0,0,7
SL050,34081919222,0,0,1,0,0,0,0,0,0,0,2,0,0,0,1,0,0,0,0,0,2,0,1,0,1,0,0,0,0,0,4
SL050,34081919223,2,0,0,0,0,0,0,0,0,0,5,0,0,0,0,0,0,0,0,0,7,0,0,0,0,0,0,0,0,0,7
SL050,34081919224,1,0,0,0,0,0,0,0,0,0,1,0,0,0,0,0,0,0,0,0,2,0,0,0,0,0,0,0,0,0,2
SL050,34081919225,65,1,2,0,15,0,0,4,0,0,57,3,0,0,23,0,0,3,0,1,122,4,2,0,38,0,0,7,0,1,174
SL050,34081919226,3,0,0,0,0,0,0,0,0,0,0,0,0,0,0,0,0,0,0,0,3,0,0,0,0,0,0,0,0,0,3
SL050,34081919228,0,1,2,0,0,0,0,0,0,0,0,1,5,0,0,0,0,0,0,0,0,2,7,0,0,0,0,0,0,0,9
SL050,34081919230,26,1,1,4,21,1,0,0,0,0,21,1,1,1,19,0,0,1,1,1,47,2,2,5,40,1,0,1,1,1,100
SL050,34081919231,1,0,0,0,0,0,0,0,0,0,0,0,0,0,0,0,0,0,0,0,1,0,0,0,0,0,0,0,0,0,1
SL050,34081919233,0,0,0,0,1,1,0,0,0,0,1,0,0,0,2,0,0,0,0,0,1,0,0,0,3,1,0,0,0,0,5
SL050,34081919234,0,0,0,0,1,0,0,0,0,0,0,0,0,0,1,0,0,0,0,0,0,0,0,0,2,0,0,0,0,0,2
SL050,34081919235,0,0,0,0,1,0,0,0,0,0,0,0,0,0,2,0,0,0,0,0,0,0,0,0,3,0,0,0,0,0,3
SL050,34081919237,0,0,0,0,0,0,0,0,0,0,0,0,1,0,0,0,0,0,0,0,0,0,1,0,0,0,0,0,0,0,1
SL050,34081919238,1,0,1,0,0,0,0,0,0,0,0,0,0,0,2,0,0,0,0,0,1,0,1,0,2,0,0,0,0,0,4
SL050,34081919239,5,0,8,0,1,0,0,0,0,0,5,0,4,0,2,0,0,0,0,0,10,0,12,0,3,0,0,0,0,0,25
SL050,34081919240,0,0,0,0,0,0,0,1,0,0,0,0,0,0,0,0,0,0,0,0,0,0,0,0,0,0,0,1,0,0,1
SL050,34081919241,1,0,0,0,0,0,0,0,0,0,0,0,0,0,0,0,0,0,0,0,1,0,0,0,0,0,0,0,0,0,1
SL050,34081919242,0,0,2,0,0,0,0,0,0,0,1,1,1,0,3,0,0,0,0,0,1,1,3,0,3,0,0,0,0,0,8
SL050,34081919244,2,0,1,0,1,0,0,0,0,0,3,0,2,0,0,0,0,0,0,0,5,0,3,0,1,0,0,0,0,0,9
SL050,34081919245,82,1,6,0,21,0,0,2,0,0,75,4,6,0,19,0,0,3,1,0,157,5,12,0,40,0,0,5,1,0,220
SL050,34081919246,0,0,1,0,0,0,0,0,0,0,2,0,0,0,0,0,0,0,1,0,2,0,1,0,0,0,0,0,1,0,4
SL050,34081919247,4,0,0,0,0,0,0,0,0,0,1,0,0,0,1,0,0,0,0,0,5,0,0,0,1,0,0,0,0,0,6
SL050,34081919248,0,0,1,0,0,0,0,0,0,0,0,0,0,0,0,0,0,0,0,0,0,0,1,0,0,0,0,0,0,0,1
SL050,34081919249,0,0,2,0,0,0,0,0,0,0,0,0,1,0,0,0,0,0,0,0,0,0,3,0,0,0,0,0,0,0,3
SL050,34081919250,0,0,0,0,0,0,0,0,0,0,1,0,0,0,0,0,0,0,0,0,1,0,0,0,0,0,0,0,0,0,1
SL050,34081919251,2,0,0,0,2,0,0,0,0,0,4,0,0,0,2,0,0,0,0,0,6,0,0,0,4,0,0,0,0,0,10
SL050,34081919252,7,0,1,0,0,0,0,0,0,0,4,0,0,0,1,0,0,0,0,0,11,0,1,0,1,0,0,0,0,0,13
SL050,34081919254,1,0,0,1,1,0,0,0,0,0,2,0,1,0,0,0,0,0,0,0,3,0,1,1,1,0,0,0,0,0,6
SL050,34081919255,4,0,0,0,1,0,0,0,0,0,2,0,0,0,1,0,0,0,0,0,6,0,0,0,2,0,0,0,0,0,8
SL050,34081919256,5,0,0,0,1,0,0,0,0,0,2,0,0,0,1,0,0,0,0,0,7,0,0,0,2,0,0,0,0,0,9
SL050,34081919257,108,45,38,54,96,1,2,2,28,0,111,39,17,19,140,2,0,3,23,0,219,84,55,73,236,3,2,5,51,0,728
SL050,34081919258,2,0,2,0,0,0,0,0,0,0,2,0,2,0,0,0,0,0,0,0,4,0,4,0,0,0,0,0,0,0,8
SL050,34081919259,0,0,0,0,0,0,0,0,0,0,1,0,0,0,0,0,0,0,0,0,1,0,0,0,0,0,0,0,0,0,1
SL050,34081919260,0,0,0,0,0,1,0,0,0,0,2,0,0,0,0,1,0,0,0,0,2,0,0,0,0,2,0,0,0,0,4
SL050,34081919261,0,0,0,0,1,0,0,0,0,0,0,0,0,0,1,0,0,0,0,0,0,0,0,0,2,0,0,0,0,0,2
SL050,34081919262,1,0,0,0,0,0,0,1,0,0,1,0,0,0,0,0,0,0,0,0,2,0,0,0,0,0,0,1,0,0,3
SL050,34081919263,9,0,0,0,0,0,0,0,0,0,11,0,0,0,2,0,0,0,0,0,20,0,0,0,2,0,0,0,0,0,22
SL050,34081919264,0,0,1,0,0,0,0,0,0,0,0,0,0,0,0,0,0,0,0,0,0,0,1,0,0,0,0,0,0,0,1
SL050,34081919265,2,0,12,0,0,0,0,0,0,0,2,0,4,0,1,0,0,0,0,0,4,0,16,0,1,0,0,0,0,0,21
SL050,34081919266,25,0,0,0,1,0,0,0,0,0,16,0,0,0,10,0,0,0,0,0,41,0,0,0,11,0,0,0,0,0,52
SL050,34081919268,0,0,0,0,1,0,0,0,0,0,0,0,0,0,0,0,0,0,0,0,0,0,0,0,1,0,0,0,0,0,1
SL050,34081919269,1,0,0,0,1,0,0,0,0,0,2,0,0,0,1,0,0,0,0,0,3,0,0,0,2,0,0,0,0,0,5
SL050,34081919270,1,0,0,0,0,0,0,0,0,0,0,0,0,0,0,0,0,0,0,0,1,0,0,0,0,0,0,0,0,0,1
SL050,34081919271,2,0,1,0,0,0,0,0,0,0,1,0,1,0,0,0,0,0,0,0,3,0,2,0,0,0,0,0,0,0,5
SL050,34081919272,6,0,6,0,0,0,0,0,0,0,3,0,5,0,1,0,0,0,0,0,9,0,11,0,1,0,0,0,0,0,21
SL050,34081919274,54,1,28,3,32,0,0,1,1,0,53,1,17,1,62,1,0,1,1,0,107,2,45,4,94,1,0,2,2,0,257
SL050,34081919279,217,1,10,2,0,0,0,0,0,0,203,2,1,0,0,0,0,0,0,0,420,3,11,2,0,0,0,0,0,0,436
SL050,34081919280,173,13,26,10,101,4,0,11,5,0,156,11,22,8,134,6,1,14,6,1,329,24,48,18,235,10,1,25,11,1,702
SL050,34081919281,1,0,0,0,0,0,0,0,0,0,0,0,0,0,0,0,0,0,0,0,1,0,0,0,0,0,0,0,0,0,1
SL050,34081919282,7,0,0,0,0,0,0,0,0,0,4,0,0,2,0,0,0,0,0,0,11,0,0,2,0,0,0,0,0,0,13
SL050,34081919283,2,0,1,0,3,0,0,0,0,0,0,0,3,0,3,0,0,0,0,0,2,0,4,0,6,0,0,0,0,0,12
SL050,34081919286,39,1,8,0,16,0,0,1,0,0,25,4,5,0,19,0,0,2,0,0,64,5,13,0,35,0,0,3,0,0,120
SL050,34081919287,7,0,13,0,0,0,0,0,0,0,6,0,7,0,1,0,0,0,0,0,13,0,20,0,1,0,0,0,0,0,34
SL050,34081919289,0,0,1,0,1,0,0,0,0,0,0,0,0,0,0,0,0,0,0,0,0,0,1,0,1,0,0,0,0,0,2
SL050,34081919290,68,5,17,2,30,0,0,0,3,0,58,2,9,5,56,1,0,1,0,0,126,7,26,7,86,1,0,1,3,0,257
SL050,34081919291,46,1,1,1,16,0,0,1,0,0,41,2,1,0,17,0,0,1,0,0,87,3,2,1,33,0,0,2,0,0,128
SL050,34081919293,53,6,24,4,55,2,0,2,1,1,65,4,24,6,68,1,1,2,0,1,118,10,48,10,123,3,1,4,1,2,320
SL050,34081919294,0,0,0,0,1,0,0,0,0,0,0,0,0,0,0,0,0,0,0,0,0,0,0,0,1,0,0,0,0,0,1
SL050,34081919296,1,0,0,0,0,0,0,0,0,0,2,0,0,0,0,0,0,0,0,0,3,0,0,0,0,0,0,0,0,0,3
SL050,34081919297,0,0,0,0,0,0,0,0,0,0,0,0,0,0,2,0,0,0,0,0,0,0,0,0,2,0,0,0,0,0,2
SL050,34081919298,13,0,0,0,0,0,0,0,0,0,4,0,0,0,1,0,0,0,0,0,17,0,0,0,1,0,0,0,0,0,18
SL050,34081919299,1,0,2,0,0,0,0,0,0,0,0,0,0,0,1,0,0,0,0,0,1,0,2,0,1,0,0,0,0,0,4
SL050,34081919300,26,0,7,2,14,1,0,1,1,0,26,1,9,1,17,1,1,2,3,0,52,1,16,3,31,2,1,3,4,0,113
SL050,34081919301,1,0,0,0,0,0,0,0,0,0,0,0,0,0,0,0,0,0,0,0,1,0,0,0,0,0,0,0,0,0,1
SL050,34081919303,2,0,0,1,0,0,0,0,0,0,1,0,0,0,0,0,0,0,0,0,3,0,0,1,0,0,0,0,0,0,4
SL050,34081919304,7,0,0,0,4,0,0,0,0,0,2,1,0,1,4,0,0,0,0,0,9,1,0,1,8,0,0,0,0,0,19
SL050,34081919305,2,0,2,0,1,0,0,0,0,0,2,0,1,0,2,0,0,0,0,0,4,0,3,0,3,0,0,0,0,0,10
SL050,34081919306,1,1,0,0,0,0,0,0,0,0,0,0,0,0,0,0,0,0,0,0,1,1,0,0,0,0,0,0,0,0,2
SL050,34081919307,0,1,0,0,0,0,0,0,0,0,0,0,0,0,0,1,0,0,0,0,0,1,0,0,0,1,0,0,0,0,2
SL050,34081919308,0,1,0,0,0,0,0,0,0,0,0,0,0,0,0,0,0,0,0,0,0,1,0,0,0,0,0,0,0,0,1
SL050,34081919309,0,0,0,0,0,0,0,0,0,0,1,0,0,0,0,0,0,0,0,0,1,0,0,0,0,0,0,0,0,0,1
SL050,34081919311,0,0,0,0,3,0,0,0,0,0,0,0,0,0,3,0,0,0,0,0,0,0,0,0,6,0,0,0,0,0,6
SL050,34081919314,0,1,0,0,0,0,0,0,0,0,0,0,0,0,0,0,0,0,0,0,0,1,0,0,0,0,0,0,0,0,1
SL050,34081919317,6,0,6,0,2,0,0,0,0,0,4,0,2,0,4,0,0,0,0,0,10,0,8,0,6,0,0,0,0,0,24
SL050,34081919318,0,0,0,0,0,0,0,0,0,0,0,0,0,0,4,0,0,0,0,0,0,0,0,0,4,0,0,0,0,0,4
SL050,34081919319,143,5,15,2,97,4,1,9,5,1,138,14,4,7,153,2,0,6,7,1,281,19,19,9,250,6,1,15,12,2,614
SL050,34081919321,4,0,0,0,0,0,0,0,0,0,6,0,0,0,0,0,0,0,0,0,10,0,0,0,0,0,0,0,0,0,10
SL050,34081919324,0,4,2,0,0,0,0,0,0,0,0,3,2,0,1,0,0,0,0,0,0,7,4,0,1,0,0,0,0,0,12
SL050,34081919325,0,0,0,0,0,0,0,0,0,0,0,0,1,0,0,0,0,0,0,0,0,0,1,0,0,0,0,0,0,0,1
SL050,34081919326,123,8,10,11,191,0,2,5,2,0,146,11,9,3,219,3,2,5,1,0,269,19,19,14,410,3,4,10,3,0,751
SL050,34081919327,12,1,2,0,0,0,0,0,0,0,9,0,1,0,4,0,0,0,0,0,21,1,3,0,4,0,0,0,0,0,29
SL050,34081919329,0,0,1,0,2,0,0,0,0,0,0,0,1,1,1,0,0,0,0,0,0,0,2,1,3,0,0,0,0,0,6
SL050,34081919330,3,0,3,0,0,0,0,0,0,0,2,0,1,0,0,0,0,0,0,0,5,0,4,0,0,0,0,0,0,0,9
SL050,34081919331,99,8,70,39,110,0,0,3,5,0,100,8,62,7,145,3,5,2,3,0,199,16,132,46,255,3,5,5,8,0,669
SL050,34081919332,1,0,1,0,0,0,0,0,0,0,0,0,0,0,1,0,0,0,0,0,1,0,1,0,1,0,0,0,0,0,3
SL050,34081919333,5,0,0,0,2,0,0,0,0,0,3,0,0,0,2,0,0,0,0,0,8,0,0,0,4,0,0,0,0,0,12
SL050,34081919334,0,0,0,0,0,0,0,0,0,0,0,0,1,0,1,0,0,0,0,0,0,0,1,0,1,0,0,0,0,0,2
SL050,34081919335,4,0,0,0,3,0,0,0,0,0,7,0,0,0,2,0,0,0,0,0,11,0,0,0,5,0,0,0,0,0,16
SL050,34081919901,1,0,0,0,0,0,0,0,0,0,0,0,0,0,0,0,0,0,0,0,1,0,0,0,0,0,0,0,0,0,1
SL050,34162020001,0,0,0,2,1,0,0,0,0,0,1,0,0,0,6,0,0,0,0,0,1,0,0,2,7,0,0,0,0,0,10
SL050,34162020002,2,1,0,0,0,0,0,0,0,0,2,0,0,1,0,0,0,0,0,0,4,1,0,1,0,0,0,0,0,0,6
SL050,34162020003,3,0,13,3,1,0,7,0,0,0,4,3,8,3,2,0,8,0,0,0,7,3,21,6,3,0,15,0,0,0,55
SL050,34162020004,3,0,0,0,0,0,0,0,0,0,2,0,0,0,1,0,0,0,0,0,5,0,0,0,1,0,0,0,0,0,6
SL050,34162020005,19,2,35,12,18,0,17,0,1,1,12,1,21,9,31,0,5,1,0,0,31,3,56,21,49,0,22,1,1,1,185
SL050,34162020006,1,2,1,0,0,0,0,0,0,0,0,3,1,0,1,0,1,0,0,0,1,5,2,0,1,0,1,0,0,0,10
SL050,34162020007,4,0,5,1,1,0,2,0,0,0,0,0,1,0,3,0,0,0,0,0,4,0,6,1,4,0,2,0,0,0,17
SL050,34162020008,2,0,3,1,6,0,0,0,0,0,3,0,4,3,15,1,0,0,1,0,5,0,7,4,21,1,0,0,1,0,39
SL050,34162020009,103,8,114,31,153,3,16,11,1,1,103,8,79,30,299,2,3,8,0,1,206,16,193,61,452,5,19,19,1,2,974
SL050,34162020010,34,1,36,6,13,0,2,0,0,0,11,2,26,3,24,1,1,4,0,1,45,3,62,9,37,1,3,4,0,1,165
SL050,34162020011,5,0,14,3,18,1,4,1,0,0,8,1,6,3,25,1,0,0,0,0,13,1,20,6,43,2,4,1,0,0,90
SL050,34162020012,2,0,0,0,1,0,0,2,0,0,4,0,0,0,5,0,0,2,0,0,6,0,0,0,6,0,0,4,0,0,16
SL050,34162020013,67,3,40,18,45,1,22,1,0,0,36,4,45,12,95,1,19,8,1,1,103,7,85,30,140,2,41,9,1,1,419
SL050,34162020014,6,1,10,1,23,1,2,0,0,0,8,1,3,7,23,2,0,1,1,0,14,2,13,8,46,3,2,1,1,0,90
SL050,34162020015,14,1,16,0,9,0,3,0,0,0,10,0,10,2,24,1,2,0,0,1,24,1,26,2,33,1,5,0,0,1,93
SL050,34162020016,21,1,3,8,26,0,5,0,1,0,10,3,8,1,32,0,2,2,0,0,31,4,11,9,58,0,7,2,1,0,123
SL050,34162020017,87,31,181,64,64,1,135,2,4,0,67,16,161,45,160,4,60,3,3,0,154,47,342,109,224,5,195,5,7,0,1088
SL050,34162020018,115,20,163,41,155,4,115,8,2,2,78,15,130,19,261,5,41,9,0,0,193,35,293,60,416,9,156,17,2,2,1183
SL050,34162020019,481,16,116,57,158,1,64,11,1,0,387,19,76,33,253,2,32,14,2,0,868,35,192,90,411,3,96,25,3,0,1723
SL050,34162020020,1,0,0,0,0,0,0,0,0,0,0,0,2,1,3,0,0,0,0,0,1,0,2,1,3,0,0,0,0,0,7
SL050,34162020021,1,0,1,0,5,0,0,0,0,0,1,0,0,0,3,2,0,0,0,0,2,0,1,0,8,2,0,0,0,0,13
SL050,34162020022,5,4,0,0,2,0,0,0,0,0,4,6,0,2,14,2,0,0,0,0,9,10,0,2,16,2,0,0,0,0,39
SL050,34162020023,1,0,9,1,4,0,1,0,0,0,2,0,10,3,13,0,0,0,0,0,3,0,19,4,17,0,1,0,0,0,44
SL050,34162020024,2,1,1,0,10,1,1,1,0,0,4,2,0,1,10,1,0,0,0,0,6,3,1,1,20,2,1,1,0,0,35
SL050,34162020025,29,2,9,3,20,2,4,1,0,0,23,1,10,0,22,1,1,0,1,0,52,3,19,3,42,3,5,1,1,0,129
SL050,34162020026,2,0,0,0,1,1,1,0,0,0,1,0,0,0,4,1,0,0,0,0,3,0,0,0,5,2,1,0,0,0,11
SL050,34162020027,21,13,40,23,32,0,31,1,0,0,22,7,38,19,49,2,10,0,0,0,43,20,78,42,81,2,41,1,0,0,308
SL050,34162020028,27,3,49,16,36,2,0,0,0,0,24,3,25,19,34,2,0,2,0,0,51,6,74,35,70,4,0,2,0,0,242
SL050,34162020029,46,3,31,33,74,2,18,3,2,0,36,6,18,10,126,3,7,6,0,0,82,9,49,43,200,5,25,9,2,0,424
SL050,34162020030,130,28,521,157,455,5,88,14,7,5,98,31,415,65,739,7,47,19,6,2,228,59,936,222,1194,12,135,33,13,7,2839
SL050,34162020031,0,0,0,0,0,0,1,0,0,0,1,0,0,0,6,0,0,0,0,0,1,0,0,0,6,0,1,0,0,0,8
SL050,34162020032,111,14,154,39,198,0,51,13,0,0,73,16,111,18,333,2,21,9,2,1,184,30,265,57,531,2,72,22,2,1,1166
SL050,34162020033,4,0,15,3,9,2,8,0,0,0,4,2,9,0,13,3,7,2,0,0,8,2,24,3,22,5,15,2,0,0,81
SL050,34162020034,42,7,26,7,18,0,24,4,1,0,38,3,13,1,40,0,19,5,1,0,80,10,39,8,58,0,43,9,2,0,249
SL050,34162020035,4,0,2,1,2,2,0,0,1,0,2,0,1,0,7,4,0,0,0,0,6,0,3,1,9,6,0,0,1,0,26
SL050,34162020036,226,36,52,140,226,11,13,11,7,2,202,44,26,60,396,7,10,24,12,1,428,80,78,200,622,18,23,35,19,3,1506
SL050,34162020037,1,0,1,0,1,0,0,0,0,0,1,0,0,0,1,0,0,0,0,0,2,0,1,0,2,0,0,0,0,0,5
SL050,34162020038,3,0,0,0,5,0,0,0,0,0,3,0,0,0,10,0,0,0,0,0,6,0,0,0,15,0,0,0,0,0,21
SL050,34162020039,42,2,17,42,45,2,1,0,0,1,28,7,10,10,89,3,0,0,0,0,70,9,27,52,134,5,1,0,0,1,299
SL050,34162020040,229,28,167,81,306,3,31,11,5,2,181,37,105,39,541,1,11,26,9,0,410,65,272,120,847,4,42,37,14,2,1813
SL050,34162020041,4,0,4,0,1,0,0,0,0,0,1,0,2,0,6,0,0,0,1,0,5,0,6,0,7,0,0,0,1,0,19
SL050,34162020042,57,8,49,13,56,0,8,0,0,0,20,8,35,9,96,1,2,1,1,0,77,16,84,22,152,1,10,1,1,0,364
SL050,34162020043,29,3,26,2,13,1,8,0,1,0,21,1,18,0,20,1,3,1,0,0,50,4,44,2,33,2,11,1,1,0,148
SL050,34162020044,10,3,10,6,4,0,0,0,0,0,6,2,8,5,9,0,0,0,0,0,16,5,18,11,13,0,0,0,0,0,63
SL050,34162020045,1104,405,565,307,1310,22,136,105,22,5,920,348,340,208,2046,22,63,146,18,2,2024,753,905,515,3356,44,199,251,40,7,8094
SL050,34162020046,27,13,24,14,21,4,0,3,1,0,21,11,10,8,37,2,0,7,0,0,48,24,34,22,58,6,0,10,1,0,203
SL050,34162020047,9,0,4,5,9,0,1,0,0,1,12,0,4,5,12,0,0,0,0,0,21,0,8,10,21,0,1,0,0,1,62
SL050,34162020048,2,0,0,0,4,0,0,0,0,0,1,0,0,0,4,0,0,0,0,0,3,0,0,0,8,0,0,0,0,0,11
SL050,34162020049,153,9,33,14,49,3,15,1,0,0,116,11,34,7,75,1,6,7,0,0,269,20,67,21,124,4,21,8,0,0,534
SL050,34162020050,3,0,7,3,7,0,0,0,0,0,5,0,9,3,9,0,0,0,0,0,8,0,16,6,16,0,0,0,0,0,46
SL050,34162020051,70,2,45,9,41,1,23,1,2,0,51,3,44,2,87,1,9,3,2,1,121,5,89,11,128,2,32,4,4,1,397
SL050,34162020052,25,1,17,5,7,1,13,0,2,0,19,2,10,5,18,0,0,0,2,0,44,3,27,10,25,1,13,0,4,0,127
SL050,34162020053,51,6,37,12,45,0,3,4,0,0,45,8,18,10,80,0,1,4,1,0,96,14,55,22,125,0,4,8,1,0,325
SL050,34162020054,9,0,3,4,4,0,0,0,0,0,5,0,3,5,10,0,0,1,2,0,14,0,6,9,14,0,0,1,2,0,46
SL050,34162020055,113,14,197,85,340,1,180,20,16,2,108,11,171,59,613,5,77,29,14,2,221,25,368,144,953,6,257,49,30,4,2057
SL050,34162020056,55,4,35,107,50,8,16,3,1,0,53,5,27,16,67,5,7,6,0,1,108,9,62,123,117,13,23,9,1,1,466
SL050,34162020057,0,0,1,0,1,0,0,0,0,0,0,0,0,0,1,0,0,0,0,0,0,0,1,0,2,0,0,0,0,0,3
SL050,34162020058,17,0,4,2,14,0,1,0,0,0,16,2,4,0,12,0,0,0,0,0,33,2,8,2,26,0,1,0,0,0,72
SL050,34162020059,78,5,33,16,175,5,25,4,7,0,67,6,29,13,299,9,4,10,1,0,145,11,62,29,474,14,29,14,8,0,786
SL050,34162020060,0,0,0,0,1,0,0,0,0,0,0,0,0,0,1,0,0,0,0,0,0,0,0,0,2,0,0,0,0,0,2
SL050,34162020061,34,9,39,63,101,6,31,3,1,1,35,7,40,10,179,3,12,5,0,0,69,16,79,73,280,9,43,8,1,1,579
SL050,34162020062,16,5,37,0,17,0,0,0,0,0,16,2,25,0,19,1,0,0,0,0,32,7,62,0,36,1,0,0,0,0,138
SL050,34162020063,110,10,41,22,68,3,13,7,4,3,92,12,28,17,114,2,3,14,3,1,202,22,69,39,182,5,16,21,7,4,567
SL050,34162020064,284,39,137,55,297,3,23,14,1,1,221,39,62,49,514,7,12,22,4,1,505,78,199,104,811,10,35,36,5,2,1785
SL050,34162020065,29,2,109,16,45,0,22,0,0,0,18,1,70,19,81,1,12,1,0,0,47,3,179,35,126,1,34,1,0,0,426
SL050,34162020066,9,2,2,0,3,0,2,0,0,0,8,2,1,0,5,0,0,0,0,0,17,4,3,0,8,0,2,0,0,0,34
SL050,34162020067,308,101,360,111,626,4,56,57,6,0,284,125,223,107,961,2,23,68,6,0,592,226,583,218,1587,6,79,125,12,0,3428
SL050,34162020068,6,0,1,1,3,0,0,0,0,0,1,0,4,0,2,0,0,0,0,0,7,0,5,1,5,0,0,0,0,0,18
SL050,34162020069,1828,493,926,352,4227,183,200,310,76,32,1873,780,350,162,7045,197,85,501,126,28,3701,1273,1276,514,11272,380,285,811,202,60,19774
SL050,34162020070,29,0,15,0,3,0,14,0,0,0,16,4,12,0,13,1,9,2,0,0,45,4,27,0,16,1,23,2,0,0,118
SL050,34162020071,152,65,170,61,277,5,14,17,5,0,125,65,98,47,516,12,11,25,5,0,277,130,268,108,793,17,25,42,10,0,1670
SL050,34162020072,95,5,28,10,47,2,7,0,0,3,87,8,17,15,99,9,3,2,3,0,182,13,45,25,146,11,10,2,3,3,440
SL050,34162020073,48,7,16,19,77,0,3,3,2,0,48,6,8,12,122,0,1,2,4,0,96,13,24,31,199,0,4,5,6,0,378
SL050,34162020074,100,14,131,62,156,2,82,7,2,0,79,10,94,24,290,4,25,13,5,2,179,24,225,86,446,6,107,20,7,2,1102
SL050,34162020075,90,17,85,37,75,1,0,2,1,0,52,12,53,43,132,3,0,5,0,0,142,29,138,80,207,4,0,7,1,0,608
SL050,34162020076,403,7,80,87,158,3,86,2,2,1,321,11,71,55,253,3,49,7,3,0,724,18,151,142,411,6,135,9,5,1,1602
SL050,34162020077,35,3,69,32,64,0,26,9,1,0,27,6,48,17,121,0,15,11,1,0,62,9,117,49,185,0,41,20,2,0,485
SL050,34162020078,39,1,26,3,16,0,19,0,0,0,27,0,19,7,26,0,15,1,0,0,66,1,45,10,42,0,34,1,0,0,199
SL050,34162020079,185,31,72,41,448,21,18,14,14,6,173,32,52,10,657,13,3,41,17,1,358,63,124,51,1105,34,21,55,31,7,1849
SL050,34162020080,63,7,111,20,107,3,39,2,1,2,59,7,84,13,194,2,15,4,3,0,122,14,195,33,301,5,54,6,4,2,736
SL050,34162020081,88,11,64,34,116,8,1,2,0,0,65,22,65,27,197,6,2,8,0,1,153,33,129,61,313,14,3,10,0,1,717
SL050,34162020901,12,3,26,9,30,0,6,0,0,0,12,2,18,3,61,0,1,1,0,0,24,5,44,12,91,0,7,1,0,0,184
SL050,34162020902,211,22,84,32,433,2,22,28,7,2,139,35,37,21,670,8,5,35,12,1,350,57,121,53,1103,10,27,63,19,3,1806
SL050,34162020903,68,7,25,11,83,4,4,3,1,0,61,10,11,5,139,5,0,8,4,0,129,17,36,16,222,9,4,11,5,0,449
SL050,34162020904,0,0,1,0,2,0,0,0,0,0,0,0,1,0,5,0,0,0,0,0,0,0,2,0,7,0,0,0,0,0,9
SL050,34162020905,5,1,0,1,0,0,1,0,0,0,3,0,0,0,3,0,0,0,0,0,8,1,0,1,3,0,1,0,0,0,14
SL050,34162020906,0,0,0,0,2,0,0,0,0,0,1,0,0,0,3,0,0,0,0,0,1,0,0,0,5,0,0,0,0,0,6
SL050,34162020907,0,0,0,0,1,0,0,0,0,0,0,0,2,1,2,0,0,0,0,0,0,0,2,1,3,0,0,0,0,0,6
SL050,34012121001,17,2,0,0,9,0,0,0,0,0,18,1,0,0,5,3,1,0,0,0,35,3,0,0,14,3,1,0,0,0,56
SL050,34012121002,212,19,49,27,126,5,2,7,10,2,279,22,36,16,200,6,0,10,7,1,491,41,85,43,326,11,2,17,17,3,1036
SL050,34012121003,19,0,0,0,3,0,0,0,0,0,23,1,0,0,2,0,0,0,0,0,42,1,0,0,5,0,0,0,0,0,48
SL050,34012121004,17,3,3,0,5,0,0,0,0,0,11,3,3,0,5,0,0,1,1,0,28,6,6,0,10,0,0,1,1,0,52
SL050,34012121005,1264,19,381,25,202,3,4,19,2,0,2251,25,309,3,169,2,3,22,2,0,3515,44,690,28,371,5,7,41,4,0,4705
SL050,34012121006,26,0,23,0,5,0,0,0,0,0,41,1,24,1,5,0,0,0,0,0,67,1,47,1,10,0,0,0,0,0,126
SL050,34012121007,64,4,20,15,37,6,4,3,0,0,71,3,13,3,57,5,1,7,0,0,135,7,33,18,94,11,5,10,0,0,313
SL050,34012121008,13,0,4,1,2,0,0,1,0,0,12,0,1,0,6,0,0,2,0,0,25,0,5,1,8,0,0,3,0,0,42
SL050,34012121009,1,0,1,0,0,0,0,0,0,0,3,0,0,0,1,0,0,0,0,0,4,0,1,0,1,0,0,0,0,0,6
SL050,34012121010,1129,35,179,56,163,10,25,21,5,1,973,42,128,30,246,5,2,18,7,0,2102,77,307,86,409,15,27,39,12,1,3075
SL050,34012121011,40,2,31,0,11,1,0,1,0,0,47,3,28,0,14,0,1,1,1,1,87,5,59,0,25,1,1,2,1,1,182
SL050,34012121012,3,1,0,0,1,0,0,0,0,0,5,0,0,0,5,0,0,0,0,0,8,1,0,0,6,0,0,0,0,0,15
SL050,34012121013,276,3,187,0,25,0,8,12,6,0,333,3,183,2,63,3,1,11,1,0,609,6,370,2,88,3,9,23,7,0,1117
SL050,34012121014,185,18,166,70,3,0,13,2,0,0,399,15,79,3,7,1,6,5,1,0,584,33,245,73,10,1,19,7,1,0,973
SL050,34012121015,6,1,1,0,0,0,0,0,0,0,9,0,0,0,2,0,0,0,0,0,15,1,1,0,2,0,0,0,0,0,19
SL050,34012121016,6,0,0,0,4,0,0,0,0,0,8,0,1,0,6,0,0,0,0,0,14,0,1,0,10,0,0,0,0,0,25
SL050,34012121017,16,2,7,0,3,0,0,0,0,0,29,1,5,0,4,0,0,1,0,0,45,3,12,0,7,0,0,1,0,0,68
SL050,34012121018,14,0,2,0,2,0,0,0,1,0,16,0,6,0,5,0,0,1,0,0,30,0,8,0,7,0,0,1,1,0,47
SL050,34012121019,3,0,2,0,1,0,0,0,0,0,3,0,2,0,1,0,0,0,0,0,6,0,4,0,2,0,0,0,0,0,12
SL050,34012121020,1,0,0,0,1,0,0,0,0,0,2,0,0,0,1,0,0,0,0,0,3,0,0,0,2,0,0,0,0,0,5
SL050,34012121021,786,87,929,127,127,4,21,13,8,0,1015,96,593,15,139,2,1,12,6,3,1801,183,1522,142,266,6,22,25,14,3,3984
SL050,34012121022,5,1,0,0,1,0,0,0,0,1,7,0,2,0,0,1,0,0,0,0,12,1,2,0,1,1,0,0,0,1,18
SL050,34012121023,11,0,2,0,0,0,0,1,0,0,7,0,0,0,3,0,0,2,1,0,18,0,2,0,3,0,0,3,1,0,27
SL050,34012121024,6,0,0,1,2,1,0,0,0,0,2,0,2,0,4,0,0,0,1,0,8,0,2,1,6,1,0,0,1,0,19
SL050,34012121025,40,3,6,2,11,3,0,2,1,0,43,4,5,1,6,2,0,3,0,0,83,7,11,3,17,5,0,5,1,0,132
SL050,34012121026,6,0,1,0,0,0,0,0,0,0,3,0,0,0,1,0,0,0,0,0,9,0,1,0,1,0,0,0,0,0,11
SL050,34012121027,2,0,0,0,1,0,0,0,0,0,2,0,0,0,0,0,0,0,0,0,4,0,0,0,1,0,0,0,0,0,5
SL050,34012121029,5,0,1,1,2,0,0,1,0,0,6,2,0,0,19,0,0,1,0,0,11,2,1,1,21,0,0,2,0,0,38
SL050,34012121030,10,0,0,0,2,0,0,1,0,0,10,0,3,0,8,0,0,0,0,0,20,0,3,0,10,0,0,1,0,0,34
SL050,34012121031,11,2,0,1,0,0,0,0,0,0,9,1,0,1,4,0,0,0,0,0,20,3,0,2,4,0,0,0,0,0,29
SL050,34012121032,6,0,13,1,3,0,0,1,0,0,10,0,11,0,5,2,0,2,0,0,16,0,24,1,8,2,0,3,0,0,54
SL050,34012121033,10,0,0,0,0,0,0,0,0,0,8,0,1,0,0,0,0,0,0,0,18,0,1,0,0,0,0,0,0,0,19
SL050,34012121034,15,2,1,4,0,0,0,0,0,0,13,1,3,0,5,0,0,0,0,0,28,3,4,4,5,0,0,0,0,0,44
SL050,34012121035,163,8,62,6,34,1,2,9,2,0,336,19,52,1,49,0,0,8,1,0,499,27,114,7,83,1,2,17,3,0,753
SL050,34012121036,3,0,0,0,1,0,0,0,0,0,4,0,0,0,1,0,0,0,0,0,7,0,0,0,2,0,0,0,0,0,9
SL050,34012121037,21,0,0,0,2,0,0,0,0,0,13,2,0,0,3,0,0,0,0,0,34,2,0,0,5,0,0,0,0,0,41
SL050,34012121038,10,0,2,1,2,0,0,0,0,0,7,0,2,1,4,0,0,0,1,0,17,0,4,2,6,0,0,0,1,0,30
SL050,34012121039,0,0,0,0,0,0,0,0,0,0,0,0,0,0,1,0,0,0,0,0,0,0,0,0,1,0,0,0,0,0,1
SL050,34012121040,52,0,26,1,5,0,1,0,0,0,53,0,36,1,21,0,0,2,0,0,105,0,62,2,26,0,1,2,0,0,198
SL050,34012121041,1045,270,834,566,1064,21,46,150,19,3,1496,355,695,149,1665,19,12,178,5,0,2541,625,1529,715,2729,40,58,328,24,3,8592
SL050,34012121042,320,14,415,91,50,1,8,14,0,0,599,22,309,12,85,5,2,17,0,0,919,36,724,103,135,6,10,31,0,0,1964
SL050,34012121043,13,3,1,3,6,0,0,1,1,0,11,5,1,1,11,0,0,1,0,0,24,8,2,4,17,0,0,2,1,0,58
SL050,34012121044,809,51,656,756,299,2,11,36,4,0,1135,56,387,35,312,2,3,31,3,0,1944,107,1043,791,611,4,14,67,7,0,4588
SL050,34012121045,2,0,1,0,0,0,0,0,0,0,4,0,0,0,2,0,0,0,0,0,6,0,1,0,2,0,0,0,0,0,9
SL050,34012121046,276,1,332,51,2,0,0,2,0,0,412,1,116,1,2,0,0,1,0,0,688,2,448,52,4,0,0,3,0,0,1197
SL050,34012121047,9,0,6,0,3,0,0,0,0,0,7,1,3,0,10,0,0,1,0,0,16,1,9,0,13,0,0,1,0,0,40
SL050,34012121048,13,2,0,0,2,0,0,0,0,0,8,0,0,0,6,0,0,0,0,0,21,2,0,0,8,0,0,0,0,0,31
SL050,34012121049,25,5,0,2,4,0,0,0,0,0,35,1,1,0,15,0,0,2,0,0,60,6,1,2,19,0,0,2,0,0,90
SL050,34012121050,624,55,1151,883,52,2,5,19,1,0,1833,46,935,19,77,3,2,22,2,0,2457,101,2086,902,129,5,7,41,3,0,5731
SL050,34012121051,6,2,0,0,1,0,0,0,0,0,6,2,0,0,4,0,0,0,0,0,12,4,0,0,5,0,0,0,0,0,21
SL050,34012121052,30,8,15,3,5,0,0,2,0,0,47,9,10,0,19,1,0,1,0,0,77,17,25,3,24,1,0,3,0,0,150
SL050,34012121053,31,1,35,3,7,0,2,1,0,1,41,0,26,0,13,0,1,2,0,0,72,1,61,3,20,0,3,3,0,1,164
SL050,34012121054,134,3,42,2,20,0,4,7,0,0,162,8,44,1,39,0,0,10,3,0,296,11,86,3,59,0,4,17,3,0,479
SL050,34012121055,355,23,246,238,67,1,1,1,1,0,740,20,179,8,73,0,0,6,0,1,1095,43,425,246,140,1,1,7,1,1,1960
SL050,34012121056,5,0,8,1,8,1,0,1,0,0,8,1,9,0,12,0,0,3,0,0,13,1,17,1,20,1,0,4,0,0,57
SL050,34012121057,16,0,0,1,0,0,0,0,0,0,11,2,0,0,6,0,0,0,0,0,27,2,0,1,6,0,0,0,0,0,36
SL050,34012121058,64,3,5,1,0,0,0,2,0,0,55,4,2,0,14,0,0,4,0,0,119,7,7,1,14,0,0,6,0,0,154
SL050,34012121059,0,0,1,0,2,0,0,0,0,0,1,0,1,0,3,0,0,0,0,0,1,0,2,0,5,0,0,0,0,0,8
SL050,34012121060,125,10,111,14,66,6,7,19,9,0,163,16,76,2,88,1,1,27,7,1,288,26,187,16,154,7,8,46,16,1,749
SL050,34012121061,335,25,237,33,6,0,16,3,0,0,451,29,245,3,15,0,8,4,0,0,786,54,482,36,21,0,24,7,0,0,1410
SL050,34012121062,56,0,4,0,2,0,0,1,0,0,65,1,2,0,2,0,0,1,0,0,121,1,6,0,4,0,0,2,0,0,134
SL050,34012121063,128,29,19,37,7,0,0,1,0,1,234,24,42,4,19,1,0,3,1,0,362,53,61,41,26,1,0,4,1,1,550
SL050,34012121064,124,8,168,9,53,0,0,1,1,0,202,14,139,0,53,0,0,1,0,0,326,22,307,9,106,0,0,2,1,0,773
SL050,34012121065,49,0,0,3,1,0,0,0,0,0,38,2,0,0,2,1,0,2,0,0,87,2,0,3,3,1,0,2,0,0,98
SL050,34012121066,19,7,0,1,0,0,11,0,0,0,22,2,4,0,2,0,2,0,0,0,41,9,4,1,2,0,13,0,0,0,70
SL050,34012121067,8,1,0,0,2,0,0,0,0,0,7,0,1,0,2,0,0,0,0,0,15,1,1,0,4,0,0,0,0,0,21
SL050,34012121068,13,0,0,0,3,0,0,0,0,0,12,0,0,0,1,0,0,0,0,0,25,0,0,0,4,0,0,0,0,0,29
SL050,34012121069,5,0,2,0,3,0,0,0,0,0,6,1,2,0,8,0,0,0,1,0,11,1,4,0,11,0,0,0,1,0,28
SL050,34012121070,50,2,28,3,14,1,0,6,0,1,68,0,24,0,23,0,0,6,0,0,118,2,52,3,37,1,0,12,0,1,226
SL050,34012121071,0,0,0,0,2,0,0,0,0,0,0,1,0,0,1,1,0,0,0,0,0,1,0,0,3,1,0,0,0,0,5
SL050,34012121072,100,11,16,1,37,1,7,2,0,1,130,17,24,0,48,1,0,9,0,1,230,28,40,1,85,2,7,11,0,2,406
SL050,34012121073,174,9,33,6,9,1,3,2,1,0,308,10,19,1,8,3,1,1,1,0,482,19,52,7,17,4,4,3,2,0,590
SL050,34012121074,3,1,4,1,4,0,0,0,0,0,7,2,9,0,6,0,0,1,0,0,10,3,13,1,10,0,0,1,0,0,38
SL050,34012121075,2,0,0,0,3,0,0,0,0,0,1,0,0,0,2,0,0,0,0,0,3,0,0,0,5,0,0,0,0,0,8
SL050,34012121076,91,15,13,4,13,0,2,1,0,0,109,12,9,0,25,0,1,2,0,0,200,27,22,4,38,0,3,3,0,0,297
SL050,34012121077,12,0,7,1,3,0,0,0,0,0,21,1,3,0,13,0,0,0,0,0,33,1,10,1,16,0,0,0,0,0,61
SL050,34012121078,21,3,1,0,6,1,0,1,0,0,23,0,3,0,8,0,0,2,0,0,44,3,4,0,14,1,0,3,0,0,69
SL050,34012121079,12,0,0,1,0,0,0,1,0,0,4,1,0,0,4,0,0,0,0,0,16,1,0,1,4,0,0,1,0,0,23
SL050,34022222001,2,1,0,1,0,0,0,0,0,0,2,0,0,0,1,0,0,0,0,0,4,1,0,1,1,0,0,0,0,0,7
SL050,34022222002,12,0,3,1,0,0,0,0,0,0,11,0,6,0,0,0,0,0,0,0,23,0,9,1,0,0,0,0,0,0,33
SL050,34022222003,4,0,2,0,0,0,0,0,0,0,4,0,2,0,1,0,0,0,0,0,8,0,4,0,1,0,0,0,0,0,13
SL050,34022222004,0,0,0,0,1,0,0,0,1,0,2,0,0,0,1,0,0,0,1,0,2,0,0,0,2,0,0,0,2,0,6
SL050,34022222006,8,0,0,0,4,0,0,0,0,0,6,0,0,0,2,0,0,0,0,0,14,0,0,0,6,0,0,0,0,0,20
SL050,34022222007,47,2,25,42,5,0,1,0,0,0,48,3,11,3,7,0,0,0,0,0,95,5,36,45,12,0,1,0,0,0,194
SL050,34022222008,7,0,0,0,0,0,0,0,0,0,3,0,0,0,2,0,0,0,0,0,10,0,0,0,2,0,0,0,0,0,12
SL050,34022222009,11,4,2,4,5,0,0,0,0,0,5,1,4,0,5,0,0,1,0,0,16,5,6,4,10,0,0,1,0,0,42
SL050,34022222011,2,2,0,0,0,0,0,0,0,0,0,3,0,0,0,0,0,0,0,0,2,5,0,0,0,0,0,0,0,0,7
SL050,34022222012,0,0,0,0,1,0,0,0,0,0,2,0,0,0,2,0,0,0,0,0,2,0,0,0,3,0,0,0,0,0,5
SL050,34022222013,0,2,1,1,3,0,0,0,0,0,1,0,1,0,9,0,0,0,0,0,1,2,2,1,12,0,0,0,0,0,18
SL050,34022222014,0,0,0,0,0,1,0,0,0,0,0,1,0,1,0,0,0,0,0,0,0,1,0,1,0,1,0,0,0,0,3
SL050,34022222015,2,0,1,0,3,0,0,0,0,0,3,2,0,0,3,1,0,0,0,0,5,2,1,0,6,1,0,0,0,0,15
SL050,34022222016,8,0,4,0,1,0,0,0,0,0,3,0,2,0,3,0,0,0,0,0,11,0,6,0,4,0,0,0,0,0,21
SL050,34022222017,66,2,5,48,0,0,0,0,0,0,50,0,3,14,6,0,0,0,0,0,116,2,8,62,6,0,0,0,0,0,194
SL050,34022222018,10,0,0,0,3,0,0,0,0,0,10,0,0,0,2,0,0,0,0,0,20,0,0,0,5,0,0,0,0,0,25
SL050,34022222019,3,0,0,0,1,0,0,0,0,0,4,0,0,0,1,0,0,1,0,0,7,0,0,0,2,0,0,1,0,0,10
SL050,34022222020,2,0,0,0,3,0,0,0,0,0,2,0,0,0,2,0,0,0,0,0,4,0,0,0,5,0,0,0,0,0,9
SL050,34022222021,33,4,23,0,12,1,0,0,1,0,30,3,20,2,22,0,1,0,0,0,63,7,43,2,34,1,1,0,1,0,152
SL050,34022222022,5,1,6,2,0,1,0,0,0,0,8,0,2,0,8,1,0,0,0,0,13,1,8,2,8,2,0,0,0,0,34
SL050,34022222023,12,0,1,0,1,0,0,0,0,0,13,1,1,0,0,1,0,0,0,0,25,1,2,0,1,1,0,0,0,0,30
SL050,34022222024,21,1,4,0,2,0,0,0,0,0,25,1,2,0,4,0,0,0,0,0,46,2,6,0,6,0,0,0,0,0,60
SL050,34022222025,35,0,17,49,30,0,0,0,1,0,26,1,14,4,33,1,0,0,0,0,61,1,31,53,63,1,0,0,1,0,211
SL050,34022222027,14,0,1,0,0,0,0,0,0,0,12,0,1,0,0,0,0,0,0,0,26,0,2,0,0,0,0,0,0,0,28
SL050,34022222028,5,0,0,0,2,0,0,0,0,0,4,1,1,0,5,1,0,0,0,0,9,1,1,0,7,1,0,0,0,0,19
SL050,34022222029,1,0,0,0,1,0,0,0,0,0,2,0,0,0,2,1,0,0,0,0,3,0,0,0,3,1,0,0,0,0,7
SL050,34022222032,0,0,0,0,0,0,0,0,0,0,0,0,0,0,1,0,0,0,0,0,0,0,0,0,1,0,0,0,0,0,1
SL050,34022222035,42,1,0,1,2,0,0,0,0,0,28,0,0,0,0,1,2,0,0,0,70,1,0,1,2,1,2,0,0,0,77
SL050,34022222036,0,0,0,0,0,0,0,0,0,0,0,0,0,0,2,0,0,0,0,1,0,0,0,0,2,0,0,0,0,1,3
SL050,34022222037,0,0,0,1,1,0,0,0,0,0,1,1,0,0,2,0,0,0,0,0,1,1,0,1,3,0,0,0,0,0,6
SL050,34022222039,16,1,16,2,3,0,0,0,0,0,15,0,11,4,10,0,0,2,2,0,31,1,27,6,13,0,0,2,2,0,82
SL050,34022222040,1,0,0,1,0,0,0,0,0,0,2,0,0,1,3,0,0,0,0,0,3,0,0,2,3,0,0,0,0,0,8
SL050,34022222041,2,0,0,0,0,0,0,0,0,0,0,0,0,0,4,0,0,0,0,0,2,0,0,0,4,0,0,0,0,0,6
SL050,34022222042,3,0,0,0,3,0,0,0,0,0,5,0,0,0,1,0,0,0,0,0,8,0,0,0,4,0,0,0,0,0,12
SL050,34022222043,0,0,0,0,1,0,0,0,0,0,1,0,0,0,0,0,0,0,0,0,1,0,0,0,1,0,0,0,0,0,2
SL050,34022222044,5,0,0,1,0,0,0,0,0,0,10,0,0,0,1,1,0,0,0,0,15,0,0,1,1,1,0,0,0,0,18
SL050,34022222045,0,0,0,0,0,0,0,0,0,0,0,0,1,0,0,0,0,0,0,0,0,0,1,0,0,0,0,0,0,0,1
SL050,34022222046,5,0,5,10,3,0,0,0,0,0,5,0,2,0,6,0,0,0,0,0,10,0,7,10,9,0,0,0,0,0,36
SL050,34022222047,1,0,2,0,1,0,0,0,0,0,3,2,2,0,2,0,0,0,0,0,4,2,4,0,3,0,0,0,0,0,13
SL050,34022222048,221,21,291,235,246,1,9,18,5,0,275,32,234,60,449,6,5,18,2,0,496,53,525,295,695,7,14,36,7,0,2128
SL050,34022222049,1,0,0,0,0,0,0,0,0,0,1,0,0,0,0,0,0,0,0,0,2,0,0,0,0,0,0,0,0,0,2
SL050,34022222050,0,0,0,0,1,0,0,0,0,0,1,0,0,0,1,0,0,0,0,0,1,0,0,0,2,0,0,0,0,0,3
SL050,34022222051,6,0,0,0,0,0,0,0,0,0,5,0,0,0,0,0,0,0,0,0,11,0,0,0,0,0,0,0,0,0,11
SL050,34022222052,31,0,10,112,3,2,12,0,0,0,31,3,7,12,6,0,1,0,0,0,62,3,17,124,9,2,13,0,0,0,230
SL050,34022222053,79,1,1,3,11,0,0,0,0,0,70,1,1,1,13,0,0,0,1,0,149,2,2,4,24,0,0,0,1,0,182
SL050,34022222054,46,9,3,3,97,0,0,2,2,1,51,8,0,1,114,1,0,0,1,0,97,17,3,4,211,1,0,2,3,1,339
SL050,34022222055,8,0,0,1,0,0,0,0,0,0,9,0,0,0,3,0,0,1,0,0,17,0,0,1,3,0,0,1,0,0,22
SL050,34022222057,18,0,2,0,4,0,0,0,0,0,23,0,0,0,11,0,0,0,0,0,41,0,2,0,15,0,0,0,0,0,58
SL050,34022222058,8,0,0,0,3,0,0,0,0,0,10,1,0,0,6,0,0,0,0,0,18,1,0,0,9,0,0,0,0,0,28
SL050,34022222059,35,1,12,0,24,0,2,0,0,0,43,1,4,0,35,1,0,1,2,0,78,2,16,0,59,1,2,1,2,0,161
SL050,34022222060,14,0,9,125,17,0,0,0,0,0,14,1,3,10,24,0,0,0,0,0,28,1,12,135,41,0,0,0,0,0,217
SL050,34022222061,209,6,56,579,156,2,12,8,0,3,221,14,41,134,218,3,4,10,6,5,430,20,97,713,374,5,16,18,6,8,1687
SL050,34022222062,0,0,0,0,0,0,0,0,0,0,1,0,0,1,2,0,0,0,0,0,1,0,0,1,2,0,0,0,0,0,4
SL050,34022222063,3,0,3,1,1,0,0,0,0,0,2,0,4,0,1,0,0,0,0,0,5,0,7,1,2,0,0,0,0,0,15
SL050,34022222064,1,0,0,0,4,0,0,0,0,0,0,1,0,0,1,0,0,0,0,0,1,1,0,0,5,0,0,0,0,0,7
SL050,34022222066,41,2,1,1,15,0,0,2,0,0,49,2,1,1,12,0,0,2,0,0,90,4,2,2,27,0,0,4,0,0,129
SL050,34022222067,4,2,0,0,0,0,0,0,0,0,1,0,0,0,0,0,0,0,0,0,5,2,0,0,0,0,0,0,0,0,7
SL050,34022222068,1,1,0,0,0,0,0,0,0,0,3,1,0,0,0,0,0,0,0,0,4,2,0,0,0,0,0,0,0,0,6
SL050,34022222069,18,1,4,0,8,0,0,0,0,0,15,0,1,0,9,0,0,0,0,0,33,1,5,0,17,0,0,0,0,0,56
SL050,34022222072,4,0,2,0,1,0,1,0,1,0,3,0,1,0,0,0,1,1,1,0,7,0,3,0,1,0,2,1,2,0,16
SL050,34022222074,13,0,0,0,3,0,0,0,0,0,7,0,0,0,4,0,0,0,0,0,20,0,0,0,7,0,0,0,0,0,27
SL050,34022222075,3,0,0,0,2,0,0,0,0,0,2,0,0,0,1,0,0,0,0,0,5,0,0,0,3,0,0,0,0,0,8
SL050,34022222076,3,0,1,0,1,0,0,0,0,0,6,0,0,0,5,0,0,0,0,0,9,0,1,0,6,0,0,0,0,0,16
SL050,34022222078,4,1,2,2,9,0,0,0,0,0,5,0,1,1,7,0,0,1,0,0,9,1,3,3,16,0,0,1,0,0,33
SL050,34022222079,9,0,0,0,0,0,0,0,0,0,44,0,0,0,0,0,0,0,0,0,53,0,0,0,0,0,0,0,0,0,53
SL050,34022222080,26,0,0,0,2,1,0,0,0,0,22,1,0,0,4,0,0,0,0,0,48,1,0,0,6,1,0,0,0,0,56
SL050,34022222081,3,0,0,0,6,0,0,0,0,0,7,0,0,0,4,0,0,0,0,0,10,0,0,0,10,0,0,0,0,0,20
SL050,34022222082,3,0,0,0,2,0,0,0,0,0,2,0,1,0,2,0,0,0,0,0,5,0,1,0,4,0,0,0,0,0,10
SL050,34022222083,12,0,4,0,6,0,0,0,0,0,13,0,2,0,3,0,0,0,0,0,25,0,6,0,9,0,0,0,0,0,40
SL050,34022222084,16,0,2,1,38,0,0,1,0,0,15,0,1,0,41,1,0,2,0,0,31,0,3,1,79,1,0,3,0,0,118
SL050,34022222085,1,0,0,0,1,0,0,0,0,0,1,0,0,0,2,0,0,0,0,0,2,0,0,0,3,0,0,0,0,0,5
SL050,34022222086,3,0,0,0,0,0,0,0,0,2,4,2,0,0,2,1,0,0,0,0,7,2,0,0,2,1,0,0,0,2,14
SL050,34022222087,2,4,0,0,0,0,0,0,0,0,3,3,0,0,0,0,0,0,0,0,5,7,0,0,0,0,0,0,0,0,12
SL050,34022222088,1,0,1,0,0,0,0,0,0,0,0,1,1,0,0,0,0,0,0,0,1,1,2,0,0,0,0,0,0,0,4
SL050,34022222089,3,3,1,2,0,0,0,0,0,0,3,1,0,0,3,0,0,0,0,0,6,4,1,2,3,0,0,0,0,0,16
SL050,34022222090,8,0,1,0,0,0,0,0,0,0,8,0,0,0,2,0,0,0,0,0,16,0,1,0,2,0,0,0,0,0,19
SL050,34022222094,0,0,1,0,0,0,0,0,0,0,0,0,2,0,1,0,0,0,0,0,0,0,3,0,1,0,0,0,0,0,4
SL050,34022222095,1,0,0,2,1,0,0,0,0,0,0,0,0,0,0,0,0,0,0,0,1,0,0,2,1,0,0,0,0,0,4
SL050,34022222096,2,0,1,0,0,0,0,0,0,0,2,1,0,0,2,0,0,2,0,0,4,1,1,0,2,0,0,2,0,0,10
SL050,34022222099,8,1,0,7,1,0,0,0,0,0,7,3,1,3,2,0,0,0,0,0,15,4,1,10,3,0,0,0,0,0,33
SL050,34022222102,5,0,1,0,0,0,0,0,0,0,3,0,3,0,0,0,0,0,0,0,8,0,4,0,0,0,0,0,0,0,12
SL050,34022222103,3,0,4,1,12,1,0,0,1,0,3,0,7,1,16,0,0,0,0,0,6,0,11,2,28,1,0,0,1,0,49
SL050,34022222105,1,0,0,0,2,0,0,0,0,0,1,0,0,0,5,0,0,0,0,0,2,0,0,0,7,0,0,0,0,0,9
SL050,34022222107,0,0,0,0,0,0,0,0,0,0,3,0,0,0,1,0,0,0,0,0,3,0,0,0,1,0,0,0,0,0,4
SL050,34022222109,6,5,1,0,1,0,0,0,0,0,10,8,0,0,2,0,0,0,0,0,16,13,1,0,3,0,0,0,0,0,33
SL050,34022222110,17,8,0,6,0,0,1,0,0,0,11,9,1,2,7,0,0,1,0,0,28,17,1,8,7,0,1,1,0,0,63
SL050,34022222111,1,0,0,1,4,0,0,0,0,0,6,0,0,0,4,0,0,0,0,0,7,0,0,1,8,0,0,0,0,0,16
SL050,34022222112,888,26,343,338,111,2,15,18,1,1,954,34,213,58,166,3,4,14,3,1,1842,60,556,396,277,5,19,32,4,2,3193
SL050,34022222113,20,0,0,1,1,0,0,0,0,0,12,0,0,1,6,0,0,0,0,0,32,0,0,2,7,0,0,0,0,0,41
SL050,34022222114,2,0,0,0,0,0,0,0,0,0,0,0,0,0,0,0,0,0,0,0,2,0,0,0,0,0,0,0,0,0,2
SL050,34022222115,12,1,1,0,7,0,0,0,0,0,14,0,0,0,9,0,0,2,0,0,26,1,1,0,16,0,0,2,0,0,46
SL050,34022222116,66,0,29,0,21,0,0,0,0,0,62,1,20,0,31,0,0,0,0,0,128,1,49,0,52,0,0,0,0,0,230
SL050,34022222117,160,7,4,10,42,0,1,1,6,10,170,5,6,1,54,0,0,3,2,14,330,12,10,11,96,0,1,4,8,24,496
SL050,34022222119,11,1,7,6,10,0,9,0,0,0,23,2,7,4,17,1,3,0,1,0,34,3,14,10,27,1,12,0,1,0,102
SL050,34022222124,2,2,1,1,2,1,1,0,0,0,1,0,1,0,1,0,1,0,0,0,3,2,2,1,3,1,2,0,0,0,14
SL050,34022222125,755,155,551,589,974,19,28,96,18,3,892,167,415,217,1584,24,11,127,27,2,1647,322,966,806,2558,43,39,223,45,5,6654
SL050,34022222126,0,0,2,0,0,0,0,0,0,0,0,0,2,0,0,0,0,0,0,0,0,0,4,0,0,0,0,0,0,0,4
SL050,34022222127,5,1,7,0,3,1,0,0,1,0,2,1,5,0,10,3,0,2,1,0,7,2,12,0,13,4,0,2,2,0,42
SL050,34022222128,6,0,1,2,2,0,0,0,0,0,4,0,0,1,2,0,0,0,0,0,10,0,1,3,4,0,0,0,0,0,18
SL050,34022222129,28,2,1,0,3,0,1,0,0,0,21,0,0,2,7,0,0,0,0,0,49,2,1,2,10,0,1,0,0,0,65
SL050,34022222130,158,22,21,7,370,11,1,15,1,1,191,28,25,10,532,14,2,20,3,0,349,50,46,17,902,25,3,35,4,1,1432
SL050,34022222131,0,0,0,0,0,0,0,0,0,0,0,0,0,0,1,0,0,0,0,0,0,0,0,0,1,0,0,0,0,0,1
SL050,34022222133,11,0,1,1,0,0,0,0,0,0,14,0,1,0,0,0,0,0,0,0,25,0,2,1,0,0,0,0,0,0,28
SL050,34022222135,0,1,0,0,2,0,0,0,0,0,2,2,0,0,4,0,0,0,0,0,2,3,0,0,6,0,0,0,0,0,11
SL050,34022222136,24,3,0,2,7,0,0,0,0,0,24,4,1,0,14,0,0,0,0,0,48,7,1,2,21,0,0,0,0,0,79
SL050,34022222137,30,0,4,2,2,0,0,0,0,1,18,4,2,0,4,0,0,1,0,0,48,4,6,2,6,0,0,1,0,1,68
SL050,34022222139,5,0,1,0,0,0,0,0,0,0,2,0,1,0,0,0,0,0,0,0,7,0,2,0,0,0,0,0,0,0,9
SL050,34022222141,0,0,0,0,0,0,0,0,0,0,0,0,0,0,2,0,0,0,0,0,0,0,0,0,2,0,0,0,0,0,2
SL050,34022222142,7,2,0,0,0,0,0,0,0,0,4,2,0,0,1,0,1,0,0,0,11,4,0,0,1,0,1,0,0,0,17
SL050,34022222143,5,2,0,0,3,0,0,0,0,0,7,2,1,0,1,0,0,0,0,0,12,4,1,0,4,0,0,0,0,0,21
SL050,34022222144,6,0,1,0,3,0,0,0,0,0,3,0,0,0,6,0,0,0,0,0,9,0,1,0,9,0,0,0,0,0,19
SL050,34022222149,6,0,0,1,0,0,0,0,0,0,3,0,0,0,2,0,0,0,0,0,9,0,0,1,2,0,0,0,0,0,12
SL050,34022222150,10,1,1,0,1,0,0,0,0,0,6,1,0,0,2,0,0,0,0,0,16,2,1,0,3,0,0,0,0,0,22
SL050,34022222151,0,0,0,0,1,0,0,0,0,0,1,0,1,0,0,0,0,0,0,0,1,0,1,0,1,0,0,0,0,0,3
SL050,34022222155,3,0,0,0,0,0,0,0,0,0,2,0,0,0,1,0,0,0,0,0,5,0,0,0,1,0,0,0,0,0,6
SL050,34022222156,6,3,1,0,12,0,0,0,7,0,10,3,2,0,6,0,0,0,7,0,16,6,3,0,18,0,0,0,14,0,57
SL050,34022222157,3,0,0,1,1,0,0,0,0,0,8,0,0,0,4,0,0,0,0,0,11,0,0,1,5,0,0,0,0,0,17
SL050,34022222158,480,67,425,239,183,4,22,17,4,0,463,85,326,78,252,3,6,15,7,0,943,152,751,317,435,7,28,32,11,0,2676
SL050,34022222160,12,0,3,1,0,1,0,0,0,1,9,0,0,0,0,0,0,0,0,0,21,0,3,1,0,1,0,0,0,1,27
SL050,34022222162,9,1,0,0,0,0,0,0,0,0,10,2,0,0,2,0,0,0,0,0,19,3,0,0,2,0,0,0,0,0,24
SL050,34022222163,12,0,1,0,4,0,0,1,0,0,6,2,0,0,5,0,0,2,0,0,18,2,1,0,9,0,0,3,0,0,33
SL050,34022222164,0,0,0,0,0,0,0,0,0,0,1,0,0,0,0,0,0,0,0,0,1,0,0,0,0,0,0,0,0,0,1
SL050,34022222165,4,1,1,1,1,0,0,0,0,0,3,2,1,0,9,0,0,0,0,0,7,3,2,1,10,0,0,0,0,0,23
SL050,34022222167,21,1,30,47,4,0,0,0,0,0,30,0,12,3,6,0,0,0,0,0,51,1,42,50,10,0,0,0,0,0,154
SL050,34022222168,1,0,0,0,0,0,0,0,0,0,0,1,0,0,0,0,0,0,0,0,1,1,0,0,0,0,0,0,0,0,2
SL050,34022222170,14,3,0,1,7,0,0,0,0,0,10,1,0,0,5,0,0,0,0,0,24,4,0,1,12,0,0,0,0,0,41
SL050,34022222172,19,1,0,0,2,0,0,0,0,0,22,0,0,0,4,0,0,0,0,0,41,1,0,0,6,0,0,0,0,0,48
SL050,34022222173,2,0,3,0,1,0,0,0,0,0,3,1,3,0,2,0,0,0,0,0,5,1,6,0,3,0,0,0,0,0,15
SL050,34022222174,21,0,4,0,9,0,0,0,0,0,16,0,3,0,12,2,0,0,0,0,37,0,7,0,21,2,0,0,0,0,67
SL050,34022222175,0,0,4,3,1,0,0,0,0,0,0,0,4,1,4,0,0,0,0,0,0,0,8,4,5,0,0,0,0,0,17
SL050,34022222176,1,1,0,0,0,0,0,0,0,0,4,1,0,0,0,0,0,0,0,0,5,2,0,0,0,0,0,0,0,0,7
SL050,34022222177,3,0,0,0,0,0,0,0,0,0,4,0,0,0,1,0,0,0,0,0,7,0,0,0,1,0,0,0,0,0,8
SL050,34022222178,1,0,0,0,4,0,0,0,0,0,1,2,0,0,1,0,0,0,0,0,2,2,0,0,5,0,0,0,0,0,9
SL050,34022222181,1,0,0,0,0,0,0,0,0,0,2,1,0,0,0,0,0,0,0,0,3,1,0,0,0,0,0,0,0,0,4
SL050,34022222182,3,1,0,0,1,0,0,0,0,0,4,2,0,0,3,0,0,0,0,0,7,3,0,0,4,0,0,0,0,0,14
SL050,34022222184,1,0,0,0,2,0,0,0,0,0,1,0,0,0,6,0,0,0,0,0,2,0,0,0,8,0,0,0,0,0,10
SL050,34022222186,1,1,0,0,2,0,0,0,0,0,0,0,0,0,0,0,0,0,0,0,1,1,0,0,2,0,0,0,0,0,4
SL050,34022222187,13,0,0,0,0,0,0,0,1,0,11,0,1,0,7,0,0,0,0,0,24,0,1,0,7,0,0,0,1,0,33
SL050,34022222188,4,0,0,0,0,0,0,0,0,0,6,0,0,0,3,0,0,0,0,0,10,0,0,0,3,0,0,0,0,0,13
SL050,34022222189,2,0,0,0,3,0,0,0,0,0,4,0,0,0,2,0,0,0,0,0,6,0,0,0,5,0,0,0,0,0,11
SL050,34022222190,5,0,2,0,0,0,0,0,0,0,1,1,1,0,0,0,0,0,0,0,6,1,3,0,0,0,0,0,0,0,10
SL050,34022222193,3,0,4,0,0,0,0,0,0,0,4,0,1,0,0,0,0,0,2,0,7,0,5,0,0,0,0,0,2,0,14
SL050,34022222195,2,0,0,1,5,0,0,0,0,0,2,2,0,0,6,0,0,0,0,0,4,2,0,1,11,0,0,0,0,0,18
SL050,34022222197,8,0,11,2,4,0,0,0,0,0,6,0,6,0,5,1,0,0,0,0,14,0,17,2,9,1,0,0,0,0,43
SL050,34022222199,315,25,95,12,154,0,4,8,1,0,267,18,73,12,217,0,4,8,6,0,582,43,168,24,371,0,8,16,7,0,1219
SL050,34022222200,5,0,0,0,5,0,0,0,0,0,5,0,0,1,6,0,0,0,0,0,10,0,0,1,11,0,0,0,0,0,22
SL050,34022222201,1,1,2,0,2,0,0,0,0,0,3,0,1,0,3,0,0,0,0,0,4,1,3,0,5,0,0,0,0,0,13
SL050,34022222202,2,0,8,0,0,0,0,0,0,0,1,0,1,0,1,0,0,0,0,0,3,0,9,0,1,0,0,0,0,0,13
SL050,34022222203,7,0,0,0,0,0,0,0,0,0,5,0,0,0,0,0,0,0,0,0,12,0,0,0,0,0,0,0,0,0,12
SL050,34022222204,44,5,4,2,38,1,0,0,0,1,36,3,2,0,47,0,0,0,0,1,80,8,6,2,85,1,0,0,0,2,184
SL050,34022222205,6,1,0,1,4,0,0,0,0,0,9,2,0,0,7,1,0,0,0,0,15,3,0,1,11,1,0,0,0,0,31
SL050,34022222206,14,1,0,0,1,0,0,0,0,0,11,0,0,0,0,0,0,0,0,0,25,1,0,0,1,0,0,0,0,0,27
SL050,34022222207,2,0,0,1,0,0,0,0,0,0,1,0,0,0,1,1,0,0,0,0,3,0,0,1,1,1,0,0,0,0,6
SL050,34022222208,6,0,0,0,2,0,0,0,0,0,1,1,0,0,0,0,0,0,0,0,7,1,0,0,2,0,0,0,0,0,10
SL050,34022222209,5,1,0,0,4,0,0,0,0,0,1,0,0,0,0,0,0,0,0,0,6,1,0,0,4,0,0,0,0,0,11
SL050,34022222212,1,0,0,1,0,0,0,0,0,0,3,0,0,0,0,0,0,0,0,0,4,0,0,1,0,0,0,0,0,0,5
SL050,34022222213,212,18,105,42,35,1,6,1,1,0,182,15,73,10,48,0,2,3,0,0,394,33,178,52,83,1,8,4,1,0,754
SL050,34022222214,3,1,0,0,0,2,0,0,0,0,2,2,0,0,0,1,0,0,0,0,5,3,0,0,0,3,0,0,0,0,11
SL050,34022222215,2,0,0,0,0,0,0,0,0,0,2,1,0,0,1,2,0,0,0,0,4,1,0,0,1,2,0,0,0,0,8
SL050,34022222217,9,4,12,18,0,0,0,0,0,0,6,0,11,2,11,0,0,0,0,0,15,4,23,20,11,0,0,0,0,0,73
SL050,34022222218,0,0,0,0,1,0,0,0,0,0,0,0,0,0,0,0,0,0,0,0,0,0,0,0,1,0,0,0,0,0,1
SL050,34022222220,3,0,0,0,1,0,0,0,0,0,1,0,0,0,0,0,0,0,0,1,4,0,0,0,1,0,0,0,0,1,6
SL050,34022222221,0,0,0,0,1,0,0,0,0,0,2,0,0,0,2,0,0,0,0,0,2,0,0,0,3,0,0,0,0,0,5
SL050,34022222222,16,1,0,0,7,0,0,1,0,0,17,2,0,0,5,0,0,2,0,0,33,3,0,0,12,0,0,3,0,0,51
SL050,34022222223,3,0,0,0,0,0,0,0,0,0,6,0,0,0,0,0,0,0,0,0,9,0,0,0,0,0,0,0,0,0,9
SL050,34022222225,83,6,27,168,31,0,0,3,0,0,86,3,13,27,30,0,0,5,2,0,169,9,40,195,61,0,0,8,2,0,484
SL050,34022222226,11,2,16,3,6,0,0,0,0,0,9,4,9,2,7,0,0,0,0,0,20,6,25,5,13,0,0,0,0,0,69
SL050,34022222227,8,0,1,1,1,0,0,0,0,0,11,0,4,0,5,0,0,0,0,0,19,0,5,1,6,0,0,0,0,0,31
SL050,34022222228,13,1,0,0,5,0,0,0,0,0,13,1,1,0,4,1,0,0,0,1,26,2,1,0,9,1,0,0,0,1,40
SL050,34022222229,4,0,0,0,2,0,0,0,0,0,0,2,0,0,4,0,0,1,0,0,4,2,0,0,6,0,0,1,0,0,13
SL050,34022222230,0,0,0,1,5,0,0,0,0,0,2,0,0,0,2,0,0,0,0,0,2,0,0,1,7,0,0,0,0,0,10
SL050,34022222232,1,1,5,0,0,0,0,0,0,0,2,0,2,0,1,0,0,0,0,0,3,1,7,0,1,0,0,0,0,0,12
SL050,34022222233,2,0,0,0,0,0,0,0,0,0,7,0,0,0,0,0,0,0,0,0,9,0,0,0,0,0,0,0,0,0,9
SL050,34022222234,73,2,28,79,10,0,1,0,0,0,119,1,9,2,6,0,2,0,0,0,192,3,37,81,16,0,3,0,0,0,332
SL050,34022222236,3,0,1,0,0,0,0,0,0,0,7,0,0,0,3,0,0,0,0,0,10,0,1,0,3,0,0,0,0,0,14
SL050,34022222239,2,0,2,0,1,0,0,0,0,0,2,0,0,0,1,0,0,0,0,0,4,0,2,0,2,0,0,0,0,0,8
SL050,34022222242,0,0,0,0,0,0,0,0,0,0,0,0,0,0,1,0,0,0,0,0,0,0,0,0,1,0,0,0,0,0,1
SL050,34022222245,17,0,25,17,0,0,0,0,0,0,19,0,25,0,0,0,0,0,0,0,36,0,50,17,0,0,0,0,0,0,103
SL050,34022222246,3,0,0,0,1,0,0,0,0,0,2,0,0,0,0,1,0,0,0,0,5,0,0,0,1,1,0,0,0,0,7
SL050,34022222247,5,0,0,0,0,0,0,0,0,0,2,0,0,0,0,0,0,0,0,0,7,0,0,0,0,0,0,0,0,0,7
SL050,34022222249,4,0,0,0,2,0,0,0,0,0,4,1,0,0,4,0,0,0,0,0,8,1,0,0,6,0,0,0,0,0,15
SL050,34022222250,9,0,2,3,7,1,0,0,0,0,10,0,1,4,3,0,0,0,0,0,19,0,3,7,10,1,0,0,0,0,40
SL050,34022222251,3,1,3,0,1,0,0,0,0,0,8,1,1,0,8,0,0,0,0,0,11,2,4,0,9,0,0,0,0,0,26
SL050,34022222252,2,0,0,0,0,0,0,0,0,0,2,0,0,0,2,0,0,0,0,0,4,0,0,0,2,0,0,0,0,0,6
SL050,34022222253,0,0,0,0,0,0,0,0,0,0,2,0,0,0,0,0,0,0,0,0,2,0,0,0,0,0,0,0,0,0,2
SL050,34022222254,180,17,50,47,1,0,0,0,0,0,163,11,20,2,0,0,0,0,0,0,343,28,70,49,1,0,0,0,0,0,491
SL050,34022222901,9,0,0,0,5,0,0,0,0,0,15,3,0,0,10,0,0,0,0,0,24,3,0,0,15,0,0,0,0,0,42
SL050,34022222902,6,0,1,0,3,0,0,0,0,0,5,0,2,0,7,0,0,0,0,0,11,0,3,0,10,0,0,0,0,0,24
SL050,34022222903,26,2,0,5,1,1,0,0,0,0,27,0,0,1,9,0,0,0,0,0,53,2,0,6,10,1,0,0,0,0,72
SL050,34022222904,10,3,5,0,7,0,0,0,1,0,13,0,5,0,7,0,0,0,0,0,23,3,10,0,14,0,0,0,1,0,51
SL050,34022222905,5,0,4,0,4,0,0,0,0,0,7,0,3,0,6,0,0,0,1,0,12,0,7,0,10,0,0,0,1,0,30
SL050,34022222906,1,0,0,0,8,0,0,0,0,0,4,0,0,0,7,0,0,0,0,0,5,0,0,0,15,0,0,0,0,0,20
SL050,34022222907,157,6,18,1,48,5,0,1,0,3,141,4,21,1,79,0,0,0,1,1,298,10,39,2,127,5,0,1,1,4,487
SL050,34022222908,4,1,0,0,4,1,0,0,0,0,3,3,0,0,1,0,0,0,0,0,7,4,0,0,5,1,0,0,0,0,17
SL050,34022222909,9,2,4,1,3,0,0,0,0,0,5,0,1,0,6,0,0,0,0,0,14,2,5,1,9,0,0,0,0,0,31
SL050,34012323001,3,1,1,2,0,0,0,0,0,0,3,1,0,1,3,0,0,0,0,0,6,2,1,3,3,0,0,0,0,0,15
SL050,34012323002,239,58,109,44,58,3,6,3,3,0,230,65,70,26,123,3,0,10,2,0,469,123,179,70,181,6,6,13,5,0,1052
SL050,34012323003,49,4,18,69,16,0,3,6,3,0,62,8,12,9,67,0,2,6,0,0,111,12,30,78,83,0,5,12,3,0,334
SL050,34012323004,3,0,0,0,5,0,0,0,0,0,2,0,0,0,6,0,0,0,0,0,5,0,0,0,11,0,0,0,0,0,16
SL050,34012323005,118,27,119,22,104,1,27,16,3,0,138,35,106,9,188,2,24,21,1,2,256,62,225,31,292,3,51,37,4,2,963
SL050,34012323006,10,2,7,0,3,0,2,1,0,0,9,2,7,0,17,0,0,4,0,0,19,4,14,0,20,0,2,5,0,0,64
SL050,34012323007,9,3,17,0,6,0,0,2,0,0,6,2,8,0,12,0,0,2,0,0,15,5,25,0,18,0,0,4,0,0,67
SL050,34012323008,9,0,9,2,3,0,0,0,0,0,3,0,2,0,1,0,0,1,0,0,12,0,11,2,4,0,0,1,0,0,30
SL050,34012323009,48,3,182,25,50,1,4,4,0,1,60,6,141,15,80,3,2,8,0,0,108,9,323,40,130,4,6,12,0,1,633
SL050,34012323010,44,7,78,7,23,0,21,14,1,0,42,10,47,7,45,1,12,7,2,0,86,17,125,14,68,1,33,21,3,0,368
SL050,34012323011,4,0,5,4,2,0,0,0,0,0,6,0,4,1,5,0,0,1,0,0,10,0,9,5,7,0,0,1,0,0,32
SL050,34012323012,29,1,212,7,7,0,0,2,0,0,21,3,73,2,23,0,0,4,2,0,50,4,285,9,30,0,0,6,2,0,386
SL050,34012323014,9,0,1,2,7,0,0,0,0,0,7,3,1,2,16,0,0,0,0,0,16,3,2,4,23,0,0,0,0,0,48
SL050,34012323015,3,0,13,0,0,0,0,0,0,0,7,2,6,0,1,0,0,0,0,0,10,2,19,0,1,0,0,0,0,0,32
SL050,34012323016,4,1,4,2,1,0,0,0,0,0,7,0,1,0,8,0,0,0,0,0,11,1,5,2,9,0,0,0,0,0,28
SL050,34012323017,7,0,9,0,2,0,0,0,0,0,11,2,2,0,1,0,0,0,0,0,18,2,11,0,3,0,0,0,0,0,34
SL050,34012323018,11,1,31,0,3,0,0,0,0,0,6,0,8,0,10,0,0,0,0,0,17,1,39,0,13,0,0,0,0,0,70
SL050,34012323019,5,0,22,8,14,0,0,0,0,0,3,0,11,1,11,0,0,0,0,0,8,0,33,9,25,0,0,0,0,0,75
SL050,34012323020,4,4,25,48,2,0,0,0,0,0,2,3,12,0,6,0,0,0,0,0,6,7,37,48,8,0,0,0,0,0,106
SL050,34012323021,0,1,0,3,2,0,0,0,0,0,0,0,2,0,2,0,0,0,0,0,0,1,2,3,4,0,0,0,0,0,10
SL050,34012323024,45,8,30,3,30,0,46,10,0,0,54,17,18,3,64,0,24,12,1,0,99,25,48,6,94,0,70,22,1,0,365
SL050,34012323025,4,0,19,7,4,0,0,0,0,0,4,0,9,2,11,0,0,1,0,0,8,0,28,9,15,0,0,1,0,0,61
SL050,34012323026,79,16,8,15,19,0,0,2,0,1,66,21,2,0,34,1,0,1,0,0,145,37,10,15,53,1,0,3,0,1,265
SL050,34012323027,1,0,0,3,0,0,0,0,0,0,2,0,0,2,2,0,0,1,0,0,3,0,0,5,2,0,0,1,0,0,11
SL050,34012323028,65,2,43,5,29,1,1,6,0,0,45,3,29,0,37,0,0,9,0,0,110,5,72,5,66,1,1,15,0,0,275
SL050,34012323029,19,0,27,3,0,0,0,0,0,0,5,0,8,0,2,0,0,0,0,0,24,0,35,3,2,0,0,0,0,0,64
SL050,34012323030,7,0,1,8,0,0,0,0,0,0,7,1,3,1,4,0,0,0,0,0,14,1,4,9,4,0,0,0,0,0,32
SL050,34012323031,0,0,14,0,1,0,0,0,0,0,3,0,3,0,10,0,0,0,0,0,3,0,17,0,11,0,0,0,0,0,31
SL050,34012323032,1,0,5,0,0,0,0,0,0,0,2,0,1,0,1,0,0,0,0,0,3,0,6,0,1,0,0,0,0,0,10
SL050,34012323033,22,0,0,1,10,0,0,0,0,0,27,0,0,0,11,0,0,0,0,0,49,0,0,1,21,0,0,0,0,0,71
SL050,34012323034,33,0,4,17,21,0,3,1,0,0,33,2,1,1,25,0,0,0,0,0,66,2,5,18,46,0,3,1,0,0,141
SL050,34012323035,2,1,25,5,16,0,0,0,0,0,5,3,2,0,13,1,0,0,0,0,7,4,27,5,29,1,0,0,0,0,73
SL050,34012323037,10,0,7,3,0,0,0,0,0,0,9,0,0,0,4,0,0,1,0,0,19,0,7,3,4,0,0,1,0,0,34
SL050,34012323038,20,0,6,1,14,0,0,4,2,0,14,4,7,1,15,0,0,4,1,0,34,4,13,2,29,0,0,8,3,0,93
SL050,34012323039,4,0,32,2,2,0,0,0,0,0,3,0,20,3,7,0,0,1,0,0,7,0,52,5,9,0,0,1,0,0,74
SL050,34012323040,1,0,2,5,1,0,0,0,0,0,5,0,2,0,2,0,0,0,0,0,6,0,4,5,3,0,0,0,0,0,18
SL050,34012323041,0,0,15,2,1,0,0,0,0,0,0,0,2,0,5,0,0,1,0,0,0,0,17,2,6,0,0,1,0,0,26
SL050,34012323042,7,5,2,0,0,0,0,0,0,0,7,5,1,0,0,0,0,0,0,0,14,10,3,0,0,0,0,0,0,0,27
SL050,34012323043,2,0,2,0,0,0,0,0,1,0,2,0,0,0,1,0,0,0,0,0,4,0,2,0,1,0,0,0,1,0,8
SL050,34012323044,15,3,38,1,5,0,0,2,0,0,19,2,25,0,14,0,0,2,0,0,34,5,63,1,19,0,0,4,0,0,126
SL050,34012323045,10,6,7,0,3,0,0,0,0,0,5,9,4,0,26,0,0,0,0,0,15,15,11,0,29,0,0,0,0,0,70
SL050,34012323046,2,1,69,0,0,0,0,0,0,0,3,2,35,0,14,0,0,0,0,0,5,3,104,0,14,0,0,0,0,0,126
SL050,34012323047,28,1,3,1,5,1,0,0,0,0,15,1,0,1,10,0,0,0,0,0,43,2,3,2,15,1,0,0,0,0,66
SL050,34012323048,4,0,18,4,0,0,0,0,0,0,3,1,1,0,1,0,0,1,0,0,7,1,19,4,1,0,0,1,0,0,33
SL050,34012323049,6,1,2,0,3,0,0,0,0,0,7,0,1,0,3,0,0,0,0,0,13,1,3,0,6,0,0,0,0,0,23
SL050,34012323050,298,57,449,212,781,16,152,86,19,2,307,106,362,60,1222,18,70,154,13,4,605,163,811,272,2003,34,222,240,32,6,4388
SL050,34012323051,1,0,9,0,11,0,0,0,0,0,1,0,6,0,17,1,0,0,0,0,2,0,15,0,28,1,0,0,0,0,46
SL050,34012323052,1,1,2,1,4,0,0,0,0,0,1,0,7,0,3,0,0,1,0,0,2,1,9,1,7,0,0,1,0,0,21
SL050,34012323053,17,0,21,0,9,0,10,7,0,0,17,1,19,0,16,0,0,3,0,0,34,1,40,0,25,0,10,10,0,0,120
SL050,34012323054,1,0,0,0,0,0,0,0,0,0,4,0,0,0,2,0,0,0,0,0,5,0,0,0,2,0,0,0,0,0,7
SL050,34012323055,172,21,253,37,179,6,204,54,12,1,201,37,177,15,335,9,133,56,8,2,373,58,430,52,514,15,337,110,20,3,1912
SL050,34012323056,7,0,16,0,4,0,3,1,0,1,5,2,15,2,11,0,0,2,0,0,12,2,31,2,15,0,3,3,0,1,69
SL050,34012323057,2,0,4,1,1,0,0,0,0,0,4,0,2,0,3,0,0,0,0,0,6,0,6,1,4,0,0,0,0,0,17
SL050,34012323058,24,6,123,3,45,0,3,8,1,0,29,13,68,1,71,0,1,10,1,0,53,19,191,4,116,0,4,18,2,0,407
SL050,34012323059,32,0,12,2,6,0,4,2,0,0,24,1,14,0,13,1,0,1,0,0,56,1,26,2,19,1,4,3,0,0,112
SL050,34012323060,116,20,283,7,127,2,8,21,2,0,112,42,254,3,152,3,5,36,3,1,228,62,537,10,279,5,13,57,5,1,1197
SL050,34012323061,24,4,59,1,29,0,5,6,0,0,25,10,39,1,37,0,3,4,0,0,49,14,98,2,66,0,8,10,0,0,247
SL050,34012323062,10,0,45,3,1,0,0,0,0,0,4,0,13,0,1,0,0,0,0,0,14,0,58,3,2,0,0,0,0,0,77
SL050,34012323063,2,0,9,4,3,0,0,3,1,0,9,0,6,0,13,0,0,1,0,0,11,0,15,4,16,0,0,4,1,0,51
SL050,34012323064,10,0,1,19,2,0,0,0,0,0,14,4,0,0,8,0,0,0,0,0,24,4,1,19,10,0,0,0,0,0,58
SL050,34012323065,4,0,11,6,2,0,0,0,0,0,4,1,3,0,5,0,0,0,0,0,8,1,14,6,7,0,0,0,0,0,36
SL050,34012323066,25,1,24,36,10,0,0,2,0,0,21,1,24,7,21,1,0,3,0,0,46,2,48,43,31,1,0,5,0,0,176
SL050,34012323067,9,0,13,0,3,0,0,0,0,0,8,2,5,1,8,0,0,1,0,0,17,2,18,1,11,0,0,1,0,0,50
SL050,34012323069,39,1,57,10,20,0,0,2,0,1,33,2,33,0,26,0,0,3,0,0,72,3,90,10,46,0,0,5,0,1,227
SL050,34012323070,15,11,35,5,40,0,4,2,0,0,19,8,7,2,47,0,1,5,0,0,34,19,42,7,87,0,5,7,0,0,201
SL050,34012323071,6,2,22,9,13,0,0,0,0,0,6,5,13,0,26,1,0,0,0,0,12,7,35,9,39,1,0,0,0,0,103
SL050,34012323072,12,0,22,11,8,0,0,2,0,0,14,2,3,1,10,1,0,1,0,0,26,2,25,12,18,1,0,3,0,0,87
SL050,34012323073,46,5,15,2,10,0,0,2,0,0,30,7,16,1,16,0,0,1,1,0,76,12,31,3,26,0,0,3,1,0,152
SL050,34012323074,4,1,12,6,5,0,8,0,0,0,4,4,5,0,13,0,3,1,1,0,8,5,17,6,18,0,11,1,1,0,67
SL050,34012323075,12,1,9,2,0,0,0,0,0,0,11,0,6,0,3,0,0,0,0,0,23,1,15,2,3,0,0,0,0,0,44
SL050,34012323076,5,1,0,0,1,0,0,0,0,0,8,1,0,0,8,0,0,1,0,0,13,2,0,0,9,0,0,1,0,0,25
SL050,34012323077,9,0,2,5,1,0,0,0,0,0,2,1,0,0,3,0,0,0,0,0,11,1,2,5,4,0,0,0,0,0,23
SL050,34012323079,5,1,57,14,4,2,2,0,0,0,5,1,28,0,7,1,0,1,0,0,10,2,85,14,11,3,2,1,0,0,128
SL050,34012323080,34,1,8,9,3,0,0,0,0,0,40,3,2,0,8,1,0,0,0,0,74,4,10,9,11,1,0,0,0,0,109
SL050,34012323081,5,2,17,4,4,0,0,0,0,0,7,2,7,0,6,0,0,0,0,0,12,4,24,4,10,0,0,0,0,0,54
SL050,34012323082,10,0,3,3,5,0,0,0,0,0,10,3,8,0,12,0,0,0,0,0,20,3,11,3,17,0,0,0,0,0,54
SL050,34012323084,1,2,45,6,0,0,0,0,0,0,1,3,20,1,4,0,0,0,0,0,2,5,65,7,4,0,0,0,0,0,83
SL050,34012323085,10,0,7,0,3,0,0,0,0,0,5,2,2,0,9,0,0,0,0,0,15,2,9,0,12,0,0,0,0,0,38
SL050,34012323086,67,14,50,8,46,0,3,4,1,0,55,12,33,2,61,3,0,6,0,0,122,26,83,10,107,3,3,10,1,0,365
SL050,34012323087,58,8,50,5,17,1,6,9,1,1,39,14,25,0,47,0,1,14,1,2,97,22,75,5,64,1,7,23,2,3,299
SL050,34012323088,19,2,19,7,9,0,2,1,0,0,28,4,20,0,16,1,1,2,0,0,47,6,39,7,25,1,3,3,0,0,131
SL050,34012323090,2,0,17,5,3,0,0,0,0,0,1,0,4,0,5,0,0,0,0,0,3,0,21,5,8,0,0,0,0,0,37
SL050,34012323091,2,0,1,1,5,0,0,0,0,0,2,0,1,0,7,0,0,0,0,0,4,0,2,1,12,0,0,0,0,0,19
SL050,34012323092,147,11,153,28,155,2,9,39,8,1,154,40,100,7,226,10,7,36,7,0,301,51,253,35,381,12,16,75,15,1,1140
SL050,34012323093,17,6,12,4,4,0,0,1,0,2,19,10,9,1,6,1,0,1,0,4,36,16,21,5,10,1,0,2,0,6,97
SL050,34012323094,11,0,42,3,13,0,0,1,0,0,9,1,18,1,18,2,0,1,0,0,20,1,60,4,31,2,0,2,0,0,120
SL050,34012323095,55,5,151,39,14,0,2,3,0,0,47,8,67,1,33,0,0,3,0,0,102,13,218,40,47,0,2,6,0,0,428
SL050,34012323096,13,2,35,6,3,0,0,2,0,0,6,3,28,3,3,0,0,3,0,0,19,5,63,9,6,0,0,5,0,0,107
SL050,34012323097,19,2,325,40,20,1,2,2,0,0,17,4,131,9,31,0,1,7,0,1,36,6,456,49,51,1,3,9,0,1,612
SL050,34012323098,1,0,9,11,0,0,0,0,0,0,6,1,2,0,5,1,0,0,0,0,7,1,11,11,5,1,0,0,0,0,36
SL050,34012323099,12,1,7,4,22,1,1,1,0,0,10,4,1,0,29,1,0,2,0,0,22,5,8,4,51,2,1,3,0,0,96
SL050,34012323101,3,0,5,3,1,0,0,0,0,0,1,0,1,2,3,0,0,0,0,0,4,0,6,5,4,0,0,0,0,0,19
SL050,34012323901,5,0,18,6,5,0,0,0,0,0,8,2,3,0,4,0,0,0,0,0,13,2,21,6,9,0,0,0,0,0,51
SL050,34012323902,3,0,4,0,0,0,0,0,0,0,7,0,2,0,4,0,0,1,0,0,10,0,6,0,4,0,0,1,0,0,21
SL050,34012323903,5,0,64,0,2,0,0,2,0,0,7,1,41,1,18,0,0,0,0,0,12,1,105,1,20,0,0,2,0,0,141
SL050,34012323904,8,0,1,2,6,0,0,0,0,0,5,2,0,0,9,0,0,0,0,0,13,2,1,2,15,0,0,0,0,0,33
SL050,34012323905,39,2,35,14,13,0,0,0,0,1,31,0,10,1,21,0,0,1,0,0,70,2,45,15,34,0,0,1,0,1,168
SL050,34072424001,0,0,0,0,0,0,0,0,0,0,0,0,0,0,3,0,0,0,0,0,0,0,0,0,3,0,0,0,0,0,3
SL050,34072424002,1,0,15,0,0,0,0,0,0,0,0,0,9,0,1,0,0,0,0,0,1,0,24,0,1,0,0,0,0,0,26
SL050,34072424003,10,0,0,0,1,0,0,0,0,0,11,2,0,0,2,1,0,0,0,0,21,2,0,0,3,1,0,0,0,0,27
SL050,34072424004,12,0,15,0,1,0,0,0,0,0,3,0,9,0,6,0,0,0,0,0,15,0,24,0,7,0,0,0,0,0,46
SL050,34072424005,2,0,0,0,1,0,0,0,0,0,1,0,1,0,1,0,0,0,0,0,3,0,1,0,2,0,0,0,0,0,6
SL050,34072424006,6,0,3,0,12,0,0,0,0,0,6,0,4,0,10,0,0,0,0,0,12,0,7,0,22,0,0,0,0,0,41
SL050,34072424007,13,5,1,1,7,1,0,0,0,0,13,3,1,0,11,1,0,1,0,0,26,8,2,1,18,2,0,1,0,0,58
SL050,34072424008,106,10,80,1,54,1,4,6,0,0,106,17,71,3,94,2,0,7,0,0,212,27,151,4,148,3,4,13,0,0,562
SL050,34072424009,4,1,0,0,0,0,0,0,0,0,1,1,0,0,3,0,0,0,0,0,5,2,0,0,3,0,0,0,0,0,10
SL050,34072424010,106,17,57,3,152,0,4,6,2,0,111,17,47,4,231,1,0,8,3,0,217,34,104,7,383,1,4,14,5,0,769
SL050,34072424011,0,0,0,0,1,0,0,0,0,0,0,0,0,0,0,0,0,0,0,0,0,0,0,0,1,0,0,0,0,0,1
SL050,34072424012,0,0,0,0,3,0,0,0,0,0,1,0,0,0,1,0,0,0,0,0,1,0,0,0,4,0,0,0,0,0,5
SL050,34072424014,347,14,28,94,50,3,88,7,1,0,248,8,27,89,82,3,58,8,2,0,595,22,55,183,132,6,146,15,3,0,1157
SL050,34072424015,15,3,8,0,7,0,0,0,0,0,15,2,8,0,22,1,0,0,0,0,30,5,16,0,29,1,0,0,0,0,81
SL050,34072424016,8,0,0,0,5,0,0,0,0,0,3,0,0,0,5,1,0,0,0,0,11,0,0,0,10,1,0,0,0,0,22
SL050,34072424017,0,0,0,0,1,0,0,0,0,0,0,0,0,0,1,0,0,0,0,0,0,0,0,0,2,0,0,0,0,0,2
SL050,34072424018,0,0,1,0,1,0,0,0,0,0,0,0,4,0,1,0,0,0,0,0,0,0,5,0,2,0,0,0,0,0,7
SL050,34072424019,3,0,0,0,0,0,0,0,0,0,1,0,0,0,1,0,0,0,0,0,4,0,0,0,1,0,0,0,0,0,5
SL050,34072424020,2,0,3,0,2,0,0,0,0,0,2,0,2,0,2,0,0,0,0,0,4,0,5,0,4,0,0,0,0,0,13
SL050,34072424021,22,0,4,1,12,0,0,0,0,0,14,0,7,1,14,1,0,0,0,0,36,0,11,2,26,1,0,0,0,0,76
SL050,34072424022,2,0,0,0,1,0,0,0,0,0,2,0,0,0,1,1,0,0,0,0,4,0,0,0,2,1,0,0,0,0,7
SL050,34072424023,5,2,0,0,0,0,0,0,0,0,7,5,0,0,0,0,0,0,0,0,12,7,0,0,0,0,0,0,0,0,19
SL050,34072424024,1,0,3,0,5,0,0,0,0,0,4,1,2,0,10,1,0,0,1,0,5,1,5,0,15,1,0,0,1,0,28
SL050,34072424025,2,0,0,0,2,0,0,0,0,0,0,0,0,0,2,0,0,0,0,0,2,0,0,0,4,0,0,0,0,0,6
SL050,34072424026,3,0,3,0,3,0,0,0,0,0,2,0,4,1,4,0,0,0,0,0,5,0,7,1,7,0,0,0,0,0,20
SL050,34072424027,22,1,0,0,5,0,0,0,1,0,18,4,0,0,9,0,0,0,2,0,40,5,0,0,14,0,0,0,3,0,62
SL050,34072424028,2,0,5,0,1,0,0,0,0,0,0,0,0,0,2,0,0,0,0,0,2,0,5,0,3,0,0,0,0,0,10
SL050,34072424029,12,0,0,0,0,0,0,0,0,0,13,0,0,1,3,0,0,0,0,0,25,0,0,1,3,0,0,0,0,0,29
SL050,34072424030,134,33,9,2,35,0,0,4,1,0,119,26,5,3,69,1,0,6,0,0,253,59,14,5,104,1,0,10,1,0,447
SL050,34072424031,1,0,0,0,1,0,0,0,0,0,1,0,0,0,1,0,0,0,0,0,2,0,0,0,2,0,0,0,0,0,4
SL050,34072424032,1,0,0,0,0,0,0,0,0,0,3,1,0,0,1,0,0,0,0,0,4,1,0,0,1,0,0,0,0,0,6
SL050,34072424033,0,0,1,0,0,0,0,0,0,0,0,1,0,0,0,0,0,0,0,0,0,1,1,0,0,0,0,0,0,0,2
SL050,34072424034,63,21,5,3,42,3,0,0,0,0,56,24,5,3,73,3,0,0,2,1,119,45,10,6,115,6,0,0,2,1,304
SL050,34072424036,3,1,0,0,0,0,0,0,0,0,1,1,0,0,1,0,0,0,0,0,4,2,0,0,1,0,0,0,0,0,7
SL050,34072424037,6,0,0,0,0,0,0,0,0,0,2,0,0,0,1,0,0,0,0,0,8,0,0,0,1,0,0,0,0,0,9
SL050,34072424038,73,21,1,0,27,2,1,0,1,0,70,19,0,2,39,1,0,0,2,0,143,40,1,2,66,3,1,0,3,0,259
SL050,34072424039,14,17,14,0,11,0,0,0,0,0,22,16,11,1,16,1,0,0,0,0,36,33,25,1,27,1,0,0,0,0,123
SL050,34072424040,2,1,1,0,1,0,0,0,0,0,1,0,2,0,3,0,0,0,0,0,3,1,3,0,4,0,0,0,0,0,11
SL050,34072424041,7,1,1,0,1,0,0,0,0,0,4,1,0,0,5,0,0,0,0,0,11,2,1,0,6,0,0,0,0,0,20
SL050,34072424042,1,0,0,0,1,0,0,0,0,0,1,0,0,0,1,0,0,0,0,0,2,0,0,0,2,0,0,0,0,0,4
SL050,34072424043,0,0,0,0,0,0,0,0,0,0,0,1,0,0,1,0,0,0,0,0,0,1,0,0,1,0,0,0,0,0,2
SL050,34072424044,0,0,0,0,0,0,0,0,0,0,0,0,2,0,1,0,0,0,0,0,0,0,2,0,1,0,0,0,0,0,3
SL050,34072424046,4,1,0,0,1,0,0,0,0,0,6,0,0,0,3,0,0,0,0,0,10,1,0,0,4,0,0,0,0,0,15
SL050,34072424047,14,0,0,0,6,0,0,0,1,0,6,0,0,0,4,0,0,0,0,0,20,0,0,0,10,0,0,0,1,0,31
SL050,34072424049,59,3,3,3,11,0,0,0,0,1,35,6,1,4,14,1,0,0,0,0,94,9,4,7,25,1,0,0,0,1,141
SL050,34072424051,1,0,0,2,0,0,0,0,0,0,1,0,0,0,2,0,0,0,0,0,2,0,0,2,2,0,0,0,0,0,6
SL050,34072424052,1,0,0,0,0,0,0,0,0,0,2,0,1,0,1,0,0,0,0,0,3,0,1,0,1,0,0,0,0,0,5
SL050,34072424053,6,0,1,0,3,0,0,0,0,0,5,0,0,0,4,0,0,0,0,0,11,0,1,0,7,0,0,0,0,0,19
SL050,34072424054,5,0,1,0,2,0,0,0,0,0,5,0,0,0,3,0,0,0,1,0,10,0,1,0,5,0,0,0,1,0,17
SL050,34072424055,3,0,1,0,0,0,0,0,1,0,4,0,0,0,3,0,0,0,0,0,7,0,1,0,3,0,0,0,1,0,12
SL050,34072424056,28,1,11,2,9,1,1,2,1,0,25,1,10,1,19,0,0,1,1,0,53,2,21,3,28,1,1,3,2,0,114
SL050,34072424057,27,4,1,1,19,0,0,0,0,0,27,3,0,4,24,0,0,0,0,0,54,7,1,5,43,0,0,0,0,0,110
SL050,34072424058,0,0,2,0,5,0,0,0,0,0,1,0,2,0,5,0,0,0,0,0,1,0,4,0,10,0,0,0,0,0,15
SL050,34072424059,29,5,0,0,0,0,0,0,1,0,24,5,0,0,3,0,0,0,0,0,53,10,0,0,3,0,0,0,1,0,67
SL050,34072424060,1,4,0,0,1,0,0,0,0,0,2,2,0,0,4,1,0,0,0,0,3,6,0,0,5,1,0,0,0,0,15
SL050,34072424061,12,1,1,0,6,1,1,0,1,0,8,3,0,0,20,2,1,1,1,0,20,4,1,0,26,3,2,1,2,0,59
SL050,34072424062,0,1,0,0,1,0,0,0,0,0,0,0,0,0,2,0,0,0,0,0,0,1,0,0,3,0,0,0,0,0,4
SL050,34072424063,8,1,0,0,0,0,0,0,0,0,8,0,0,0,4,0,0,0,0,0,16,1,0,0,4,0,0,0,0,0,21
SL050,34072424064,31,7,1,2,12,0,0,1,0,0,21,5,0,1,23,0,0,1,0,0,52,12,1,3,35,0,0,2,0,0,105
SL050,34072424065,28,3,2,0,18,0,0,0,0,0,27,3,0,0,32,0,0,1,0,0,55,6,2,0,50,0,0,1,0,0,114
SL050,34072424066,2,1,0,0,4,1,0,0,0,0,1,1,0,0,9,0,0,0,0,0,3,2,0,0,13,1,0,0,0,0,19
SL050,34072424067,13,1,0,0,6,0,0,0,0,0,22,0,2,0,7,0,0,0,0,0,35,1,2,0,13,0,0,0,0,0,51
SL050,34072424068,2,0,0,0,1,0,0,0,0,0,0,2,0,0,2,0,0,0,0,0,2,2,0,0,3,0,0,0,0,0,7
SL050,34072424069,0,0,0,0,1,0,0,0,0,0,0,0,0,0,1,0,0,0,0,0,0,0,0,0,2,0,0,0,0,0,2
SL050,34072424070,89,6,1,0,13,0,2,6,0,0,86,6,0,1,23,0,2,8,0,0,175,12,1,1,36,0,4,14,0,0,243
SL050,34072424071,12,0,2,0,3,0,0,0,0,0,12,0,1,0,8,0,0,0,1,0,24,0,3,0,11,0,0,0,1,0,39
SL050,34072424073,6,0,5,2,1,0,0,0,0,0,5,0,1,0,2,0,0,0,0,0,11,0,6,2,3,0,0,0,0,0,22
SL050,34072424074,4,0,0,0,0,0,0,0,0,0,6,0,0,0,0,0,0,0,0,0,10,0,0,0,0,0,0,0,0,0,10
SL050,34072424076,17,4,4,0,10,0,0,0,0,0,11,3,1,0,23,0,0,0,0,0,28,7,5,0,33,0,0,0,0,0,73
SL050,34072424077,2,0,0,0,0,0,0,0,0,0,6,0,0,0,3,0,0,0,0,0,8,0,0,0,3,0,0,0,0,0,11
SL050,34072424078,26,0,2,0,1,0,0,0,0,0,13,0,2,0,1,0,0,0,0,0,39,0,4,0,2,0,0,0,0,0,45
SL050,34072424079,6,1,9,1,2,0,0,0,0,0,5,1,5,0,6,0,0,0,0,0,11,2,14,1,8,0,0,0,0,0,36
SL050,34072424080,3,0,0,0,0,1,0,0,0,0,1,0,0,0,8,1,0,0,0,0,4,0,0,0,8,2,0,0,0,0,14
SL050,34072424081,0,0,0,0,1,0,0,0,0,0,0,0,1,0,1,0,0,0,0,0,0,0,1,0,2,0,0,0,0,0,3
SL050,34072424082,8,0,1,2,10,0,0,1,0,0,13,1,1,0,17,0,0,2,0,0,21,1,2,2,27,0,0,3,0,0,56
SL050,34072424083,53,1,2,0,9,0,0,0,0,0,35,2,2,0,13,0,0,0,0,0,88,3,4,0,22,0,0,0,0,0,117
SL050,34072424084,4,0,0,0,1,0,0,0,0,0,6,0,0,0,1,0,0,0,0,0,10,0,0,0,2,0,0,0,0,0,12
SL050,34072424086,1,0,1,0,4,0,0,0,0,0,3,1,1,0,4,0,0,0,0,0,4,1,2,0,8,0,0,0,0,0,15
SL050,34072424087,7,0,0,0,1,0,0,0,0,0,5,0,0,1,4,0,0,0,0,0,12,0,0,1,5,0,0,0,0,0,18
SL050,34072424088,3,0,0,0,0,0,0,0,0,0,8,0,1,0,0,0,0,0,0,0,11,0,1,0,0,0,0,0,0,0,12
SL050,34072424089,1088,204,864,221,1801,55,117,173,93,8,1181,303,716,130,2831,74,68,209,73,6,2269,507,1580,351,4632,129,185,382,166,14,10215
SL050,34072424090,8,0,1,0,0,0,0,0,0,0,5,0,0,0,0,0,0,0,0,0,13,0,1,0,0,0,0,0,0,0,14
SL050,34072424091,4,0,1,0,2,0,0,0,0,0,2,0,0,0,6,0,0,1,0,0,6,0,1,0,8,0,0,1,0,0,16
SL050,34072424092,1,0,5,0,6,0,0,0,0,0,4,0,6,0,5,0,0,0,0,0,5,0,11,0,11,0,0,0,0,0,27
SL050,34072424093,1,0,0,0,4,0,0,0,0,0,1,1,0,0,4,0,0,0,0,0,2,1,0,0,8,0,0,0,0,0,11
SL050,34072424094,19,2,59,0,25,0,0,0,0,0,18,1,51,1,53,2,0,0,1,0,37,3,110,1,78,2,0,0,1,0,232
SL050,34072424095,0,0,0,1,0,0,0,0,0,0,1,0,0,0,2,0,0,0,0,0,1,0,0,1,2,0,0,0,0,0,4
SL050,34072424096,4,0,0,0,1,0,0,0,0,1,1,0,0,0,3,0,0,0,0,0,5,0,0,0,4,0,0,0,0,1,10
SL050,34072424097,0,0,3,0,0,0,0,0,0,0,0,0,4,0,9,0,0,0,0,0,0,0,7,0,9,0,0,0,0,0,16
SL050,34072424098,21,0,3,0,5,3,0,0,0,0,13,1,0,0,7,0,0,0,1,0,34,1,3,0,12,3,0,0,1,0,54
SL050,34072424099,1,0,1,0,1,0,0,0,0,0,1,0,1,0,2,0,0,0,0,0,2,0,2,0,3,0,0,0,0,0,7
SL050,34072424100,15,3,2,1,4,0,1,0,0,0,20,2,2,1,11,0,0,1,0,0,35,5,4,2,15,0,1,1,0,0,63
SL050,34072424101,2,0,0,0,2,0,0,0,0,0,0,0,0,0,3,0,0,0,0,0,2,0,0,0,5,0,0,0,0,0,7
SL050,34072424102,1,1,0,0,3,0,0,0,1,0,4,2,0,0,6,0,0,0,0,0,5,3,0,0,9,0,0,0,1,0,18
SL050,34072424103,4,1,1,0,2,0,0,0,0,0,0,0,0,0,0,1,0,0,0,0,4,1,1,0,2,1,0,0,0,0,9
SL050,34072424104,1,1,5,0,0,0,0,0,0,0,0,0,4,0,1,0,0,0,0,0,1,1,9,0,1,0,0,0,0,0,12
SL050,34072424105,33,3,10,1,8,1,0,0,0,0,18,3,8,0,18,1,0,2,0,0,51,6,18,1,26,2,0,2,0,0,106
SL050,34072424106,2,0,0,0,4,0,0,0,0,0,1,0,0,0,6,0,0,0,0,0,3,0,0,0,10,0,0,0,0,0,13
SL050,34072424107,21,0,0,0,0,0,0,0,0,0,17,0,1,0,0,0,0,0,1,0,38,0,1,0,0,0,0,0,1,0,40
SL050,34072424108,6,2,0,0,0,0,0,0,0,0,6,3,0,0,0,1,0,0,0,0,12,5,0,0,0,1,0,0,0,0,18
SL050,34072424109,6,0,1,0,3,0,0,0,0,0,2,0,3,0,4,0,0,0,0,0,8,0,4,0,7,0,0,0,0,0,19
SL050,34072424110,18,1,0,4,2,0,0,0,0,0,18,2,1,2,3,0,0,0,0,0,36,3,1,6,5,0,0,0,0,0,51
SL050,34072424112,1,1,0,0,1,0,0,0,0,0,2,0,0,0,1,0,0,0,0,0,3,1,0,0,2,0,0,0,0,0,6
SL050,34072424113,0,0,0,0,3,0,0,0,0,0,3,0,2,0,2,0,0,0,0,0,3,0,2,0,5,0,0,0,0,0,10
SL050,34072424114,69,0,14,7,15,0,0,0,0,0,29,1,7,5,13,0,0,1,0,1,98,1,21,12,28,0,0,1,0,1,162
SL050,34072424115,994,214,103,177,1087,22,49,45,10,7,1032,222,91,126,1792,33,23,48,15,3,2026,436,194,303,2879,55,72,93,25,10,6093
SL050,34072424116,7,0,0,0,1,2,0,0,0,0,6,0,1,0,0,3,0,0,0,0,13,0,1,0,1,5,0,0,0,0,20
SL050,34072424117,0,0,0,0,0,0,0,0,0,0,0,0,1,0,0,0,0,0,0,0,0,0,1,0,0,0,0,0,0,0,1
SL050,34072424118,1,0,0,0,0,0,0,0,0,0,3,0,0,0,0,0,0,0,0,0,4,0,0,0,0,0,0,0,0,0,4
SL050,34072424119,13,2,1,0,6,1,0,0,0,0,12,4,0,0,3,0,0,0,0,0,25,6,1,0,9,1,0,0,0,0,42
SL050,34072424120,1,0,0,0,0,0,0,0,0,0,1,1,1,0,2,0,0,0,0,0,2,1,1,0,2,0,0,0,0,0,6
SL050,34072424121,3,1,0,0,4,0,0,0,0,0,7,0,0,0,4,0,0,0,0,0,10,1,0,0,8,0,0,0,0,0,19
SL050,34072424122,37,6,0,1,12,0,3,0,0,0,31,5,0,1,27,0,2,0,1,1,68,11,0,2,39,0,5,0,1,1,127
SL050,34072424123,3,1,0,0,1,0,0,0,0,0,4,0,1,0,5,0,0,0,0,0,7,1,1,0,6,0,0,0,0,0,15
SL050,34072424124,1,0,0,0,0,0,0,0,0,0,0,0,0,0,0,0,0,0,0,0,1,0,0,0,0,0,0,0,0,0,1
SL050,34072424125,1,0,0,0,0,0,0,0,0,0,0,0,0,0,0,0,0,0,0,0,1,0,0,0,0,0,0,0,0,0,1
SL050,34072424127,1,0,0,0,0,0,0,0,0,0,1,0,0,0,0,0,0,0,0,0,2,0,0,0,0,0,0,0,0,0,2
SL050,34072424130,2,0,3,0,3,0,0,0,0,0,1,2,0,0,5,0,0,0,0,0,3,2,3,0,8,0,0,0,0,0,16
SL050,34072424131,6,0,1,0,8,0,0,0,0,0,4,0,0,0,7,0,0,0,0,0,10,0,1,0,15,0,0,0,0,0,26
SL050,34072424132,3,1,0,0,1,0,0,0,0,0,1,5,0,0,4,1,0,0,0,0,4,6,0,0,5,1,0,0,0,0,16
SL050,34072424133,1,0,0,1,0,0,0,0,0,0,5,0,0,0,0,0,0,0,0,0,6,0,0,1,0,0,0,0,0,0,7
SL050,34072424134,65,1,6,1,12,0,0,2,0,0,33,1,5,2,26,0,0,2,1,0,98,2,11,3,38,0,0,4,1,0,157
SL050,34072424136,0,0,2,0,2,0,0,0,0,0,0,0,2,0,1,0,0,0,0,0,0,0,4,0,3,0,0,0,0,0,7
SL050,34072424137,14,0,4,2,0,0,0,0,0,0,12,0,3,0,5,0,0,0,0,0,26,0,7,2,5,0,0,0,0,0,40
SL050,34072424139,60,0,12,0,26,0,0,2,1,0,54,1,11,7,53,1,0,4,0,0,114,1,23,7,79,1,0,6,1,0,232
SL050,34072424141,2,0,0,0,0,0,0,0,0,0,6,0,0,0,2,0,0,0,0,0,8,0,0,0,2,0,0,0,0,0,10
SL050,34072424142,288,59,105,23,388,2,22,22,6,1,262,84,92,12,588,11,12,22,10,3,550,143,197,35,976,13,34,44,16,4,2012
SL050,34072424143,11,3,1,0,5,0,0,0,0,0,8,1,0,0,8,0,0,0,0,0,19,4,1,0,13,0,0,0,0,0,37
SL050,34072424144,3,2,2,0,1,0,0,0,0,0,2,1,1,0,5,0,1,0,0,0,5,3,3,0,6,0,1,0,0,0,18
SL050,34072424145,2,0,0,0,0,1,0,0,0,0,0,0,0,0,0,0,0,0,0,0,2,0,0,0,0,1,0,0,0,0,3
SL050,34072424146,2,0,0,0,0,0,0,0,0,0,2,1,0,0,2,0,0,0,0,0,4,1,0,0,2,0,0,0,0,0,7
SL050,34072424148,12,2,5,0,6,0,0,0,0,0,14,4,3,0,18,0,0,0,0,0,26,6,8,0,24,0,0,0,0,0,64
SL050,34072424149,2,0,4,0,2,0,0,0,0,0,0,0,4,0,3,0,0,0,0,0,2,0,8,0,5,0,0,0,0,0,15
SL050,34072424150,1,0,2,0,1,0,0,0,0,0,2,1,1,0,0,0,0,0,0,0,3,1,3,0,1,0,0,0,0,0,8
SL050,34072424151,5,0,4,0,0,0,0,0,0,0,2,1,3,0,2,0,0,0,1,0,7,1,7,0,2,0,0,0,1,0,18
SL050,34072424152,11,0,0,0,5,0,0,1,0,0,6,0,0,0,6,1,0,0,0,0,17,0,0,0,11,1,0,1,0,0,30
SL050,34072424153,5,1,3,0,5,0,0,0,0,0,5,2,2,0,5,1,0,0,0,0,10,3,5,0,10,1,0,0,0,0,29
SL050,34072424154,11,2,8,0,9,0,0,0,0,0,11,3,3,0,13,0,0,0,0,0,22,5,11,0,22,0,0,0,0,0,60
SL050,34072424155,3,0,3,0,1,1,0,0,0,0,1,0,1,0,2,0,0,0,0,0,4,0,4,0,3,1,0,0,0,0,12
SL050,34072424156,1,0,0,0,0,0,0,0,0,0,1,0,0,0,2,0,0,0,0,0,2,0,0,0,2,0,0,0,0,0,4
SL050,34072424157,52,3,16,0,11,0,0,1,0,0,55,6,13,0,26,0,0,3,0,0,107,9,29,0,37,0,0,4,0,0,186
SL050,34072424158,3,0,0,0,0,0,0,0,0,0,3,0,0,1,0,0,0,0,0,0,6,0,0,1,0,0,0,0,0,0,7
SL050,34072424159,8,2,1,0,8,1,0,0,0,0,6,3,2,0,11,0,0,0,1,0,14,5,3,0,19,1,0,0,1,0,43
SL050,34072424160,12,1,7,0,0,0,0,0,0,0,11,0,8,0,9,0,1,0,0,0,23,1,15,0,9,0,1,0,0,0,49
SL050,34072424161,3,1,2,0,2,0,0,0,0,0,2,1,4,0,5,0,0,2,0,0,5,2,6,0,7,0,0,2,0,0,22
SL050,34072424162,10,4,2,4,18,0,0,0,4,0,19,0,2,1,31,2,0,0,7,0,29,4,4,5,49,2,0,0,11,0,104
SL050,34072424163,50,4,17,6,41,4,0,3,2,0,46,8,8,1,68,6,0,9,1,1,96,12,25,7,109,10,0,12,3,1,275
SL050,34072424164,0,0,0,0,3,0,0,0,0,0,0,0,0,0,1,0,0,0,0,0,0,0,0,0,4,0,0,0,0,0,4
SL050,34072424165,3,0,0,0,1,0,0,0,0,0,1,0,0,0,3,0,0,0,0,0,4,0,0,0,4,0,0,0,0,0,8
SL050,34072424166,9,5,3,0,4,0,1,0,1,0,8,5,1,0,9,0,0,3,0,0,17,10,4,0,13,0,1,3,1,0,49
SL050,34072424167,10,0,1,0,3,0,0,0,0,0,4,0,1,1,4,0,0,0,0,0,14,0,2,1,7,0,0,0,0,0,24
SL050,34072424168,7,0,7,0,1,0,0,0,0,0,8,0,4,0,1,0,3,0,0,0,15,0,11,0,2,0,3,0,0,0,31
SL050,34072424169,40,1,4,0,16,0,0,0,0,0,20,4,2,0,20,1,0,1,0,0,60,5,6,0,36,1,0,1,0,0,109
SL050,34072424170,104,2,1,5,7,0,0,0,0,0,104,4,1,4,13,0,0,0,0,0,208,6,2,9,20,0,0,0,0,0,245
SL050,34072424171,3,2,0,0,1,0,0,0,0,0,4,2,0,0,0,0,0,0,0,1,7,4,0,0,1,0,0,0,0,1,13
SL050,34072424172,3,0,0,0,0,0,0,0,0,0,5,0,0,0,1,1,0,0,0,0,8,0,0,0,1,1,0,0,0,0,10
SL050,34072424173,7,0,2,0,2,0,0,0,0,0,4,0,3,0,3,0,0,0,0,0,11,0,5,0,5,0,0,0,0,0,21
SL050,34072424174,4,0,5,0,2,0,0,0,0,0,5,0,3,0,0,0,0,0,0,0,9,0,8,0,2,0,0,0,0,0,19
SL050,34072424175,15,6,11,1,9,0,0,2,0,0,20,3,10,0,17,0,0,4,0,0,35,9,21,1,26,0,0,6,0,0,98
SL050,34072424176,0,0,0,0,0,0,0,0,0,0,0,0,0,0,3,0,0,0,0,0,0,0,0,0,3,0,0,0,0,0,3
SL050,34072424177,2,0,0,0,3,0,0,0,0,0,0,0,0,0,4,0,1,0,0,0,2,0,0,0,7,0,1,0,0,0,10
SL050,34072424178,1,0,0,0,0,0,0,0,0,0,2,0,0,0,0,0,0,0,0,0,3,0,0,0,0,0,0,0,0,0,3
SL050,34072424179,10,0,0,0,0,0,0,0,0,0,10,0,0,0,1,0,0,0,0,0,20,0,0,0,1,0,0,0,0,0,21
SL050,34072424180,6,0,10,0,1,1,0,1,0,0,3,1,12,0,19,1,0,0,0,0,9,1,22,0,20,2,0,1,0,0,55
SL050,34072424181,11,1,12,0,4,1,2,1,0,1,16,0,5,0,4,0,0,1,1,0,27,1,17,0,8,1,2,2,1,1,60
SL050,34072424182,2,0,0,0,0,0,0,0,0,0,5,4,0,0,4,0,0,0,0,0,7,4,0,0,4,0,0,0,0,0,15
SL050,34072424183,5,2,6,0,2,0,0,0,0,0,5,0,4,1,13,0,0,1,0,0,10,2,10,1,15,0,0,1,0,0,39
SL050,34072424184,0,2,0,0,0,0,0,0,0,0,1,4,0,0,1,0,0,0,0,0,1,6,0,0,1,0,0,0,0,0,8
SL050,34072424185,1,0,7,1,1,0,0,0,0,0,2,0,5,0,6,0,0,0,0,0,3,0,12,1,7,0,0,0,0,0,23
SL050,34072424187,60,0,3,0,1,0,1,0,0,0,24,1,5,0,5,0,0,0,0,0,84,1,8,0,6,0,1,0,0,0,100
SL050,34072424188,296,9,32,1,36,1,3,2,1,0,290,12,33,0,65,0,3,3,1,0,586,21,65,1,101,1,6,5,2,0,788
SL050,34072424189,62,7,15,4,81,2,1,4,2,0,72,17,14,2,123,0,0,4,4,0,134,24,29,6,204,2,1,8,6,0,414
SL050,34072424190,0,0,0,1,0,0,0,0,0,0,0,0,0,0,0,0,0,0,0,0,0,0,0,1,0,0,0,0,0,0,1
SL050,34072424191,2,0,1,0,0,0,0,0,0,0,1,0,0,0,1,0,0,0,0,0,3,0,1,0,1,0,0,0,0,0,5
SL050,34072424193,0,1,0,0,4,0,0,0,0,0,2,0,0,0,3,0,0,0,0,0,2,1,0,0,7,0,0,0,0,0,10
SL050,34072424194,4,0,0,1,1,0,0,0,0,0,0,0,0,0,3,0,0,0,0,0,4,0,0,1,4,0,0,0,0,0,9
SL050,34072424196,23,3,0,0,4,0,0,0,0,0,25,1,0,1,11,0,0,0,0,0,48,4,0,1,15,0,0,0,0,0,68
SL050,34072424197,1,0,6,1,3,0,0,0,0,0,4,1,4,0,12,0,0,0,0,0,5,1,10,1,15,0,0,0,0,0,32
SL050,34072424198,7,0,0,0,3,1,0,0,0,0,8,0,0,0,13,0,0,0,0,0,15,0,0,0,16,1,0,0,0,0,32
SL050,34072424199,2,0,0,0,5,0,0,0,0,0,4,0,0,0,2,0,0,0,0,0,6,0,0,0,7,0,0,0,0,0,13
SL050,34072424201,5,2,5,0,3,0,0,0,0,0,3,0,4,0,3,0,0,0,0,0,8,2,9,0,6,0,0,0,0,0,25
SL050,34072424202,198,3,2,33,23,1,0,10,1,0,155,7,1,35,55,0,0,8,1,0,353,10,3,68,78,1,0,18,2,0,533
SL050,34072424205,7,1,5,0,8,0,0,0,0,0,12,1,2,0,18,0,0,0,0,0,19,2,7,0,26,0,0,0,0,0,54
SL050,34072424206,62,7,5,5,10,0,0,0,0,0,38,6,5,0,13,0,0,0,0,0,100,13,10,5,23,0,0,0,0,0,151
SL050,34072424207,13,0,11,0,0,0,0,1,0,0,11,0,4,0,3,0,0,1,0,0,24,0,15,0,3,0,0,2,0,0,44
SL050,34072424209,58,19,0,2,21,2,0,1,0,0,71,19,2,5,42,2,1,2,0,0,129,38,2,7,63,4,1,3,0,0,247
SL050,34072424210,37,0,1,0,3,0,0,0,0,0,28,0,0,0,2,0,0,0,0,0,65,0,1,0,5,0,0,0,0,0,71
SL050,34072424211,3,0,3,1,0,0,0,0,0,0,1,0,3,0,2,0,0,0,0,0,4,0,6,1,2,0,0,0,0,0,13
SL050,34072424212,26,0,8,1,1,0,0,0,0,0,13,0,8,0,6,0,0,0,0,0,39,0,16,1,7,0,0,0,0,0,63
SL050,34072424213,0,1,1,0,1,0,0,0,0,0,0,0,1,0,0,0,0,0,0,0,0,1,2,0,1,0,0,0,0,0,4
SL050,34072424214,8,1,1,0,4,0,0,0,0,0,2,0,1,0,4,1,0,0,0,0,10,1,2,0,8,1,0,0,0,0,22
SL050,34072424215,0,0,0,0,2,0,0,0,0,0,1,0,0,0,1,0,0,0,0,0,1,0,0,0,3,0,0,0,0,0,4
SL050,34072424216,8,3,0,0,2,0,0,0,0,0,2,2,0,0,6,0,0,0,0,0,10,5,0,0,8,0,0,0,0,0,23
SL050,34072424217,6,0,0,0,1,0,0,0,0,0,3,0,0,0,1,0,0,0,0,0,9,0,0,0,2,0,0,0,0,0,11
SL050,34072424218,2,0,4,0,0,0,0,0,0,0,3,1,1,0,3,0,0,0,0,0,5,1,5,0,3,0,0,0,0,0,14
SL050,34072424219,7,0,1,1,2,0,0,0,0,0,3,1,0,0,6,0,0,0,0,0,10,1,1,1,8,0,0,0,0,0,21
SL050,34072424221,3,0,16,0,4,0,0,0,0,0,6,0,3,0,5,0,0,0,0,0,9,0,19,0,9,0,0,0,0,0,37
SL050,34072424222,186,41,17,11,165,2,1,12,1,0,173,59,16,7,280,4,3,16,2,1,359,100,33,18,445,6,4,28,3,1,997
SL050,34072424223,23,4,37,0,16,1,0,1,1,0,14,10,20,1,19,1,0,1,5,0,37,14,57,1,35,2,0,2,6,0,154
SL050,34072424224,6,1,1,0,1,0,0,0,0,0,7,0,0,0,2,1,0,0,0,0,13,1,1,0,3,1,0,0,0,0,19
SL050,34072424225,12,0,12,0,3,0,0,0,0,0,9,2,4,0,7,0,0,0,0,0,21,2,16,0,10,0,0,0,0,0,49
SL050,34072424226,0,0,0,0,0,2,0,0,0,0,0,0,0,0,0,2,0,0,0,0,0,0,0,0,0,4,0,0,0,0,4
SL050,34072424227,18,1,15,0,11,0,0,0,1,0,16,2,15,0,12,1,0,0,1,0,34,3,30,0,23,1,0,0,2,0,93
SL050,34072424228,5,0,3,0,0,0,0,0,0,0,3,0,1,0,2,0,0,0,0,0,8,0,4,0,2,0,0,0,0,0,14
SL050,34072424229,2,0,2,0,0,0,0,0,0,0,0,0,1,0,0,0,0,0,0,0,2,0,3,0,0,0,0,0,0,0,5
SL050,34072424230,1,1,1,0,0,0,0,0,0,0,4,0,2,0,1,0,0,0,0,0,5,1,3,0,1,0,0,0,0,0,10
SL050,34072424901,3,0,1,0,6,0,4,0,0,0,3,1,3,0,6,0,2,0,0,0,6,1,4,0,12,0,6,0,0,0,29
SL050,34072424902,4,0,0,0,2,0,0,0,0,0,4,0,0,2,3,0,0,0,0,0,8,0,0,2,5,0,0,0,0,0,15
SL050,34092525001,8,0,0,0,2,0,0,0,0,0,8,0,1,0,1,0,0,0,0,0,16,0,1,0,3,0,0,0,0,0,20
SL050,34092525002,20,0,2,2,6,0,0,0,0,0,26,0,9,1,13,0,0,2,0,0,46,0,11,3,19,0,0,2,0,0,81
SL050,34092525003,163,27,143,61,72,0,4,6,1,0,177,31,114,19,88,0,1,5,1,0,340,58,257,80,160,0,5,11,2,0,913
SL050,34092525004,39,0,20,4,6,0,1,0,0,0,38,2,5,0,8,0,1,0,0,0,77,2,25,4,14,0,2,0,0,0,124
SL050,34092525005,2,9,1,0,5,0,0,0,0,0,1,8,1,0,4,1,0,0,0,0,3,17,2,0,9,1,0,0,0,0,32
SL050,34092525006,3,0,1,0,0,0,0,0,0,0,3,0,0,0,1,0,0,0,0,0,6,0,1,0,1,0,0,0,0,0,8
SL050,34092525007,174,4,64,31,29,0,1,3,0,0,177,6,29,7,34,0,0,0,0,0,351,10,93,38,63,0,1,3,0,0,559
SL050,34092525008,61,3,10,89,4,1,0,0,0,0,58,4,6,7,10,0,0,0,0,0,119,7,16,96,14,1,0,0,0,0,253
SL050,34092525009,14,0,16,0,1,0,0,0,0,0,8,1,11,1,0,1,0,0,0,0,22,1,27,1,1,1,0,0,0,0,53
SL050,34092525010,1,0,0,1,0,0,0,0,0,0,0,0,0,0,1,0,0,0,0,0,1,0,0,1,1,0,0,0,0,0,3
SL050,34092525011,646,17,236,386,138,0,7,4,1,1,700,34,184,91,185,0,1,8,1,0,1346,51,420,477,323,0,8,12,2,1,2640
SL050,34092525012,126,5,47,59,30,1,0,4,1,0,129,10,22,8,38,0,0,6,0,0,255,15,69,67,68,1,0,10,1,0,486
SL050,34092525013,43,0,25,157,4,0,1,5,0,0,39,3,17,22,5,1,2,4,3,0,82,3,42,179,9,1,3,9,3,0,331
SL050,34092525014,3,0,5,0,1,0,0,0,0,0,7,1,10,0,2,0,0,0,0,0,10,1,15,0,3,0,0,0,0,0,29
SL050,34092525015,4,1,0,3,1,0,0,0,0,0,4,2,0,0,4,0,0,0,0,0,8,3,0,3,5,0,0,0,0,0,19
SL050,34092525016,93,6,14,171,9,0,4,2,1,0,73,5,10,30,20,0,0,1,1,0,166,11,24,201,29,0,4,3,2,0,440
SL050,34092525017,7,0,0,0,2,0,0,0,0,0,12,0,0,0,4,0,0,0,0,0,19,0,0,0,6,0,0,0,0,0,25
SL050,34092525019,279,6,194,251,56,0,8,6,0,0,209,17,122,61,88,0,4,10,1,0,488,23,316,312,144,0,12,16,1,0,1312
SL050,34092525020,11,1,0,1,1,0,0,0,0,0,12,2,0,0,1,0,0,0,0,0,23,3,0,1,2,0,0,0,0,0,29
SL050,34092525021,70,1,16,168,37,1,2,1,0,0,71,5,9,22,38,0,1,0,1,0,141,6,25,190,75,1,3,1,1,0,443
SL050,34092525022,6,0,0,0,1,0,0,0,0,0,3,0,0,0,1,0,0,0,0,0,9,0,0,0,2,0,0,0,0,0,11
SL050,34092525023,97,12,31,84,48,0,0,7,1,0,98,25,16,11,55,3,0,7,2,0,195,37,47,95,103,3,0,14,3,0,497
SL050,34092525024,6,0,0,0,5,0,0,0,0,0,5,0,0,0,4,1,0,0,0,0,11,0,0,0,9,1,0,0,0,0,21
SL050,34092525025,38,5,3,3,34,3,3,0,0,1,44,13,2,2,61,1,1,1,1,0,82,18,5,5,95,4,4,1,1,1,216
SL050,34092525027,53,2,12,13,8,0,1,0,0,0,46,6,8,1,4,0,0,1,0,0,99,8,20,14,12,0,1,1,0,0,155
SL050,34092525029,135,1,9,2,5,0,0,0,0,0,112,2,7,0,8,0,0,0,0,0,247,3,16,2,13,0,0,0,0,0,281
SL050,34092525030,2,1,0,1,3,2,0,0,0,0,4,1,0,0,3,1,0,0,0,0,6,2,0,1,6,3,0,0,0,0,18
SL050,34092525031,4,0,0,0,0,0,0,0,0,0,2,0,0,0,1,0,0,0,0,0,6,0,0,0,1,0,0,0,0,0,7
SL050,34092525032,0,1,0,0,0,0,0,0,0,0,0,0,0,0,1,0,0,0,0,0,0,1,0,0,1,0,0,0,0,0,2
SL050,34092525033,41,2,52,8,7,0,0,0,0,0,40,5,11,4,20,0,0,0,0,1,81,7,63,12,27,0,0,0,0,1,191
SL050,34092525034,173,43,31,41,94,0,0,4,0,0,141,51,35,16,112,0,0,4,0,0,314,94,66,57,206,0,0,8,0,0,745
SL050,34092525035,1,1,4,0,0,0,0,0,0,0,2,0,3,0,1,0,0,0,0,0,3,1,7,0,1,0,0,0,0,0,12
SL050,34092525036,3,0,0,0,2,0,0,0,0,0,2,0,0,0,2,0,0,0,0,0,5,0,0,0,4,0,0,0,0,0,9
SL050,34092525037,5,0,3,0,5,0,1,0,0,0,8,3,3,0,10,0,0,0,0,0,13,3,6,0,15,0,1,0,0,0,38
SL050,34092525038,81,0,294,19,11,0,1,1,0,0,89,1,198,4,17,0,0,1,0,0,170,1,492,23,28,0,1,2,0,0,717
SL050,34092525039,6,2,1,0,6,2,0,0,0,0,10,2,1,1,2,0,0,0,0,0,16,4,2,1,8,2,0,0,0,0,33
SL050,34092525040,682,41,624,572,180,0,50,17,0,0,688,55,462,135,213,1,14,22,3,2,1370,96,1086,707,393,1,64,39,3,2,3761
SL050,34092525041,82,2,39,35,3,0,8,0,0,0,77,3,17,3,6,1,2,0,0,0,159,5,56,38,9,1,10,0,0,0,278
SL050,34092525042,1,3,1,0,1,0,0,0,0,0,3,2,1,0,0,0,0,0,0,0,4,5,2,0,1,0,0,0,0,0,12
SL050,34092525043,18,4,3,0,16,2,1,0,0,0,17,3,10,0,32,0,0,1,0,0,35,7,13,0,48,2,1,1,0,0,107
SL050,34092525044,7,0,0,0,4,0,0,0,0,0,10,0,0,0,7,0,0,0,0,0,17,0,0,0,11,0,0,0,0,0,28
SL050,34092525045,4,0,0,0,0,0,0,0,0,0,4,0,0,0,0,0,0,0,0,0,8,0,0,0,0,0,0,0,0,0,8
SL050,34092525046,14,1,11,0,2,0,0,0,0,0,11,3,7,0,1,0,0,0,0,0,25,4,18,0,3,0,0,0,0,0,50
SL050,34092525047,19,3,2,29,8,0,0,0,0,0,16,1,1,4,12,0,0,3,0,0,35,4,3,33,20,0,0,3,0,0,98
SL050,34092525048,87,5,22,21,16,0,1,0,1,0,80,10,17,6,28,0,1,2,0,0,167,15,39,27,44,0,2,2,1,0,297
SL050,34092525049,1,2,0,0,0,0,0,0,0,0,2,2,0,0,0,0,0,0,0,0,3,4,0,0,0,0,0,0,0,0,7
SL050,34092525050,165,12,242,186,43,0,52,5,0,0,150,10,122,27,57,3,36,4,1,0,315,22,364,213,100,3,88,9,1,0,1115
SL050,34092525051,35,14,0,10,24,0,12,0,0,1,38,14,1,6,37,0,4,0,1,0,73,28,1,16,61,0,16,0,1,1,197
SL050,34092525052,140,15,18,26,9,0,2,1,0,0,139,11,6,5,9,0,0,0,0,0,279,26,24,31,18,0,2,1,0,0,381
SL050,34092525053,14,3,10,60,6,0,2,0,0,0,24,2,9,1,11,1,1,0,0,0,38,5,19,61,17,1,3,0,0,0,144
SL050,34092525055,0,0,0,0,3,0,0,0,0,0,1,0,0,0,3,0,0,0,0,0,1,0,0,0,6,0,0,0,0,0,7
SL050,34092525056,2,0,5,6,1,0,0,0,0,0,0,0,0,1,1,0,0,0,0,0,2,0,5,7,2,0,0,0,0,0,16
SL050,34092525057,7,0,0,1,3,0,0,0,0,0,4,0,0,0,7,0,0,1,0,0,11,0,0,1,10,0,0,1,0,0,23
SL050,34092525058,155,21,133,57,37,2,10,4,0,0,162,28,105,5,54,2,0,4,0,0,317,49,238,62,91,4,10,8,0,0,779
SL050,34092525059,42,5,17,0,30,0,2,1,0,0,51,3,9,1,42,0,1,1,0,0,93,8,26,1,72,0,3,2,0,0,205
SL050,34092525060,1,0,0,0,1,0,0,0,0,0,0,0,0,0,0,1,0,0,0,0,1,0,0,0,1,1,0,0,0,0,3
SL050,34092525061,1,0,0,1,3,0,0,0,0,0,0,2,0,0,2,0,0,1,2,0,1,2,0,1,5,0,0,1,2,0,12
SL050,34092525062,10,0,3,1,4,0,0,0,0,0,13,0,1,0,7,1,0,2,0,0,23,0,4,1,11,1,0,2,0,0,42
SL050,34092525063,5,0,0,0,2,0,0,0,0,0,1,0,0,0,1,0,0,0,0,0,6,0,0,0,3,0,0,0,0,0,9
SL050,34092525064,0,0,0,0,0,0,0,0,0,0,0,0,0,0,2,0,0,0,0,0,0,0,0,0,2,0,0,0,0,0,2
SL050,34092525067,38,1,22,17,6,1,0,0,0,0,33,3,8,0,6,0,0,0,0,0,71,4,30,17,12,1,0,0,0,0,135
SL050,34092525068,10,1,13,9,2,0,0,0,0,0,11,1,6,0,6,0,0,1,0,0,21,2,19,9,8,0,0,1,0,0,60
SL050,34092525069,7,6,3,2,6,0,0,0,0,0,9,3,0,0,6,0,0,0,0,0,16,9,3,2,12,0,0,0,0,0,42
SL050,34092525070,14,3,11,4,4,0,0,0,0,0,11,3,8,1,2,0,0,0,0,0,25,6,19,5,6,0,0,0,0,0,61
SL050,34092525071,0,0,0,0,0,0,0,0,0,0,1,0,0,0,0,0,0,0,0,0,1,0,0,0,0,0,0,0,0,0,1
SL050,34092525072,157,60,384,309,122,2,27,5,1,0,157,67,260,124,163,1,18,9,7,0,314,127,644,433,285,3,45,14,8,0,1873
SL050,34092525073,3,3,4,0,7,0,0,0,0,0,5,1,4,0,5,0,0,0,0,0,8,4,8,0,12,0,0,0,0,0,32
SL050,34092525074,1,0,0,1,0,0,0,0,0,0,0,0,1,0,4,0,0,0,0,0,1,0,1,1,4,0,0,0,0,0,7
SL050,34092525075,0,0,0,0,0,0,0,0,0,0,1,1,0,0,0,0,0,0,0,0,1,1,0,0,0,0,0,0,0,0,2
SL050,34092525076,2,0,0,0,3,0,0,0,0,0,1,0,0,0,4,0,0,0,0,0,3,0,0,0,7,0,0,0,0,0,10
SL050,34092525077,14,11,0,0,6,0,0,0,0,0,11,6,0,0,23,0,0,0,0,0,25,17,0,0,29,0,0,0,0,0,71
SL050,34092525078,30,1,19,93,3,0,0,0,0,0,17,2,8,2,13,0,0,0,0,0,47,3,27,95,16,0,0,0,0,0,188
SL050,34092525079,12,1,0,1,7,0,0,0,0,0,9,4,0,1,10,0,0,0,0,0,21,5,0,2,17,0,0,0,0,0,45
SL050,34092525081,8,0,5,1,2,0,0,0,0,0,5,1,0,2,2,0,0,0,0,0,13,1,5,3,4,0,0,0,0,0,26
SL050,34092525082,7,0,3,0,5,0,0,0,0,0,8,0,0,0,2,0,0,1,0,0,15,0,3,0,7,0,0,1,0,0,26
SL050,34092525085,1,0,0,0,0,0,0,0,0,0,0,0,0,0,0,0,0,0,0,0,1,0,0,0,0,0,0,0,0,0,1
SL050,34092525086,50,2,8,0,27,1,0,0,0,0,60,0,7,1,27,0,0,0,0,0,110,2,15,1,54,1,0,0,0,0,183
SL050,34092525087,0,0,2,0,0,0,0,0,0,0,0,0,1,0,0,0,0,0,0,0,0,0,3,0,0,0,0,0,0,0,3
SL050,34092525088,2,2,1,0,1,0,0,0,0,0,0,4,0,0,1,0,0,0,0,0,2,6,1,0,2,0,0,0,0,0,11
SL050,34092525089,4,0,0,0,0,0,0,0,0,0,5,0,0,0,1,0,0,0,0,0,9,0,0,0,1,0,0,0,0,0,10
SL050,34092525092,1,0,0,0,3,0,0,0,0,0,2,0,0,0,3,1,0,0,0,0,3,0,0,0,6,1,0,0,0,0,10
SL050,34092525093,6,1,12,2,13,0,0,0,0,0,6,3,5,0,20,0,0,0,0,0,12,4,17,2,33,0,0,0,0,0,68
SL050,34092525094,7,0,0,0,1,0,0,0,0,0,11,0,1,0,0,0,0,0,0,0,18,0,1,0,1,0,0,0,0,0,20
SL050,34092525096,20,1,31,17,2,0,0,0,0,1,19,3,32,3,3,0,0,0,0,0,39,4,63,20,5,0,0,0,0,1,132
SL050,34092525098,4,1,0,0,0,0,0,0,0,0,5,1,1,0,3,0,0,0,0,0,9,2,1,0,3,0,0,0,0,0,15
SL050,34092525099,48,5,36,22,21,0,0,2,0,0,52,9,31,1,21,1,0,3,0,0,100,14,67,23,42,1,0,5,0,0,252
SL050,34092525100,2,1,0,0,0,0,0,0,0,0,1,0,0,0,0,0,0,0,0,0,3,1,0,0,0,0,0,0,0,0,4
SL050,34092525101,21,0,27,2,4,0,0,0,0,0,16,4,13,1,8,0,0,0,0,0,37,4,40,3,12,0,0,0,0,0,96
SL050,34092525102,33,5,82,7,0,0,0,0,1,0,18,4,30,0,5,0,0,0,0,0,51,9,112,7,5,0,0,0,1,0,185
SL050,34092525103,0,0,0,0,0,0,0,0,0,0,0,1,0,0,2,0,0,0,0,0,0,1,0,0,2,0,0,0,0,0,3
SL050,34092525104,1,0,0,0,1,0,0,0,0,0,0,0,0,0,0,0,0,0,0,0,1,0,0,0,1,0,0,0,0,0,2
SL050,34092525105,6,0,7,1,0,0,0,0,0,0,0,0,3,0,1,0,0,0,0,0,6,0,10,1,1,0,0,0,0,0,18
SL050,34092525109,4,0,13,0,1,0,0,0,0,0,5,1,8,0,0,0,0,0,0,0,9,1,21,0,1,0,0,0,0,0,32
SL050,34092525110,702,518,113,382,94,1,14,2,0,0,646,442,81,164,105,0,7,5,1,0,1348,960,194,546,199,1,21,7,1,0,3277
SL050,34092525111,3,0,0,0,2,0,0,0,0,0,2,0,0,0,1,0,0,0,0,0,5,0,0,0,3,0,0,0,0,0,8
SL050,34092525112,2,0,0,19,3,0,0,0,0,0,0,1,0,2,6,0,0,0,0,0,2,1,0,21,9,0,0,0,0,0,33
SL050,34092525113,45,4,22,90,6,0,1,5,0,0,38,5,6,2,10,0,0,2,0,0,83,9,28,92,16,0,1,7,0,0,236
SL050,34092525114,1,0,0,0,0,0,0,0,0,0,2,1,0,0,0,0,0,0,0,0,3,1,0,0,0,0,0,0,0,0,4
SL050,34092525115,41,2,2,2,10,0,1,0,1,0,36,1,3,0,10,0,1,0,1,0,77,3,5,2,20,0,2,0,2,0,111
SL050,34092525118,12,0,4,2,2,0,0,0,0,0,8,0,0,0,2,0,0,2,0,0,20,0,4,2,4,0,0,2,0,0,32
SL050,34092525119,201,2,72,118,8,1,0,6,0,0,150,2,62,26,22,2,0,6,1,0,351,4,134,144,30,3,0,12,1,0,679
SL050,34092525120,3199,567,4074,3417,2932,37,522,458,49,3,3632,781,2385,1197,4102,36,185,493,44,1,6831,1348,6459,4614,7034,73,707,951,93,4,28114
SL050,34092525121,53,0,27,0,50,0,1,0,0,0,57,4,11,0,63,1,1,1,0,0,110,4,38,0,113,1,2,1,0,0,269
SL050,34092525122,95,2,48,33,10,1,0,0,0,0,80,4,46,15,19,0,0,1,1,0,175,6,94,48,29,1,0,1,1,0,355
SL050,34092525123,4,0,0,0,0,0,0,0,0,0,4,0,0,0,0,1,0,0,0,0,8,0,0,0,0,1,0,0,0,0,9
SL050,34092525124,0,0,0,1,0,0,0,0,0,0,1,0,0,0,1,0,0,0,0,0,1,0,0,1,1,0,0,0,0,0,3
SL050,34092525125,3,2,3,1,2,0,0,0,0,0,4,0,1,2,2,0,0,0,0,0,7,2,4,3,4,0,0,0,0,0,20
SL050,34092525126,3,1,1,0,7,0,1,0,0,0,7,3,2,0,8,0,0,0,0,0,10,4,3,0,15,0,1,0,0,0,33
SL050,34092525127,1,1,0,0,4,1,0,0,0,0,0,0,0,1,4,0,0,0,0,0,1,1,0,1,8,1,0,0,0,0,12
SL050,34092525128,0,1,0,1,2,0,0,0,0,0,0,1,0,0,4,0,0,0,0,0,0,2,0,1,6,0,0,0,0,0,9
SL050,34092525130,4,0,0,0,2,0,0,0,0,0,2,0,0,0,1,0,0,0,0,0,6,0,0,0,3,0,0,0,0,0,9
SL050,34092525131,55,0,61,1,0,0,0,0,0,0,16,0,10,0,1,0,0,0,0,0,71,0,71,1,1,0,0,0,0,0,144
SL050,34092525132,12,1,0,9,6,0,0,0,0,0,12,3,0,0,4,0,0,0,0,0,24,4,0,9,10,0,0,0,0,0,47
SL050,34092525133,28,2,10,61,1,1,0,0,0,0,26,3,5,5,1,3,0,0,0,0,54,5,15,66,2,4,0,0,0,0,146
SL050,34092525134,9,10,3,66,1,0,2,0,0,0,14,10,0,5,4,0,0,0,0,0,23,20,3,71,5,0,2,0,0,0,124
SL050,34092525135,34,2,9,4,6,0,0,0,0,0,37,3,8,0,7,0,0,0,0,0,71,5,17,4,13,0,0,0,0,0,110
SL050,34092525136,1,0,1,0,2,0,0,0,0,0,1,0,0,0,0,0,0,0,0,0,2,0,1,0,2,0,0,0,0,0,5
SL050,34092525137,631,51,676,453,353,2,29,35,2,0,595,71,490,142,364,3,11,28,3,0,1226,122,1166,595,717,5,40,63,5,0,3939
SL050,34092525138,6,0,0,1,5,0,0,0,0,0,2,0,0,0,5,0,1,0,1,0,8,0,0,1,10,0,1,0,1,0,21
SL050,34092525139,14,5,2,0,8,0,0,0,0,0,4,3,2,0,9,0,0,0,0,0,18,8,4,0,17,0,0,0,0,0,47
SL050,34092525140,26,34,1,10,18,1,0,0,1,0,22,42,1,1,22,2,0,1,0,0,48,76,2,11,40,3,0,1,1,0,182
SL050,34092525141,1,2,3,0,2,0,1,0,0,0,1,0,1,0,3,0,0,0,0,0,2,2,4,0,5,0,1,0,0,0,14
SL050,34092525142,4,2,3,22,3,0,0,0,0,0,16,0,2,2,5,0,0,0,0,0,20,2,5,24,8,0,0,0,0,0,59
SL050,34092525143,1,0,0,0,0,0,0,0,0,0,0,0,0,0,0,0,0,0,0,0,1,0,0,0,0,0,0,0,0,0,1
SL050,34092525145,4,1,0,0,1,0,0,0,0,0,1,0,0,0,0,0,0,0,0,0,5,1,0,0,1,0,0,0,0,0,7
SL050,34092525146,3,0,1,4,3,0,0,0,0,0,0,0,1,0,0,0,0,0,1,0,3,0,2,4,3,0,0,0,1,0,13
SL050,34092525148,13,0,0,0,0,0,0,0,0,0,5,0,0,0,2,0,0,0,0,0,18,0,0,0,2,0,0,0,0,0,20
SL050,34092525149,45,29,21,15,25,0,0,1,0,0,40,37,16,5,32,0,0,2,1,0,85,66,37,20,57,0,0,3,1,0,269
SL050,34092525150,6,1,0,0,0,0,0,0,0,0,2,1,0,0,0,0,0,0,0,0,8,2,0,0,0,0,0,0,0,0,10
SL050,34092525151,9,0,3,1,8,0,0,0,0,0,6,0,3,1,10,0,0,1,0,0,15,0,6,2,18,0,0,1,0,0,42
SL050,34092525152,1,1,0,0,4,0,0,0,0,0,1,0,0,0,2,0,0,0,0,0,2,1,0,0,6,0,0,0,0,0,9
SL050,34092525153,2,0,0,0,0,0,0,0,0,0,0,0,0,0,0,0,0,0,0,0,2,0,0,0,0,0,0,0,0,0,2
SL050,34092525154,0,0,0,0,0,0,0,0,0,0,2,1,0,0,0,0,0,0,0,0,2,1,0,0,0,0,0,0,0,0,3
SL050,34092525155,21,7,2,0,12,0,0,0,0,0,17,9,4,1,19,0,0,0,2,0,38,16,6,1,31,0,0,0,2,0,94
SL050,34092525156,12,0,0,3,7,0,0,0,1,0,13,1,0,0,5,0,0,1,2,0,25,1,0,3,12,0,0,1,3,0,45
SL050,34092525157,2,0,0,1,3,0,0,0,0,0,2,0,0,0,1,0,0,0,0,0,4,0,0,1,4,0,0,0,0,0,9
SL050,34092525158,28,12,19,3,12,0,0,3,0,0,38,18,20,4,20,0,0,1,1,0,66,30,39,7,32,0,0,4,1,0,179
SL050,34092525161,8,0,1,0,3,0,0,0,0,0,11,2,1,0,5,0,0,0,0,0,19,2,2,0,8,0,0,0,0,0,31
SL050,34092525163,4,1,0,0,0,0,0,0,0,0,5,0,0,0,1,0,0,0,0,0,9,1,0,0,1,0,0,0,0,0,11
SL050,34092525164,6,3,4,4,5,0,0,0,0,0,12,0,1,1,1,0,0,0,0,0,18,3,5,5,6,0,0,0,0,0,37
SL050,34092525165,6,2,2,1,7,0,0,0,0,0,6,4,2,0,13,0,0,0,0,0,12,6,4,1,20,0,0,0,0,0,43
SL050,34092525166,5,0,0,0,2,0,0,0,0,0,2,0,0,0,3,0,0,0,0,0,7,0,0,0,5,0,0,0,0,0,12
SL050,34092525167,3,2,0,0,1,0,0,0,0,0,5,1,0,0,5,0,0,0,0,0,8,3,0,0,6,0,0,0,0,0,17
SL050,34092525168,15,4,11,1,1,0,0,0,0,0,12,4,4,0,3,0,0,0,0,0,27,8,15,1,4,0,0,0,0,0,55
SL050,34092525169,1,0,0,4,0,0,0,0,0,0,1,0,0,1,0,0,0,0,0,0,2,0,0,5,0,0,0,0,0,0,7
SL050,34092525170,4,0,0,0,0,0,0,0,0,0,6,0,0,0,1,0,0,0,0,0,10,0,0,0,1,0,0,0,0,0,11
SL050,34092525171,66,5,95,4,81,1,1,0,0,1,59,4,69,0,107,0,1,1,0,0,125,9,164,4,188,1,2,1,0,1,495
SL050,34092525172,105,21,74,10,34,0,8,3,5,0,103,29,53,7,45,0,5,6,2,0,208,50,127,17,79,0,13,9,7,0,510
SL050,34092525173,46,20,33,1,49,0,0,1,0,0,50,24,21,0,67,0,1,1,0,0,96,44,54,1,116,0,1,2,0,0,314
SL050,34092525174,35,45,1,62,3,0,0,2,0,0,31,47,0,11,4,0,0,2,0,0,66,92,1,73,7,0,0,4,0,0,243
SL050,34092525175,5,0,0,0,2,0,0,0,0,0,9,0,1,0,4,0,0,0,0,0,14,0,1,0,6,0,0,0,0,0,21
SL050,34092525176,5,1,2,0,1,0,0,1,0,0,4,3,3,0,0,0,0,3,0,0,9,4,5,0,1,0,0,4,0,0,23
SL050,34092525177,1,0,2,0,4,0,0,0,0,0,3,2,4,1,3,0,0,0,1,0,4,2,6,1,7,0,0,0,1,0,21
SL050,34092525179,4,0,0,1,5,0,0,0,0,0,3,1,0,0,12,0,0,0,1,0,7,1,0,1,17,0,0,0,1,0,27
SL050,34092525180,1,0,2,1,1,0,0,1,0,0,1,0,0,0,3,0,0,0,0,0,2,0,2,1,4,0,0,1,0,0,10
SL050,34092525181,23,0,0,0,3,0,0,0,0,0,12,0,0,0,2,0,0,0,0,0,35,0,0,0,5,0,0,0,0,0,40
SL050,34092525182,35,3,6,3,10,0,0,0,0,0,34,4,3,0,10,0,0,0,0,0,69,7,9,3,20,0,0,0,0,0,108
SL050,34092525183,21,1,0,1,8,0,0,0,0,0,20,0,1,0,9,1,0,0,0,0,41,1,1,1,17,1,0,0,0,0,62
SL050,34092525185,29,31,1,10,13,1,0,0,3,0,32,24,3,1,22,0,0,0,0,0,61,55,4,11,35,1,0,0,3,0,170
SL050,34092525186,2,0,3,0,3,0,0,0,0,0,2,2,3,0,4,0,0,0,0,0,4,2,6,0,7,0,0,0,0,0,19
SL050,34092525189,122,8,22,67,16,0,1,0,0,0,105,17,19,14,39,0,2,0,0,0,227,25,41,81,55,0,3,0,0,0,432
SL050,34092525190,11,0,2,0,4,0,0,1,0,0,10,1,4,0,5,1,0,1,1,0,21,1,6,0,9,1,0,2,1,0,41
SL050,34092525191,11,0,0,0,2,0,0,0,0,0,10,0,0,0,1,0,0,0,0,0,21,0,0,0,3,0,0,0,0,0,24
SL050,34092525192,3,43,36,3,13,0,0,0,0,0,2,35,22,0,20,0,0,2,0,0,5,78,58,3,33,0,0,2,0,0,179
SL050,34092525193,13,4,12,0,14,0,0,0,0,0,12,5,15,0,12,0,0,0,0,0,25,9,27,0,26,0,0,0,0,0,87
SL050,34092525194,9,0,0,0,8,0,0,0,0,0,6,1,0,0,4,0,0,0,0,0,15,1,0,0,12,0,0,0,0,0,28
SL050,34092525196,8,1,0,0,0,0,0,0,0,0,4,0,0,0,1,0,0,0,0,0,12,1,0,0,1,0,0,0,0,0,14
SL050,34092525197,12,0,0,0,4,0,0,0,0,0,2,0,0,0,4,1,0,0,0,0,14,0,0,0,8,1,0,0,0,0,23
SL050,34092525200,1,0,0,0,3,0,0,0,0,0,2,0,0,0,1,0,0,0,0,0,3,0,0,0,4,0,0,0,0,0,7
SL050,34092525201,5,1,0,0,0,0,0,0,0,0,1,0,0,0,0,0,0,0,0,0,6,1,0,0,0,0,0,0,0,0,7
SL050,34092525202,12,0,1,0,2,0,0,0,0,0,2,0,0,0,4,0,0,0,1,0,14,0,1,0,6,0,0,0,1,0,22
SL050,34092525203,291,331,143,24,396,5,31,14,5,0,283,312,111,11,588,0,14,22,10,1,574,643,254,35,984,5,45,36,15,1,2592
SL050,34092525204,89,2,157,23,8,1,0,1,0,0,102,2,68,4,0,0,0,1,0,0,191,4,225,27,8,1,0,2,0,0,458
SL050,34092525205,15,1,0,0,1,0,0,0,0,0,19,3,0,0,2,1,0,2,0,0,34,4,0,0,3,1,0,2,0,0,44
SL050,34092525206,15,0,7,2,1,0,0,0,0,0,6,0,2,0,0,0,0,0,0,0,21,0,9,2,1,0,0,0,0,0,33
SL050,34092525207,244,29,350,17,117,6,15,8,0,1,212,31,281,8,150,3,9,12,1,3,456,60,631,25,267,9,24,20,1,4,1497
SL050,34092525208,4,0,1,0,1,0,0,0,0,0,1,0,1,0,3,0,0,0,1,0,5,0,2,0,4,0,0,0,1,0,12
SL050,34092525209,70,5,22,3,60,0,0,3,0,0,82,4,16,0,87,0,0,3,0,0,152,9,38,3,147,0,0,6,0,0,355
SL050,34092525210,45,2,142,9,42,0,0,0,0,0,40,2,99,1,23,0,0,0,0,0,85,4,241,10,65,0,0,0,0,0,405
SL050,34092525211,8,1,12,16,9,0,1,0,0,0,10,0,0,0,10,0,1,0,0,0,18,1,12,16,19,0,2,0,0,0,68
SL050,34092525212,45,0,21,13,1,0,0,0,0,0,11,0,2,1,4,1,0,0,0,0,56,0,23,14,5,1,0,0,0,0,99
SL050,34092525215,2,1,1,4,30,0,0,0,0,0,3,2,1,4,8,0,0,0,0,0,5,3,2,8,38,0,0,0,0,0,56
SL050,34092525216,0,1,1,0,2,0,0,0,0,0,0,0,1,0,0,0,1,0,0,0,0,1,2,0,2,0,1,0,0,0,6
SL050,34092525217,409,231,705,188,321,5,10,12,4,0,423,259,517,93,420,5,3,16,5,0,832,490,1222,281,741,10,13,28,9,0,3626
SL050,34092525218,0,0,1,0,1,0,0,0,0,0,0,0,0,0,0,0,0,0,0,0,0,0,1,0,1,0,0,0,0,0,2
SL050,34092525219,3,0,0,0,9,0,0,0,0,0,3,0,0,0,2,0,0,0,0,0,6,0,0,0,11,0,0,0,0,0,17
SL050,34092525220,46,1,5,48,21,0,0,0,0,0,58,2,1,4,19,0,0,0,0,0,104,3,6,52,40,0,0,0,0,0,205
SL050,34092525221,0,0,1,0,0,0,0,0,0,0,1,0,2,0,0,0,0,0,0,0,1,0,3,0,0,0,0,0,0,0,4
SL050,34092525222,1,1,0,0,0,0,0,0,0,0,0,1,0,0,0,0,0,0,0,0,1,2,0,0,0,0,0,0,0,0,3
SL050,34092525223,40,24,10,7,5,1,0,0,0,0,51,18,5,5,9,0,0,0,1,0,91,42,15,12,14,1,0,0,1,0,176
SL050,34092525224,1,1,0,2,0,0,0,0,0,0,2,1,0,0,2,0,0,0,0,0,3,2,0,2,2,0,0,0,0,0,9
SL050,34092525225,79,1,33,8,0,0,1,0,0,0,68,0,22,0,4,0,0,0,0,0,147,1,55,8,4,0,1,0,0,0,216
SL050,34092525226,3,0,0,0,0,0,0,0,0,0,1,0,0,0,6,0,0,0,0,0,4,0,0,0,6,0,0,0,0,0,10
SL050,34092525227,7,3,1,1,5,1,3,0,0,0,8,2,2,1,7,0,4,0,0,0,15,5,3,2,12,1,7,0,0,0,45
SL050,34092525228,125,13,29,58,31,1,2,8,2,0,163,22,22,17,45,2,0,7,1,0,288,35,51,75,76,3,2,15,3,0,548
SL050,34092525230,36,10,70,77,7,0,0,0,0,0,53,8,56,14,12,0,0,0,0,0,89,18,126,91,19,0,0,0,0,0,343
SL050,34092525231,16,4,4,101,0,0,0,2,0,0,16,4,0,7,3,0,0,1,0,0,32,8,4,108,3,0,0,3,0,0,158
SL050,34092525232,280,5,53,30,11,1,3,1,0,0,271,3,34,1,8,0,2,0,1,0,551,8,87,31,19,1,5,1,1,0,704
SL050,34092525233,5,4,8,21,6,0,0,0,1,0,5,6,3,0,2,0,0,0,0,0,10,10,11,21,8,0,0,0,1,0,61
SL050,34092525234,114,41,121,75,162,3,3,8,1,0,120,54,78,20,221,3,1,12,0,0,234,95,199,95,383,6,4,20,1,0,1037
SL050,34092525238,3,2,0,0,1,0,1,0,0,0,2,1,0,0,3,0,1,0,1,0,5,3,0,0,4,0,2,0,1,0,15
SL050,34092525239,38,20,4,0,20,0,0,0,0,0,31,27,2,0,18,1,0,0,0,0,69,47,6,0,38,1,0,0,0,0,161
SL050,34092525240,60,2,14,7,10,0,0,0,0,0,58,3,14,0,15,0,1,0,0,0,118,5,28,7,25,0,1,0,0,0,184
SL050,34092525242,15,8,18,1,5,0,0,0,0,0,17,9,6,1,31,0,0,1,1,0,32,17,24,2,36,0,0,1,1,0,113
SL050,34092525243,306,22,99,5,194,4,7,2,0,1,280,36,78,7,291,5,4,9,1,0,586,58,177,12,485,9,11,11,1,1,1351
SL050,34092525244,14,4,4,9,5,0,0,0,0,0,11,5,4,7,9,0,0,0,0,0,25,9,8,16,14,0,0,0,0,0,72
SL050,34092525245,12,2,6,0,2,0,0,0,0,0,24,0,6,0,8,0,0,0,0,0,36,2,12,0,10,0,0,0,0,0,60
SL050,34092525247,1,1,0,2,2,0,0,0,0,0,6,0,0,1,2,0,0,0,0,0,7,1,0,3,4,0,0,0,0,0,15
SL050,34092525248,21,6,10,32,1,0,0,1,0,0,17,5,4,3,2,0,0,1,0,0,38,11,14,35,3,0,0,2,0,0,103
SL050,34092525249,2,0,0,0,0,0,0,0,0,0,2,0,0,0,0,0,0,0,0,0,4,0,0,0,0,0,0,0,0,0,4
SL050,34092525250,9,0,1,0,3,0,0,0,0,0,8,0,2,0,3,0,0,0,0,0,17,0,3,0,6,0,0,0,0,0,26
SL050,34092525251,23,1,2,34,7,0,0,0,0,0,24,6,0,1,15,0,0,0,0,0,47,7,2,35,22,0,0,0,0,0,113
SL050,34092525252,14,1,1,0,4,0,0,1,0,0,19,2,1,0,8,0,0,1,0,0,33,3,2,0,12,0,0,2,0,0,52
SL050,34092525253,1,0,1,0,0,0,0,0,0,0,4,3,0,0,1,0,0,0,0,0,5,3,1,0,1,0,0,0,0,0,10
SL050,34092525254,66,4,2,25,6,0,0,2,0,0,68,1,4,0,17,2,0,1,0,0,134,5,6,25,23,2,0,3,0,0,198
SL050,34092525255,5,0,9,0,1,0,0,0,0,0,6,2,2,0,1,0,0,0,1,0,11,2,11,0,2,0,0,0,1,0,27
SL050,34092525901,5,6,0,0,19,0,2,0,0,1,3,2,0,0,17,0,1,0,1,0,8,8,0,0,36,0,3,0,1,1,57
SL050,34092525902,6,0,6,0,3,0,0,0,0,0,6,2,3,0,6,0,0,0,0,0,12,2,9,0,9,0,0,0,0,0,32
SL050,34092525903,11,2,3,0,0,0,1,0,0,0,14,1,2,2,2,0,0,0,0,0,25,3,5,2,2,0,1,0,0,0,38
SL050,34092525904,1,0,1,1,0,0,1,0,0,0,0,0,0,0,1,0,0,0,0,0,1,0,1,1,1,0,1,0,0,0,5
SL050,34092525905,1,0,2,0,3,0,0,0,0,0,1,1,3,0,2,0,0,0,0,0,2,1,5,0,5,0,0,0,0,0,13
SL050,34092525906,14,3,0,0,4,0,0,0,0,1,17,3,0,0,4,0,0,0,0,2,31,6,0,0,8,0,0,0,0,3,48
SL050,34092525907,8,2,2,3,2,0,0,1,0,0,8,2,1,2,5,0,0,0,0,0,16,4,3,5,7,0,0,1,0,0,36
SL050,34092525908,4,3,1,0,0,0,0,0,0,0,3,2,0,0,1,0,0,0,0,0,7,5,1,0,1,0,0,0,0,0,14
SL050,34092525909,8,0,0,0,0,0,0,0,0,0,4,3,0,0,1,0,0,0,0,0,12,3,0,0,1,0,0,0,0,0,16
SL050,34092525910,1,0,1,2,5,0,0,0,0,0,2,0,1,0,2,0,0,0,0,0,3,0,2,2,7,0,0,0,0,0,14
SL050,34092525911,2,1,1,0,10,0,1,0,0,0,5,2,3,0,13,0,0,0,0,0,7,3,4,0,23,0,1,0,0,0,38
SL050,34092525912,31,1,9,18,6,0,1,0,0,0,28,4,1,2,8,0,2,0,0,0,59,5,10,20,14,0,3,0,0,0,111
SL050,34092525913,1,0,0,0,0,0,0,0,0,0,0,0,0,0,0,0,0,0,0,0,1,0,0,0,0,0,0,0,0,0,1
SL050,34172626001,9,1,0,0,2,1,0,0,0,0,12,1,0,0,2,0,0,0,0,0,21,2,0,0,4,1,0,0,0,0,28
SL050,34172626002,49,6,9,1,18,0,15,0,0,0,40,3,10,0,26,1,6,0,0,0,89,9,19,1,44,1,21,0,0,0,184
SL050,34172626003,8,2,3,0,12,0,0,0,0,0,16,0,3,0,10,0,0,0,0,0,24,2,6,0,22,0,0,0,0,0,54
SL050,34172626004,0,0,0,0,0,0,0,0,0,0,0,0,0,0,1,0,0,0,0,0,0,0,0,0,1,0,0,0,0,0,1
SL050,34172626005,132,0,38,1,112,1,19,3,0,0,113,7,29,3,108,2,17,4,0,0,245,7,67,4,220,3,36,7,0,0,589
SL050,34172626006,35,2,45,5,29,0,1,0,0,0,39,3,49,0,46,1,0,1,1,0,74,5,94,5,75,1,1,1,1,0,257
SL050,34172626007,36,0,12,0,5,0,0,0,0,0,27,0,0,0,7,0,0,0,0,0,63,0,12,0,12,0,0,0,0,0,87
SL050,34172626008,112,0,167,0,18,0,0,0,0,0,108,3,81,1,19,1,0,0,0,0,220,3,248,1,37,1,0,0,0,0,510
SL050,34172626009,6,0,9,0,8,0,0,0,0,0,10,0,9,0,6,0,0,0,0,0,16,0,18,0,14,0,0,0,0,0,48
SL050,34172626010,2,0,0,1,0,0,0,0,0,0,3,0,0,0,0,0,0,0,0,0,5,0,0,1,0,0,0,0,0,0,6
SL050,34172626011,74,7,312,2,156,4,3,10,0,0,70,9,226,1,211,3,2,15,0,0,144,16,538,3,367,7,5,25,0,0,1105
SL050,34172626012,1,0,0,0,0,0,0,0,0,0,0,0,0,0,0,0,0,0,0,0,1,0,0,0,0,0,0,0,0,0,1
SL050,34172626013,7,0,5,0,9,0,0,0,0,0,8,0,5,1,14,0,0,0,0,0,15,0,10,1,23,0,0,0,0,0,49
SL050,34172626014,5,0,1,0,1,0,1,0,0,0,1,0,1,0,3,0,0,0,0,0,6,0,2,0,4,0,1,0,0,0,13
SL050,34172626015,8,0,5,0,0,0,0,0,0,0,6,0,4,0,1,0,0,0,0,0,14,0,9,0,1,0,0,0,0,0,24
SL050,34172626017,3,2,0,1,5,0,0,0,0,0,4,5,0,0,8,0,0,0,0,0,7,7,0,1,13,0,0,0,0,0,28
SL050,34172626018,109,579,274,18,227,0,11,9,3,0,99,544,218,12,306,3,5,15,7,1,208,1123,492,30,533,3,16,24,10,1,2440
SL050,34172626019,41,2,5,1,0,0,0,0,0,0,33,0,1,0,11,0,0,0,0,0,74,2,6,1,11,0,0,0,0,0,94
SL050,34172626020,91,0,19,1,6,0,0,0,0,0,79,0,13,3,8,0,0,0,0,0,170,0,32,4,14,0,0,0,0,0,220
SL050,34172626021,92,77,285,4,130,0,1,3,1,0,127,81,237,1,150,0,0,1,0,0,219,158,522,5,280,0,1,4,1,0,1190
SL050,34172626022,0,0,2,0,1,0,0,0,0,0,1,0,1,1,3,0,0,0,0,0,1,0,3,1,4,0,0,0,0,0,9
SL050,34172626023,9,0,10,1,2,0,0,0,0,0,8,0,7,1,1,0,0,0,0,0,17,0,17,2,3,0,0,0,0,0,39
SL050,34172626024,7,0,1,0,0,0,0,0,0,0,4,0,0,0,0,0,0,0,0,0,11,0,1,0,0,0,0,0,0,0,12
SL050,34172626025,0,0,0,0,0,0,0,0,0,0,0,0,0,0,2,0,0,0,0,0,0,0,0,0,2,0,0,0,0,0,2
SL050,34172626026,10,0,25,2,12,1,0,0,0,0,16,0,15,0,18,0,0,0,0,0,26,0,40,2,30,1,0,0,0,0,99
SL050,34172626027,3,1,0,0,0,0,0,0,0,0,3,0,0,0,0,0,0,0,0,0,6,1,0,0,0,0,0,0,0,0,7
SL050,34172626028,2,0,2,0,0,0,0,0,0,0,1,0,0,0,0,0,0,0,0,0,3,0,2,0,0,0,0,0,0,0,5
SL050,34172626029,1,0,0,0,0,0,0,0,0,0,0,0,0,0,0,0,0,0,0,0,1,0,0,0,0,0,0,0,0,0,1
SL050,34172626030,0,0,0,1,0,0,0,0,0,0,0,0,0,0,0,0,0,0,0,0,0,0,0,1,0,0,0,0,0,0,1
SL050,34172626031,0,0,0,0,0,0,1,0,0,0,0,0,0,0,0,0,1,0,0,0,0,0,0,0,0,0,2,0,0,0,2
SL050,34172626032,0,0,0,0,0,0,0,0,0,0,1,0,0,0,1,0,0,0,0,0,1,0,0,0,1,0,0,0,0,0,2
SL050,34172626033,1,0,0,0,0,0,0,0,0,0,0,0,0,0,1,0,0,0,0,0,1,0,0,0,1,0,0,0,0,0,2
SL050,34172626034,15,1,6,0,2,1,0,0,0,3,10,0,2,0,10,0,0,0,0,2,25,1,8,0,12,1,0,0,0,5,52
SL050,34172626036,490,52,621,22,849,7,12,34,1,2,517,59,490,16,1069,11,3,32,4,0,1007,111,1111,38,1918,18,15,66,5,2,4291
SL050,34172626037,2,0,0,0,5,0,0,0,0,0,3,0,0,0,5,0,0,0,0,0,5,0,0,0,10,0,0,0,0,0,15
SL050,34172626038,0,0,0,0,1,0,0,0,0,0,0,0,0,0,1,0,0,0,0,0,0,0,0,0,2,0,0,0,0,0,2
SL050,34172626039,0,0,1,0,0,0,0,0,0,0,0,0,0,0,0,0,0,0,0,0,0,0,1,0,0,0,0,0,0,0,1
SL050,34172626040,1,0,1,0,5,0,8,0,0,0,1,0,1,0,3,1,5,0,0,0,2,0,2,0,8,1,13,0,0,0,26
SL050,34172626041,6,0,9,0,0,0,0,0,0,0,3,0,1,0,1,0,0,0,0,0,9,0,10,0,1,0,0,0,0,0,20
SL050,34172626042,64,0,40,6,11,0,0,0,0,0,43,2,33,13,28,0,0,0,0,0,107,2,73,19,39,0,0,0,0,0,240
SL050,34172626043,9,0,1,0,4,0,0,0,0,0,10,0,2,0,6,0,0,0,1,0,19,0,3,0,10,0,0,0,1,0,33
SL050,34172626044,4,0,0,0,0,0,0,0,0,0,2,0,0,0,0,0,0,0,0,0,6,0,0,0,0,0,0,0,0,0,6
SL050,34172626046,59,3,31,10,19,0,11,4,0,0,53,2,12,3,29,0,2,2,0,0,112,5,43,13,48,0,13,6,0,0,240
SL050,34172626047,22,1,24,3,42,0,0,0,0,0,26,1,14,4,66,0,0,2,0,0,48,2,38,7,108,0,0,2,0,0,205
SL050,34172626049,6,0,2,0,2,0,0,0,0,0,3,0,3,0,2,0,0,0,0,0,9,0,5,0,4,0,0,0,0,0,18
SL050,34172626050,3,0,1,0,1,0,2,0,0,0,2,0,0,0,4,0,1,0,0,0,5,0,1,0,5,0,3,0,0,0,14
SL050,34172626051,1,1,3,0,6,0,0,0,0,0,5,1,1,0,3,0,0,1,0,0,6,2,4,0,9,0,0,1,0,0,22
SL050,34172626052,1,0,1,0,0,0,0,0,0,0,3,0,0,0,0,0,0,0,0,0,4,0,1,0,0,0,0,0,0,0,5
SL050,34172626053,10,0,1,0,1,0,0,0,0,0,10,0,0,0,2,0,0,0,0,0,20,0,1,0,3,0,0,0,0,0,24
SL050,34172626054,1,0,0,0,1,0,0,0,0,0,1,0,0,0,3,0,0,0,0,0,2,0,0,0,4,0,0,0,0,0,6
SL050,34172626055,0,0,0,0,0,0,0,0,0,0,0,0,0,0,1,0,0,0,0,0,0,0,0,0,1,0,0,0,0,0,1
SL050,34172626056,16,6,0,0,1,2,0,0,0,0,12,4,0,0,4,1,0,0,2,0,28,10,0,0,5,3,0,0,2,0,48
SL050,34172626058,5,0,0,0,2,0,0,0,0,0,3,0,0,0,5,0,0,0,0,0,8,0,0,0,7,0,0,0,0,0,15
SL050,34172626059,39,1,55,1,17,0,2,0,0,0,32,1,37,0,17,0,0,0,0,0,71,2,92,1,34,0,2,0,0,0,202
SL050,34172626060,9,0,0,1,3,0,0,0,0,0,4,0,0,0,1,0,0,0,0,0,13,0,0,1,4,0,0,0,0,0,18
SL050,34172626061,44,3,1,4,17,1,65,2,0,0,50,6,0,0,46,1,46,4,0,0,94,9,1,4,63,2,111,6,0,0,290
SL050,34172626063,7,0,0,0,0,0,0,0,0,0,3,1,0,0,1,0,0,0,1,0,10,1,0,0,1,0,0,0,1,0,13
SL050,34172626064,89,4,11,4,41,0,14,2,0,2,65,7,10,1,58,1,4,3,0,0,154,11,21,5,99,1,18,5,0,2,316
SL050,34172626065,1,0,0,0,0,0,0,0,0,0,3,0,0,0,1,0,0,0,0,0,4,0,0,0,1,0,0,0,0,0,5
SL050,34172626066,17,0,5,0,3,0,0,0,0,0,13,0,3,0,5,0,0,0,0,0,30,0,8,0,8,0,0,0,0,0,46
SL050,34172626068,6,2,0,1,1,0,0,0,0,0,5,2,0,0,2,0,0,0,0,0,11,4,0,1,3,0,0,0,0,0,19
SL050,34172626069,5,0,0,0,0,0,0,0,0,0,6,0,0,0,1,0,0,0,0,0,11,0,0,0,1,0,0,0,0,0,12
SL050,34172626070,3,0,0,0,1,0,0,0,0,0,4,0,0,0,0,0,0,0,0,0,7,0,0,0,1,0,0,0,0,0,8
SL050,34172626071,216,11,109,5,132,2,88,14,6,1,234,17,79,4,262,0,28,9,6,0,450,28,188,9,394,2,116,23,12,1,1223
SL050,34172626072,3,2,3,0,2,0,0,0,0,0,4,3,1,0,2,0,0,0,0,0,7,5,4,0,4,0,0,0,0,0,20
SL050,34172626073,0,0,1,0,3,0,0,0,0,0,0,2,1,0,4,0,0,0,0,0,0,2,2,0,7,0,0,0,0,0,11
SL050,34172626074,1,0,0,0,0,0,0,0,0,0,0,0,0,0,0,0,0,0,0,0,1,0,0,0,0,0,0,0,0,0,1
SL050,34172626075,2,0,18,0,3,0,0,0,0,0,6,0,14,0,6,0,0,0,0,0,8,0,32,0,9,0,0,0,0,0,49
SL050,34172626076,4,0,0,0,0,0,0,0,0,0,1,0,0,0,0,0,0,0,0,0,5,0,0,0,0,0,0,0,0,0,5
SL050,34172626078,3,0,0,0,2,0,0,0,0,0,0,0,0,0,3,0,0,0,0,0,3,0,0,0,5,0,0,0,0,0,8
SL050,34172626079,16,1,22,7,1,0,0,0,0,0,20,0,20,1,5,0,0,0,0,0,36,1,42,8,6,0,0,0,0,0,93
SL050,34172626080,25,0,44,1,3,0,0,0,0,0,16,1,13,0,6,0,0,0,0,0,41,1,57,1,9,0,0,0,0,0,109
SL050,34172626081,1,0,0,1,0,0,0,0,0,0,1,0,0,0,0,0,0,0,0,0,2,0,0,1,0,0,0,0,0,0,3
SL050,34172626082,0,0,0,0,0,0,0,0,0,0,1,0,0,0,0,0,0,0,0,0,1,0,0,0,0,0,0,0,0,0,1
SL050,34172626083,5,0,0,1,2,0,0,0,0,0,6,0,0,0,0,0,0,0,0,0,11,0,0,1,2,0,0,0,0,0,14
SL050,34172626084,359,32,61,13,182,6,6,2,4,0,384,42,73,12,308,6,9,5,7,1,743,74,134,25,490,12,15,7,11,1,1512
SL050,34172626087,14,0,0,2,1,0,0,0,0,0,16,1,0,0,2,0,0,0,0,0,30,1,0,2,3,0,0,0,0,0,36
SL050,34172626089,2858,297,1098,726,3314,58,1181,204,48,3,3318,352,948,437,4809,102,825,241,70,8,6176,649,2046,1163,8123,160,2006,445,118,11,20897
SL050,34172626091,0,1,0,0,2,0,0,0,0,0,0,0,0,0,1,0,0,0,0,0,0,1,0,0,3,0,0,0,0,0,4
SL050,34172626092,4,0,0,0,0,0,0,0,0,0,1,0,0,0,0,0,0,0,0,0,5,0,0,0,0,0,0,0,0,0,5
SL050,34172626093,0,1,0,0,0,0,0,0,0,0,0,0,0,0,2,0,0,0,0,0,0,1,0,0,2,0,0,0,0,0,3
SL050,34172626094,0,0,0,0,0,0,0,0,0,0,0,0,1,0,0,0,0,0,0,0,0,0,1,0,0,0,0,0,0,0,1
SL050,34172626095,0,0,0,0,1,0,0,0,0,0,0,0,1,0,2,0,0,0,0,0,0,0,1,0,3,0,0,0,0,0,4
SL050,34172626096,5,0,1,0,4,0,0,0,0,0,5,0,1,0,5,0,0,0,0,0,10,0,2,0,9,0,0,0,0,0,21
SL050,34172626098,3,1,0,0,4,0,0,0,0,0,1,0,0,0,5,0,0,0,0,0,4,1,0,0,9,0,0,0,0,0,14
SL050,34172626099,30,0,46,0,20,1,1,0,1,0,33,6,34,0,33,1,1,0,0,0,63,6,80,0,53,2,2,0,1,0,207
SL050,34172626100,0,1,0,0,1,0,0,0,0,0,0,0,1,0,4,0,0,0,0,0,0,1,1,0,5,0,0,0,0,0,7
SL050,34172626101,1,0,0,0,0,0,0,0,0,0,0,0,0,0,2,0,0,0,0,0,1,0,0,0,2,0,0,0,0,0,3
SL050,34172626102,192,4,117,16,42,1,18,7,0,0,225,6,76,4,78,1,13,8,1,0,417,10,193,20,120,2,31,15,1,0,809
SL050,34172626103,22,1,7,0,15,0,0,0,0,0,13,0,8,0,33,0,0,0,0,0,35,1,15,0,48,0,0,0,0,0,99
SL050,34172626104,0,0,0,0,1,0,0,0,0,0,0,0,2,0,0,0,0,0,0,0,0,0,2,0,1,0,0,0,0,0,3
SL050,34172626105,34,4,30,6,40,3,0,2,0,1,39,2,23,3,50,1,2,2,0,0,73,6,53,9,90,4,2,4,0,1,242
SL050,34172626106,0,0,1,0,0,0,0,0,0,0,0,0,0,0,0,0,0,0,0,0,0,0,1,0,0,0,0,0,0,0,1
SL050,34172626108,4,0,0,0,2,0,0,0,0,0,4,0,0,0,4,0,0,0,0,0,8,0,0,0,6,0,0,0,0,0,14
SL050,34172626109,2,0,0,0,0,0,0,0,0,0,4,1,0,0,0,0,0,0,0,0,6,1,0,0,0,0,0,0,0,0,7
SL050,34172626110,1,0,0,0,1,0,13,0,0,0,2,0,1,0,4,0,4,0,0,0,3,0,1,0,5,0,17,0,0,0,26
SL050,34172626111,3,0,0,0,0,0,0,0,0,1,5,0,0,0,3,0,0,1,0,0,8,0,0,0,3,0,0,1,0,1,13
SL050,34172626112,2,0,1,0,2,0,0,0,0,0,1,0,2,0,0,0,0,0,0,0,3,0,3,0,2,0,0,0,0,0,8
SL050,34172626117,444,7,158,2,6,0,0,2,0,0,440,9,96,0,17,0,0,4,1,0,884,16,254,2,23,0,0,6,1,0,1186
SL050,34172626118,0,0,0,0,2,0,0,0,0,0,2,0,0,0,1,0,0,0,0,0,2,0,0,0,3,0,0,0,0,0,5
SL050,34172626119,8,0,0,0,2,0,0,0,0,0,2,0,2,0,2,0,0,0,0,0,10,0,2,0,4,0,0,0,0,0,16
SL050,34172626120,8,53,120,0,14,0,0,0,0,0,15,43,86,0,37,0,0,0,1,0,23,96,206,0,51,0,0,0,1,0,377
SL050,34172626121,0,0,0,0,1,0,0,0,0,0,0,0,0,0,0,0,0,0,0,0,0,0,0,0,1,0,0,0,0,0,1
SL050,34172626122,3,0,0,0,3,0,0,0,0,0,4,0,0,0,1,0,0,0,0,0,7,0,0,0,4,0,0,0,0,0,11
SL050,34172626123,4,0,0,0,0,0,0,0,0,0,1,0,0,0,1,0,0,0,0,0,5,0,0,0,1,0,0,0,0,0,6
SL050,34172626124,14,0,5,0,8,0,0,0,1,0,24,0,5,0,11,0,0,0,0,0,38,0,10,0,19,0,0,0,1,0,68
SL050,34172626125,49,7,194,6,56,1,0,2,0,0,39,6,139,2,82,2,0,3,0,0,88,13,333,8,138,3,0,5,0,0,588
SL050,34172626127,9,0,0,0,1,0,0,0,0,0,15,0,0,0,2,0,1,0,0,0,24,0,0,0,3,0,1,0,0,0,28
SL050,34172626128,1,0,0,0,8,0,0,0,0,0,0,1,0,0,4,2,0,0,0,0,1,1,0,0,12,2,0,0,0,0,16
SL050,34172626129,12,1,2,0,8,0,6,0,0,0,16,0,2,0,13,1,0,0,0,0,28,1,4,0,21,1,6,0,0,0,61
SL050,34172626130,4,0,6,0,2,0,0,0,0,0,2,0,1,0,0,0,0,0,0,0,6,0,7,0,2,0,0,0,0,0,15
SL050,34172626132,11,1,0,0,2,0,0,0,0,0,6,0,0,0,2,0,0,0,0,0,17,1,0,0,4,0,0,0,0,0,22
SL050,34172626134,3,0,0,0,0,0,0,0,0,0,3,0,0,0,0,0,0,0,0,0,6,0,0,0,0,0,0,0,0,0,6
SL050,34172626135,3,0,1,0,2,0,0,0,0,0,2,0,0,0,1,0,0,0,0,0,5,0,1,0,3,0,0,0,0,0,9
SL050,34172626136,3,0,0,0,0,0,0,0,0,0,3,1,0,0,0,0,0,0,0,0,6,1,0,0,0,0,0,0,0,0,7
SL050,34172626138,125,18,194,3,90,0,49,4,1,0,120,12,112,3,160,1,39,5,5,0,245,30,306,6,250,1,88,9,6,0,941
SL050,34172626139,0,0,0,0,0,0,0,0,0,0,0,1,0,0,2,0,0,0,0,0,0,1,0,0,2,0,0,0,0,0,3
SL050,34172626140,3,1,2,0,0,0,0,0,0,0,1,0,3,0,2,0,0,0,0,0,4,1,5,0,2,0,0,0,0,0,12
SL050,34172626141,2,0,0,0,0,0,0,0,0,0,2,0,0,0,1,0,0,0,0,0,4,0,0,0,1,0,0,0,0,0,5
SL050,34172626142,38,0,29,0,1,1,1,0,1,0,31,2,15,0,7,0,0,0,0,0,69,2,44,0,8,1,1,0,1,0,126
SL050,34172626143,7,0,2,0,12,1,0,0,0,0,7,0,0,0,25,0,0,0,0,1,14,0,2,0,37,1,0,0,0,1,55
SL050,34172626144,16,0,1,0,1,0,1,0,0,0,10,0,0,0,1,0,0,0,0,0,26,0,1,0,2,0,1,0,0,0,30
SL050,34172626145,3,0,0,0,16,0,0,0,0,0,1,0,0,0,16,0,0,0,1,0,4,0,0,0,32,0,0,0,1,0,37
SL050,34172626147,0,0,0,0,1,0,0,0,0,0,0,0,0,0,0,0,0,0,0,0,0,0,0,0,1,0,0,0,0,0,1
SL050,34172626148,3,0,2,0,1,0,0,0,0,0,4,0,0,0,3,0,0,0,0,0,7,0,2,0,4,0,0,0,0,0,13
SL050,34172626150,7,2,0,0,1,0,0,0,0,0,9,0,0,0,1,0,0,0,0,0,16,2,0,0,2,0,0,0,0,0,20
SL050,34172626151,7,0,0,0,0,0,0,0,0,0,12,1,0,0,1,0,0,0,0,0,19,1,0,0,1,0,0,0,0,0,21
SL050,34172626155,0,0,0,0,5,0,0,0,0,0,0,0,0,0,4,0,0,0,0,0,0,0,0,0,9,0,0,0,0,0,9
SL050,34172626157,7,0,2,1,5,0,0,0,0,0,8,0,0,2,7,1,0,0,0,0,15,0,2,3,12,1,0,0,0,0,33
SL050,34172626158,23,2,17,0,2,0,0,0,0,0,18,0,11,0,3,0,0,0,0,0,41,2,28,0,5,0,0,0,0,0,76
SL050,34172626160,18,1,14,0,6,0,6,0,0,0,12,2,11,0,9,2,1,0,0,0,30,3,25,0,15,2,7,0,0,0,82
SL050,34172626162,2,1,0,0,1,0,0,0,0,0,2,0,1,1,1,0,0,0,0,0,4,1,1,1,2,0,0,0,0,0,9
SL050,34172626163,1,0,0,0,0,0,0,0,0,0,3,0,0,0,2,0,0,0,0,0,4,0,0,0,2,0,0,0,0,0,6
SL050,34172626164,0,0,1,0,0,0,0,0,0,0,0,0,3,0,3,0,0,0,0,0,0,0,4,0,3,0,0,0,0,0,7
SL050,34172626165,2,0,2,0,4,1,0,2,0,0,3,1,1,0,6,0,0,0,0,0,5,1,3,0,10,1,0,2,0,0,22
SL050,34172626166,0,0,0,0,0,0,0,0,0,0,4,0,0,0,0,0,0,0,0,0,4,0,0,0,0,0,0,0,0,0,4
SL050,34172626167,5,0,0,0,0,0,0,0,0,0,2,0,0,0,1,0,0,0,0,0,7,0,0,0,1,0,0,0,0,0,8
SL050,34172626168,204,11,27,5,203,5,9,6,2,1,219,22,28,4,260,5,7,5,2,1,423,33,55,9,463,10,16,11,4,2,1026
SL050,34172626170,19,0,28,0,1,0,0,0,0,0,11,0,27,0,4,0,0,0,1,0,30,0,55,0,5,0,0,0,1,0,91
SL050,34172626171,0,0,0,0,0,0,1,0,0,0,0,0,0,0,3,0,0,0,0,0,0,0,0,0,3,0,1,0,0,0,4
SL050,34172626172,0,0,0,0,0,0,0,0,0,0,0,0,1,0,0,0,0,0,0,0,0,0,1,0,0,0,0,0,0,0,1
SL050,34172626174,0,1,0,0,0,0,0,0,0,0,0,0,0,0,0,0,0,0,0,0,0,1,0,0,0,0,0,0,0,0,1
SL050,34172626175,0,1,1,0,0,0,0,0,0,0,0,0,0,0,0,0,0,0,0,0,0,1,1,0,0,0,0,0,0,0,2
SL050,34172626176,0,0,0,0,0,0,0,0,0,0,0,0,0,0,5,0,0,0,0,0,0,0,0,0,5,0,0,0,0,0,5
SL050,34172626177,1,0,0,0,5,0,0,0,0,0,2,0,0,0,5,0,0,0,0,0,3,0,0,0,10,0,0,0,0,0,13
SL050,34172626178,0,0,1,0,0,0,0,0,0,0,2,0,0,0,0,0,0,0,0,0,2,0,1,0,0,0,0,0,0,0,3
SL050,34172626180,5,0,0,0,3,0,1,0,0,0,3,0,0,0,8,0,0,0,0,0,8,0,0,0,11,0,1,0,0,0,20
SL050,34172626183,0,0,0,0,2,0,0,0,0,0,1,0,0,0,6,0,0,0,0,0,1,0,0,0,8,0,0,0,0,0,9
SL050,34122727001,8,3,1,0,8,0,0,0,0,0,4,0,0,0,7,0,1,1,0,0,12,3,1,0,15,0,1,1,0,0,33
SL050,34122727002,16,1,0,0,3,0,0,0,0,0,13,1,0,0,4,2,0,0,1,0,29,2,0,0,7,2,0,0,1,0,41
SL050,34122727003,30,4,1,0,17,0,0,0,0,0,22,0,0,0,25,0,0,0,1,0,52,4,1,0,42,0,0,0,1,0,100
SL050,34122727004,5,0,3,7,1,0,0,0,0,0,1,0,0,1,4,0,0,0,0,0,6,0,3,8,5,0,0,0,0,0,22
SL050,34122727005,39,7,23,1,23,0,0,0,2,0,34,3,13,0,31,1,0,1,0,0,73,10,36,1,54,1,0,1,2,0,178
SL050,34122727006,71,1,11,0,10,0,0,0,0,0,32,5,7,0,22,1,0,0,0,0,103,6,18,0,32,1,0,0,0,0,160
SL050,34122727007,21,2,2,1,15,0,0,0,0,0,20,0,0,1,29,0,0,0,0,0,41,2,2,2,44,0,0,0,0,0,91
SL050,34122727008,26,5,1,2,18,0,0,0,0,0,13,4,0,0,14,0,0,0,0,0,39,9,1,2,32,0,0,0,0,0,83
SL050,34122727009,27,4,4,0,8,1,0,0,0,0,21,9,1,0,26,0,0,0,0,1,48,13,5,0,34,1,0,0,0,1,102
SL050,34122727010,36,3,34,1,19,1,0,2,0,0,31,8,16,1,31,0,0,2,1,0,67,11,50,2,50,1,0,4,1,0,186
SL050,34122727011,26,1,4,0,13,0,0,0,0,0,11,2,3,0,22,0,0,0,0,0,37,3,7,0,35,0,0,0,0,0,82
SL050,34122727012,6,0,0,0,2,0,0,0,0,0,7,0,0,0,0,0,0,0,0,0,13,0,0,0,2,0,0,0,0,0,15
SL050,34122727013,28,3,4,24,17,0,1,1,6,0,27,7,3,21,28,1,1,3,2,0,55,10,7,45,45,1,2,4,8,0,177
SL050,34122727014,18,7,2,0,9,0,0,0,0,0,12,2,1,0,19,0,0,1,0,0,30,9,3,0,28,0,0,1,0,0,71
SL050,34122727015,23,2,21,2,14,0,0,0,0,0,23,4,12,0,12,2,0,0,0,0,46,6,33,2,26,2,0,0,0,0,115
SL050,34122727016,127,22,11,5,163,5,0,3,0,0,106,25,14,0,236,0,0,2,1,1,233,47,25,5,399,5,0,5,1,1,721
SL050,34122727017,6,0,0,0,5,0,0,0,0,0,10,0,0,0,5,0,0,0,0,0,16,0,0,0,10,0,0,0,0,0,26
SL050,34122727018,17,6,0,0,12,0,0,0,0,0,10,8,0,0,43,0,0,0,0,0,27,14,0,0,55,0,0,0,0,0,96
SL050,34122727019,137,21,53,14,122,1,2,4,1,1,101,17,50,19,236,3,1,6,0,1,238,38,103,33,358,4,3,10,1,2,790
SL050,34122727020,36,8,5,0,13,0,0,0,1,0,25,4,4,0,16,0,0,0,0,0,61,12,9,0,29,0,0,0,1,0,112
SL050,34122727021,15,0,1,1,3,0,0,0,1,0,3,2,2,0,15,0,0,0,1,0,18,2,3,1,18,0,0,0,2,0,44
SL050,34122727022,94,7,1,0,19,4,0,3,0,0,91,3,0,0,41,0,0,1,1,0,185,10,1,0,60,4,0,4,1,0,265
SL050,34122727023,11,3,3,2,9,0,0,0,0,0,3,2,2,0,8,1,0,0,0,0,14,5,5,2,17,1,0,0,0,0,44
SL050,34122727024,12,1,1,1,11,3,2,0,0,0,14,2,3,0,19,1,0,0,0,0,26,3,4,1,30,4,2,0,0,0,70
SL050,34122727025,30,3,14,2,24,1,0,0,74,0,33,2,9,0,35,1,0,0,0,0,63,5,23,2,59,2,0,0,74,0,228
SL050,34122727026,22,3,2,0,14,2,3,0,0,0,15,2,4,0,36,1,0,0,4,0,37,5,6,0,50,3,3,0,4,0,108
SL050,34122727027,21,7,41,1,7,0,0,0,0,0,13,4,26,2,12,0,0,1,0,0,34,11,67,3,19,0,0,1,0,0,135
SL050,34122727028,831,217,446,145,2038,25,32,59,23,2,832,213,328,97,3245,47,22,89,24,1,1663,430,774,242,5283,72,54,148,47,3,8716
SL050,34122727029,33,4,11,3,9,0,0,2,0,0,30,2,15,1,11,0,0,1,0,0,63,6,26,4,20,0,0,3,0,0,122
SL050,34122727030,13,8,18,0,15,0,0,0,0,0,10,6,11,2,22,0,1,1,0,1,23,14,29,2,37,0,1,1,0,1,108
SL050,34122727031,342,97,76,27,437,7,4,12,5,0,328,96,55,12,598,11,1,13,2,1,670,193,131,39,1035,18,5,25,7,1,2124
SL050,34122727032,43,9,1,1,18,0,0,3,0,0,47,7,1,0,45,0,0,4,0,0,90,16,2,1,63,0,0,7,0,0,179
SL050,34122727033,4,0,0,0,1,0,0,0,0,0,2,0,0,0,1,1,0,0,1,0,6,0,0,0,2,1,0,0,1,0,10
SL050,34122727034,9,1,5,0,1,0,0,0,0,0,5,0,2,0,6,0,0,0,0,0,14,1,7,0,7,0,0,0,0,0,29
SL050,34122727035,8,0,0,0,1,0,0,0,0,0,4,1,0,1,2,0,0,0,0,0,12,1,0,1,3,0,0,0,0,0,17
SL050,34122727037,8,0,1,0,2,0,0,0,0,0,7,1,0,0,7,0,0,0,0,0,15,1,1,0,9,0,0,0,0,0,26
SL050,34122727038,20,2,0,0,6,0,0,0,0,0,8,4,0,0,5,1,0,0,0,0,28,6,0,0,11,1,0,0,0,0,46
SL050,34122727039,39,4,4,0,31,0,0,0,0,0,26,11,2,4,43,1,0,1,0,1,65,15,6,4,74,1,0,1,0,1,167
SL050,34122727040,27,2,2,0,19,1,0,0,0,0,18,2,1,0,32,7,0,0,0,0,45,4,3,0,51,8,0,0,0,0,111
SL050,34122727041,58,11,1,2,25,1,0,1,0,0,55,11,1,1,33,1,0,2,0,1,113,22,2,3,58,2,0,3,0,1,204
SL050,34122727042,11,11,3,0,6,0,0,0,0,0,12,13,3,0,5,2,0,0,1,0,23,24,6,0,11,2,0,0,1,0,67
SL050,34122727043,11,2,6,0,4,0,0,0,0,0,5,1,1,0,11,2,0,0,0,0,16,3,7,0,15,2,0,0,0,0,43
SL050,34122727044,7,2,7,1,20,0,0,0,0,0,8,0,2,0,22,0,0,0,0,0,15,2,9,1,42,0,0,0,0,0,69
SL050,34122727045,3,1,2,0,1,0,0,0,0,0,7,0,0,0,1,1,0,0,0,0,10,1,2,0,2,1,0,0,0,0,16
SL050,34122727046,5,1,6,1,8,0,1,0,0,0,9,2,3,0,16,0,0,0,0,0,14,3,9,1,24,0,1,0,0,0,52
SL050,34122727047,17,4,4,0,24,4,0,0,0,0,15,1,0,0,25,0,0,0,0,0,32,5,4,0,49,4,0,0,0,0,94
SL050,34122727048,36,5,7,0,4,1,0,0,1,0,23,3,4,1,6,1,0,0,0,0,59,8,11,1,10,2,0,0,1,0,92
SL050,34122727049,17,4,7,1,10,1,0,0,0,0,10,1,6,1,13,0,0,0,0,0,27,5,13,2,23,1,0,0,0,0,71
SL050,34122727050,61,5,4,2,19,3,0,3,0,0,51,11,2,0,57,3,0,1,0,0,112,16,6,2,76,6,0,4,0,0,222
SL050,34122727051,148,22,8,6,176,2,3,7,1,0,106,21,15,5,280,5,0,13,3,1,254,43,23,11,456,7,3,20,4,1,822
SL050,34122727052,11,2,0,1,9,3,0,0,0,0,13,1,0,0,18,0,0,0,0,0,24,3,0,1,27,3,0,0,0,0,58
SL050,34122727053,5,0,0,0,1,0,0,0,0,0,1,0,0,0,5,0,0,0,0,0,6,0,0,0,6,0,0,0,0,0,12
SL050,34122727054,15,1,2,0,5,0,0,0,1,0,6,0,0,0,10,0,0,0,0,0,21,1,2,0,15,0,0,0,1,0,40
SL050,34122727055,5,1,1,0,3,2,3,0,0,1,2,2,1,1,13,2,0,0,0,0,7,3,2,1,16,4,3,0,0,1,37
SL050,34122727056,38,0,15,6,10,1,0,0,0,0,31,1,6,2,13,0,0,0,0,0,69,1,21,8,23,1,0,0,0,0,123
SL050,34122727057,143,97,41,3,263,4,23,4,3,1,117,69,41,5,412,3,7,6,4,0,260,166,82,8,675,7,30,10,7,1,1246
SL050,34122727058,79,25,11,1,31,0,0,0,0,0,48,24,8,2,49,2,0,1,1,0,127,49,19,3,80,2,0,1,1,0,282
SL050,34122727059,36,12,0,1,26,4,0,0,0,0,32,7,1,0,47,1,0,0,0,0,68,19,1,1,73,5,0,0,0,0,167
SL050,34122727060,50,9,1,1,38,1,0,0,1,0,33,11,2,0,49,0,0,0,0,0,83,20,3,1,87,1,0,0,1,0,196
SL050,34122727061,4,1,3,0,6,0,0,0,0,0,3,0,4,1,5,0,0,0,0,0,7,1,7,1,11,0,0,0,0,0,27
SL050,34122727062,2,0,0,0,5,1,0,0,0,0,5,2,0,0,6,0,0,0,0,0,7,2,0,0,11,1,0,0,0,0,21
SL050,34122727063,40,1,2,0,4,0,0,0,0,0,34,3,4,0,16,1,0,0,0,0,74,4,6,0,20,1,0,0,0,0,105
SL050,34122727064,25,5,1,0,3,3,0,0,0,0,15,5,2,0,15,0,0,0,0,0,40,10,3,0,18,3,0,0,0,0,74
SL050,34122727065,178,13,34,8,74,0,5,3,0,0,155,21,20,5,113,2,3,5,0,0,333,34,54,13,187,2,8,8,0,0,639
SL050,34122727066,245,58,8,18,364,11,4,10,154,1,201,63,8,7,454,12,0,12,3,0,446,121,16,25,818,23,4,22,157,1,1633
SL050,34122727901,42,1,0,1,16,0,0,0,0,0,21,2,2,1,21,0,1,0,0,0,63,3,2,2,37,0,1,0,0,0,108
SL050,34122727902,87,12,17,351,249,2,4,3,100,0,93,20,18,259,294,5,1,7,2,2,180,32,35,610,543,7,5,10,102,2,1526
SL050,34132828001,1,0,0,0,1,0,0,0,0,0,0,0,0,0,0,0,0,0,0,0,1,0,0,0,1,0,0,0,0,0,2
SL050,34132828002,173,9,33,8,137,11,0,4,2,1,162,16,30,9,152,8,0,7,4,1,335,25,63,17,289,19,0,11,6,2,767
SL050,34132828003,1,0,0,0,3,0,0,0,0,0,1,0,0,0,2,0,0,0,0,0,2,0,0,0,5,0,0,0,0,0,7
SL050,34132828004,166,19,280,5,239,3,3,16,2,1,186,21,212,5,331,4,2,17,4,0,352,40,492,10,570,7,5,33,6,1,1516
SL050,34132828005,7778,939,957,1180,4534,157,143,728,83,13,8070,1152,756,905,5739,164,68,1076,108,10,15848,2091,1713,2085,10273,321,211,1804,191,23,34560
SL050,34132828006,1931,453,751,246,6194,212,100,384,458,16,2107,700,645,199,8689,264,30,481,556,10,4038,1153,1396,445,14883,476,130,865,1014,26,24426
SL050,34132828007,2157,1024,1543,452,4779,55,207,459,100,25,2417,1252,1048,547,6211,75,96,520,110,17,4574,2276,2591,999,10990,130,303,979,210,42,23094
SL050,34132828008,66,6,117,3,58,3,1,1,4,0,57,10,90,3,68,1,0,4,2,0,123,16,207,6,126,4,1,5,6,0,494
SL050,34132828009,403,57,137,14,711,24,24,128,26,1,481,75,117,9,911,42,6,71,31,5,884,132,254,23,1622,66,30,199,57,6,3273
SL050,34132828010,262,20,77,15,305,22,5,16,6,0,299,35,63,6,406,20,6,28,13,1,561,55,140,21,711,42,11,44,19,1,1605
SL050,34132828011,27,1,7,3,9,1,0,2,3,1,42,1,1,1,12,0,1,1,5,0,69,2,8,4,21,1,1,3,8,1,118
SL050,34132828012,21,4,4,2,25,0,0,1,0,0,32,10,0,2,34,1,0,2,0,0,53,14,4,4,59,1,0,3,0,0,138
SL050,34132828013,1364,97,852,91,1727,27,26,118,23,6,1403,133,668,71,2274,32,13,134,26,5,2767,230,1520,162,4001,59,39,252,49,11,9090
SL050,34132828014,3896,112,256,44,1145,27,471,100,20,7,3860,137,236,39,1454,17,178,96,12,5,7756,249,492,83,2599,44,649,196,32,12,12112
SL050,34132828015,382,42,172,43,585,29,5,124,14,3,450,89,156,57,812,34,1,113,15,6,832,131,328,100,1397,63,6,237,29,9,3132
SL050,34132828016,1,0,2,0,0,0,0,0,0,0,0,0,1,0,1,0,0,0,0,0,1,0,3,0,1,0,0,0,0,0,5
SL050,34132828017,28,4,7,3,36,1,0,1,1,1,34,1,5,1,31,0,0,1,0,1,62,5,12,4,67,1,0,2,1,2,156
SL050,34132828018,89,11,125,3,114,6,0,6,4,0,116,11,112,2,160,3,2,10,5,1,205,22,237,5,274,9,2,16,9,1,780
SL050,34132828019,45,4,2,1,23,1,0,0,0,0,45,5,3,1,11,0,0,0,0,0,90,9,5,2,34,1,0,0,0,0,141
SL050,34132828020,5,0,1,0,5,0,0,0,0,0,6,0,0,0,4,0,0,0,0,0,11,0,1,0,9,0,0,0,0,0,21
SL050,34132828021,15,0,10,0,12,0,0,1,0,0,19,1,9,0,13,0,0,1,1,0,34,1,19,0,25,0,0,2,1,0,82
SL050,34132828022,674,92,124,35,1388,102,23,119,42,5,826,145,93,38,2067,119,36,156,81,7,1500,237,217,73,3455,221,59,275,123,12,6172
SL050,34132828023,198,14,104,3,121,7,2,8,1,1,209,17,61,1,190,9,2,16,3,2,407,31,165,4,311,16,4,24,4,3,969
SL050,34132828024,12,0,3,0,1,0,0,0,0,0,5,0,0,0,1,0,0,0,0,0,17,0,3,0,2,0,0,0,0,0,22
SL050,34132828025,20,0,8,0,9,0,0,0,0,0,12,1,1,0,9,0,0,0,0,0,32,1,9,0,18,0,0,0,0,0,60
SL050,34132828026,586,29,128,11,302,8,6,14,3,3,630,40,115,13,428,14,3,20,10,3,1216,69,243,24,730,22,9,34,13,6,2366
SL050,34132828027,101,4,30,1,39,0,0,9,16,0,115,8,20,1,73,0,0,8,7,0,216,12,50,2,112,0,0,17,23,0,432
SL050,34132828028,44,16,43,4,54,2,0,2,2,0,50,19,32,1,72,2,0,5,0,0,94,35,75,5,126,4,0,7,2,0,348
SL050,34132828029,9,2,1,0,17,0,0,1,0,0,13,4,2,0,19,2,0,2,0,0,22,6,3,0,36,2,0,3,0,0,72
SL050,34132828030,114,30,51,12,46,2,0,4,1,0,117,18,38,6,84,0,0,3,1,0,231,48,89,18,130,2,0,7,2,0,527
SL050,34132828031,145,3,76,5,28,0,0,1,2,0,129,7,54,1,33,1,0,1,1,0,274,10,130,6,61,1,0,2,3,0,487
SL050,34132828032,175,19,30,14,144,34,0,19,4,1,190,16,27,14,176,30,0,15,2,1,365,35,57,28,320,64,0,34,6,2,911
SL050,34132828033,318,6,62,3,119,5,6,6,2,0,329,9,37,5,161,4,0,8,0,1,647,15,99,8,280,9,6,14,2,1,1081
SL050,34132828034,5,0,0,0,8,1,0,0,0,0,7,0,1,1,11,3,0,0,0,0,12,0,1,1,19,4,0,0,0,0,37
SL050,34132828035,89,6,6,2,25,1,0,5,0,0,92,11,6,1,43,3,0,4,0,0,181,17,12,3,68,4,0,9,0,0,294
SL050,34132828036,51,2,32,2,65,0,0,8,1,0,46,4,25,4,81,2,0,10,0,0,97,6,57,6,146,2,0,18,1,0,333
SL050,34132828037,34,2,57,1,9,0,0,1,2,0,46,1,38,0,11,0,1,3,0,0,80,3,95,1,20,0,1,4,2,0,206
SL050,34132828038,106,14,172,7,138,8,4,7,3,2,127,24,129,2,181,3,3,10,2,1,233,38,301,9,319,11,7,17,5,3,943
SL050,34132828039,4,0,3,0,1,0,0,0,0,0,2,0,1,0,1,0,0,0,0,0,6,0,4,0,2,0,0,0,0,0,12
SL050,34132828040,768,76,425,87,817,7,12,37,9,0,764,84,336,102,1037,8,8,32,14,2,1532,160,761,189,1854,15,20,69,23,2,4625
SL050,34132828041,259,23,23,3,164,11,8,5,7,5,299,25,19,7,243,12,3,12,7,1,558,48,42,10,407,23,11,17,14,6,1136
SL050,34132828042,39,3,71,0,48,2,2,1,1,0,33,1,48,0,63,0,2,3,0,0,72,4,119,0,111,2,4,4,1,0,317
SL050,34132828043,161,5,56,8,127,1,7,4,2,0,157,11,31,7,156,2,3,5,0,1,318,16,87,15,283,3,10,9,2,1,744
SL050,34132828044,243,17,125,12,278,11,10,18,3,2,267,29,86,8,387,12,2,23,1,1,510,46,211,20,665,23,12,41,4,3,1535
SL050,34132828045,1043,76,705,46,2020,46,67,81,25,4,1106,135,494,22,2567,68,14,121,24,8,2149,211,1199,68,4587,114,81,202,49,12,8672
SL050,34132828046,185,18,175,5,132,6,5,7,4,3,228,24,137,5,188,12,0,10,4,3,413,42,312,10,320,18,5,17,8,6,1151
SL050,34132828047,1744,159,1405,64,3354,43,34,110,28,4,1889,239,1063,62,4346,47,18,151,52,10,3633,398,2468,126,7700,90,52,261,80,14,14822
SL050,34132828048,15,1,2,3,8,0,0,0,0,0,19,3,1,0,14,0,0,0,0,0,34,4,3,3,22,0,0,0,0,0,66
SL050,34132828049,5134,125,202,91,965,23,49,166,21,6,5313,154,139,75,1408,10,21,181,38,4,10447,279,341,166,2373,33,70,347,59,10,14125
SL050,34132828050,75,13,28,5,134,2,1,14,1,1,86,7,21,7,174,3,1,23,0,0,161,20,49,12,308,5,2,37,1,1,596
SL050,34132828051,36,3,69,4,31,0,2,3,1,0,40,5,47,2,48,0,0,5,0,0,76,8,116,6,79,0,2,8,1,0,296
SL050,34132828052,128,20,70,6,124,3,1,4,0,0,124,24,47,3,148,0,4,8,3,0,252,44,117,9,272,3,5,12,3,0,717
SL050,34132828053,202,15,23,9,224,11,3,11,0,1,235,21,23,7,289,11,1,21,2,0,437,36,46,16,513,22,4,32,2,1,1109
SL050,34132828054,299,135,178,8,382,25,2,33,10,5,372,182,108,12,526,24,1,44,14,6,671,317,286,20,908,49,3,77,24,11,2366
SL050,34132828055,80,0,8,0,13,0,0,3,0,0,74,0,6,1,16,1,0,1,0,0,154,0,14,1,29,1,0,4,0,0,203
SL050,34132828056,70,6,123,1,39,1,0,2,0,0,73,9,98,0,48,3,1,1,1,0,143,15,221,1,87,4,1,3,1,0,476
SL050,34132828057,36,5,21,2,50,1,1,1,0,0,35,4,6,3,77,0,0,1,0,0,71,9,27,5,127,1,1,2,0,0,243
SL050,34132828058,2468,527,2517,1687,4554,41,122,701,130,15,2723,608,1815,1755,5830,48,36,660,120,15,5191,1135,4332,3442,10384,89,158,1361,250,30,26372
SL050,34132828059,162,4,117,3,271,4,2,20,8,1,169,9,85,3,332,10,3,18,7,1,331,13,202,6,603,14,5,38,15,2,1229
SL050,34132828060,43,2,4,4,48,1,0,2,0,0,45,3,5,3,69,1,0,1,2,0,88,5,9,7,117,2,0,3,2,0,233
SL050,34132828061,762,128,629,33,1679,33,24,46,19,6,895,179,497,34,2409,49,13,75,19,3,1657,307,1126,67,4088,82,37,121,38,9,7532
SL050,34132828062,5,1,3,2,4,1,0,0,0,0,3,0,3,0,7,0,0,0,0,0,8,1,6,2,11,1,0,0,0,0,29
SL050,34132828063,11,0,2,2,7,0,0,0,0,0,6,1,1,1,10,0,0,0,0,0,17,1,3,3,17,0,0,0,0,0,41
SL050,34132828064,6,0,1,0,1,0,0,0,0,0,7,0,1,0,5,0,0,0,0,0,13,0,2,0,6,0,0,0,0,0,21
SL050,34132828065,3053,813,1761,490,5679,46,215,877,127,21,3320,982,1386,380,7062,66,94,1051,136,11,6373,1795,3147,870,12741,112,309,1928,263,32,27570
SL050,34132828066,143,12,112,5,153,12,2,46,8,0,159,17,70,5,221,5,0,49,7,2,302,29,182,10,374,17,2,95,15,2,1028
SL050,34132828067,99,20,161,3,145,4,2,11,2,2,113,21,127,4,212,6,1,13,4,0,212,41,288,7,357,10,3,24,6,2,950
SL050,34132828068,296,46,239,8,415,12,4,17,9,1,340,60,190,4,536,23,2,23,9,0,636,106,429,12,951,35,6,40,18,1,2234
SL050,34132828070,3,0,2,1,3,0,0,0,0,0,7,0,0,0,1,0,0,0,0,0,10,0,2,1,4,0,0,0,0,0,17
SL050,34132828071,6,1,0,0,1,0,0,0,0,0,4,0,0,0,1,0,0,0,0,0,10,1,0,0,2,0,0,0,0,0,13
SL050,34132828072,141,20,108,10,298,22,0,8,2,0,155,29,83,7,401,23,0,11,11,1,296,49,191,17,699,45,0,19,13,1,1330
SL050,34132828073,320,49,573,142,383,3,21,80,10,2,317,44,402,135,505,2,9,80,8,2,637,93,975,277,888,5,30,160,18,4,3087
SL050,34132828074,2694,705,1942,668,5639,58,121,431,82,20,2912,877,1484,630,7280,46,63,440,81,16,5606,1582,3426,1298,12919,104,184,871,163,36,26189
SL050,34132828075,211,14,83,24,160,3,6,19,3,2,222,15,56,18,259,5,1,16,6,1,433,29,139,42,419,8,7,35,9,3,1124
SL050,34132828076,39,0,0,0,4,1,0,0,0,0,43,2,1,0,10,0,0,1,0,0,82,2,1,0,14,1,0,1,0,0,101
SL050,34132828078,4,0,0,0,1,0,0,0,0,0,0,0,0,0,1,0,0,0,0,0,4,0,0,0,2,0,0,0,0,0,6
SL050,34132828079,49951,8581,18123,8365,177181,4946,7128,17481,9260,447,56207,13158,16379,5217,243771,6326,3015,19854,13515,447,106158,21739,34502,13582,420952,11272,10143,37335,22775,894,679352
SL050,34132828080,796,107,379,48,3530,158,15,200,120,10,974,216,340,50,5473,199,10,240,199,7,1770,323,719,98,9003,357,25,440,319,17,13071
SL050,34132828082,202,32,102,5,249,11,3,17,4,1,215,43,78,4,307,8,1,18,4,1,417,75,180,9,556,19,4,35,8,2,1305
SL050,34132828083,486,38,49,45,295,10,16,32,6,0,535,49,38,48,369,13,12,30,6,1,1021,87,87,93,664,23,28,62,12,1,2078
SL050,34132828084,1023,30,118,23,418,7,14,23,9,3,1010,33,118,20,535,8,4,31,10,2,2033,63,236,43,953,15,18,54,19,5,3439
SL050,34132828085,151,23,174,4,181,6,0,6,2,2,143,24,117,4,247,2,1,6,2,1,294,47,291,8,428,8,1,12,4,3,1096
SL050,34132828086,402,49,193,4,392,5,16,20,2,1,416,69,137,0,515,9,1,24,5,0,818,118,330,4,907,14,17,44,7,1,2260
SL050,34132828087,105,4,70,1,87,2,1,4,4,0,130,7,50,5,112,4,0,7,4,0,235,11,120,6,199,6,1,11,8,0,597
SL050,34132828088,6,0,2,1,10,0,0,0,0,0,5,0,1,0,12,0,0,0,0,0,11,0,3,1,22,0,0,0,0,0,37
SL050,34132828089,56,8,73,9,68,0,0,4,0,1,56,3,42,2,91,2,0,7,2,0,112,11,115,11,159,2,0,11,2,1,424
SL050,34132828090,257,33,194,4,192,14,8,20,3,1,317,47,106,6,280,13,2,30,8,3,574,80,300,10,472,27,10,50,11,4,1538
SL050,34132828091,202,18,71,6,167,0,6,7,3,1,235,29,79,4,220,2,4,9,0,0,437,47,150,10,387,2,10,16,3,1,1063
SL050,34132828092,3797,1162,2044,1455,5808,48,113,546,138,22,4292,1416,1534,1220,7475,74,55,538,172,22,8089,2578,3578,2675,13283,122,168,1084,310,44,31931
SL050,34132828093,61,19,43,1,56,2,0,3,1,0,81,22,36,3,77,1,0,8,2,0,142,41,79,4,133,3,0,11,3,0,416
SL050,34132828094,21,19,34,0,50,1,2,1,1,0,24,34,26,0,67,0,2,5,2,0,45,53,60,0,117,1,4,6,3,0,289
SL050,34132828095,65,11,163,0,73,1,0,2,2,2,82,11,96,1,119,4,0,3,2,1,147,22,259,1,192,5,0,5,4,3,638
SL050,34132828096,382,63,643,41,747,7,9,50,9,3,391,93,488,38,998,13,2,46,13,3,773,156,1131,79,1745,20,11,96,22,6,4039
SL050,34132828097,0,0,0,0,1,0,0,0,0,0,1,0,0,0,1,0,0,0,0,0,1,0,0,0,2,0,0,0,0,0,3
SL050,34132828099,96,5,123,0,64,2,1,2,1,0,89,2,104,0,90,0,0,2,0,0,185,7,227,0,154,2,1,4,1,0,581
SL050,34132828100,277,11,16,7,157,6,7,21,2,2,265,23,11,5,209,11,6,17,3,2,542,34,27,12,366,17,13,38,5,4,1058
SL050,34132828101,20,0,2,0,8,2,0,0,1,0,16,1,0,0,4,2,0,1,1,0,36,1,2,0,12,4,0,1,2,0,58
SL050,34132828102,49,1,5,0,19,0,0,1,0,0,49,3,6,1,21,0,0,1,0,0,98,4,11,1,40,0,0,2,0,0,156
SL050,34132828104,736,63,144,17,969,30,10,42,27,3,765,89,99,20,1294,34,4,55,37,5,1501,152,243,37,2263,64,14,97,64,8,4443
SL050,34132828106,2926,605,3236,1298,5794,27,247,1841,83,3,3027,709,2575,1079,6779,41,87,1674,113,7,5953,1314,5811,2377,12573,68,334,3515,196,10,32151
SL050,34132828107,5,2,1,0,3,0,0,0,1,0,14,0,1,0,8,0,0,0,1,0,19,2,2,0,11,0,0,0,2,0,36
SL050,34132828108,222,20,89,9,174,7,1,6,5,0,274,35,84,4,291,4,1,11,3,2,496,55,173,13,465,11,2,17,8,2,1242
SL050,34132828109,68,11,120,0,118,2,0,9,0,0,66,13,76,1,146,2,1,4,2,0,134,24,196,1,264,4,1,13,2,0,639
SL050,34132828110,114,14,41,2,41,0,4,5,1,0,109,21,28,5,46,0,1,3,1,0,223,35,69,7,87,0,5,8,2,0,436
SL050,34132828111,26,3,0,0,8,1,1,0,0,0,31,2,1,0,9,1,0,1,0,0,57,5,1,0,17,2,1,1,0,0,84
SL050,34132828112,3,0,0,0,3,0,0,0,0,0,4,1,0,0,1,0,0,0,0,0,7,1,0,0,4,0,0,0,0,0,12
SL050,34132828113,864,130,360,98,1531,10,83,214,35,6,950,182,271,72,1992,19,49,219,28,6,1814,312,631,170,3523,29,132,433,63,12,7119
SL050,34132828114,4,0,0,1,3,0,0,0,0,0,3,0,0,1,2,0,0,0,0,0,7,0,0,2,5,0,0,0,0,0,14
SL050,34132828115,1304,155,379,68,2240,294,21,223,131,21,1572,293,363,96,3572,307,33,323,287,11,2876,448,742,164,5812,601,54,546,418,32,11693
SL050,34132828116,42,1,9,0,24,2,0,0,0,0,48,1,2,2,36,3,0,1,0,1,90,2,11,2,60,5,0,1,0,1,172
SL050,34132828117,1,0,0,0,1,0,0,0,0,0,1,0,0,0,0,0,0,0,0,0,2,0,0,0,1,0,0,0,0,0,3
SL050,34132828118,0,0,0,0,1,0,0,0,0,0,1,0,0,0,0,0,0,0,0,0,1,0,0,0,1,0,0,0,0,0,2
SL050,34132828119,80,5,45,1,130,2,0,4,3,0,72,6,25,3,165,4,1,5,0,0,152,11,70,4,295,6,1,9,3,0,551
SL050,34132828120,133,1,13,1,33,2,0,4,0,0,117,1,8,0,43,1,0,5,0,0,250,2,21,1,76,3,0,9,0,0,362
SL050,34132828121,4,1,1,0,2,1,0,0,0,0,6,2,2,0,2,0,0,0,0,0,10,3,3,0,4,1,0,0,0,0,21
SL050,34132828122,13,0,8,2,9,0,1,0,0,1,30,0,4,0,13,0,0,0,0,2,43,0,12,2,22,0,1,0,0,3,83
SL050,34132828123,1891,144,561,86,1764,37,46,198,104,10,2101,209,502,87,2432,55,43,272,87,11,3992,353,1063,173,4196,92,89,470,191,21,10640
SL050,34132828124,4,1,1,0,1,0,0,0,0,0,3,0,1,0,2,0,0,0,0,0,7,1,2,0,3,0,0,0,0,0,13
SL050,34132828125,88,21,33,3,103,2,4,2,1,0,91,25,31,3,136,3,3,6,2,0,179,46,64,6,239,5,7,8,3,0,557
SL050,34132828126,1,0,1,0,0,0,0,0,0,0,1,0,1,0,1,0,0,0,0,0,2,0,2,0,1,0,0,0,0,0,5
SL050,34132828127,1240,167,421,79,3288,184,49,227,243,13,1583,294,393,59,4749,249,35,294,385,10,2823,461,814,138,8037,433,84,521,628,23,13962
SL050,34132828128,12,0,0,0,9,0,0,0,0,0,6,0,1,0,10,0,0,0,0,0,18,0,1,0,19,0,0,0,0,0,38
SL050,34132828129,492,42,48,27,538,25,13,29,4,2,506,56,55,15,732,27,8,27,11,2,998,98,103,42,1270,52,21,56,15,4,2659
SL050,34132828130,1789,63,96,34,512,7,42,79,13,4,1993,89,100,37,721,18,14,85,17,4,3782,152,196,71,1233,25,56,164,30,8,5717
SL050,34132828131,258,78,225,16,631,30,6,28,8,2,324,114,163,16,771,49,17,40,25,2,582,192,388,32,1402,79,23,68,33,4,2803
SL050,34132828132,844,33,401,106,533,6,18,24,8,3,849,45,304,44,639,11,8,32,4,2,1693,78,705,150,1172,17,26,56,12,5,3914
SL050,34132828133,77,11,238,10,199,0,1,17,2,3,106,17,221,2,253,5,0,18,0,0,183,28,459,12,452,5,1,35,2,3,1180
SL050,34132828134,1195,165,435,110,3697,104,78,352,133,7,1376,250,375,77,5061,114,41,277,180,14,2571,415,810,187,8758,218,119,629,313,21,14041
SL050,34132828135,11,2,27,0,11,0,0,0,0,0,16,4,21,0,20,1,0,3,0,0,27,6,48,0,31,1,0,3,0,0,116
SL050,34132828136,15,0,2,0,10,0,0,0,1,0,20,1,1,0,16,0,0,0,3,0,35,1,3,0,26,0,0,0,4,0,69
SL050,34132828137,51,4,23,2,62,1,2,2,2,1,59,5,18,6,82,1,0,4,2,0,110,9,41,8,144,2,2,6,4,1,327
SL050,34132828138,1,0,4,0,0,0,0,0,0,0,2,0,4,1,0,0,0,0,0,0,3,0,8,1,0,0,0,0,0,0,12
SL050,34132828140,38,8,14,3,47,2,6,9,0,0,48,9,17,5,43,0,5,7,0,0,86,17,31,8,90,2,11,16,0,0,261
SL050,34132828141,240,22,122,10,217,7,2,8,5,3,265,25,87,9,293,7,0,18,2,2,505,47,209,19,510,14,2,26,7,5,1344
SL050,34132828143,1,0,0,0,1,0,0,0,0,0,1,0,0,0,0,0,0,0,1,0,2,0,0,0,1,0,0,0,1,0,4
SL050,34132828144,214,19,65,8,197,11,5,8,4,1,224,31,57,8,257,17,2,26,6,4,438,50,122,16,454,28,7,34,10,5,1164
SL050,34132828145,93,8,44,3,119,4,0,5,7,0,88,15,32,5,148,2,0,6,5,1,181,23,76,8,267,6,0,11,12,1,585
SL050,34132828146,139,1,28,0,51,0,2,1,2,0,140,4,15,1,88,0,0,1,0,0,279,5,43,1,139,0,2,2,2,0,473
SL050,34132828147,23,3,8,0,25,0,0,1,0,0,29,2,9,0,29,0,0,0,0,0,52,5,17,0,54,0,0,1,0,0,129
SL050,34132828148,4386,340,1216,1334,4581,92,93,315,120,11,4683,417,935,932,5872,78,47,313,156,19,9069,757,2151,2266,10453,170,140,628,276,30,25940
SL050,34132828149,70,19,76,6,138,2,1,116,2,0,98,24,54,10,193,2,0,119,1,0,168,43,130,16,331,4,1,235,3,0,931
SL050,34132828150,42,2,21,1,47,0,0,1,0,0,57,2,20,1,88,0,0,8,0,0,99,4,41,2,135,0,0,9,0,0,290
SL050,34132828151,190,9,91,0,110,1,0,4,4,0,208,12,63,3,146,2,0,6,5,0,398,21,154,3,256,3,0,10,9,0,854
SL050,34132828152,347,45,82,32,558,62,15,33,22,7,432,57,74,26,832,83,13,65,46,8,779,102,156,58,1390,145,28,98,68,15,2839
SL050,34132828153,27,0,15,3,16,0,0,0,3,0,18,2,11,1,14,1,0,1,1,0,45,2,26,4,30,1,0,1,4,0,113
SL050,34132828154,201,10,91,7,103,2,0,8,2,1,199,10,73,2,150,0,0,12,2,1,400,20,164,9,253,2,0,20,4,2,874
SL050,34132828155,20,0,2,0,6,0,0,0,0,0,13,0,2,0,10,0,0,0,0,0,33,0,4,0,16,0,0,0,0,0,53
SL050,34132828156,54,0,9,3,29,1,0,1,0,0,58,2,4,2,36,0,0,0,1,0,112,2,13,5,65,1,0,1,1,0,200
SL050,34132828157,22,1,14,0,19,0,0,0,0,0,30,3,10,0,26,1,0,1,0,0,52,4,24,0,45,1,0,1,0,0,127
SL050,34132828158,30,8,7,1,22,0,0,0,0,0,17,10,6,0,20,1,0,2,1,0,47,18,13,1,42,1,0,2,1,0,125
SL050,34132828159,6,1,30,0,10,0,0,0,0,0,3,2,16,0,9,1,0,0,0,0,9,3,46,0,19,1,0,0,0,0,78
SL050,34132828160,293,16,276,6,337,10,9,13,11,3,355,49,181,10,461,16,0,24,11,2,648,65,457,16,798,26,9,37,22,5,2083
SL050,34132828161,1435,183,481,168,2472,27,47,204,21,6,1545,278,353,137,3190,22,18,204,30,5,2980,461,834,305,5662,49,65,408,51,11,10826
SL050,34132828162,91,13,32,7,128,8,3,2,7,0,96,11,23,5,159,5,3,5,4,0,187,24,55,12,287,13,6,7,11,0,602
SL050,34132828163,10,3,6,0,13,2,0,0,0,0,12,4,4,2,10,0,0,0,0,0,22,7,10,2,23,2,0,0,0,0,66
SL050,34132828164,93,8,62,6,80,3,0,13,2,1,96,16,49,10,149,4,2,11,3,1,189,24,111,16,229,7,2,24,5,2,609
SL050,34132828165,170,8,31,6,80,0,8,8,0,0,174,11,22,2,73,0,4,8,2,0,344,19,53,8,153,0,12,16,2,0,607
SL050,34132828166,13,1,6,1,5,0,0,0,0,0,14,3,6,0,12,0,0,0,0,0,27,4,12,1,17,0,0,0,0,0,61
SL050,34132828167,417,46,53,1,155,3,9,16,7,0,412,57,32,4,209,6,2,26,4,4,829,103,85,5,364,9,11,42,11,4,1463
SL050,34132828168,51,2,68,1,70,0,1,3,2,0,52,1,48,1,91,0,0,7,3,0,103,3,116,2,161,0,1,10,5,0,401
SL050,34132828169,51,5,4,2,63,4,1,1,1,0,53,11,5,1,77,6,1,6,2,2,104,16,9,3,140,10,2,7,3,2,296
SL050,34132828170,79,5,43,0,50,0,0,2,0,0,92,4,37,2,79,0,0,2,2,0,171,9,80,2,129,0,0,4,2,0,397
SL050,34132828171,108,6,237,3,220,0,1,4,2,3,130,10,185,2,293,1,0,9,3,3,238,16,422,5,513,1,1,13,5,6,1220
SL050,34132828172,238,22,13,15,260,31,4,27,9,1,271,27,8,14,319,29,1,36,6,3,509,49,21,29,579,60,5,63,15,4,1334
SL050,34132828173,29,0,15,1,6,0,0,0,1,0,19,0,13,2,8,0,0,0,0,0,48,0,28,3,14,0,0,0,1,0,94
SL050,34132828174,54,5,92,4,29,0,0,4,0,0,48,5,65,3,44,2,0,3,1,1,102,10,157,7,73,2,0,7,1,1,360
SL050,34132828175,31,0,34,3,28,0,0,2,0,1,37,3,30,4,44,1,0,3,1,0,68,3,64,7,72,1,0,5,1,1,222
SL050,34132828176,713,71,175,28,1009,45,19,57,27,2,775,103,152,33,1430,57,5,50,40,1,1488,174,327,61,2439,102,24,107,67,3,4792
SL050,34132828177,387,26,189,17,616,15,7,26,2,3,460,46,155,10,932,24,6,38,16,1,847,72,344,27,1548,39,13,64,18,4,2976
SL050,34132828178,25,1,15,2,25,0,1,2,0,0,22,2,18,1,36,2,0,3,0,1,47,3,33,3,61,2,1,5,0,1,156
SL050,34132828179,69,5,2,2,45,2,2,0,0,0,69,12,0,2,53,5,1,0,1,0,138,17,2,4,98,7,3,0,1,0,270
SL050,34132828180,243,6,37,3,62,0,4,7,1,0,246,7,35,4,114,0,0,7,0,0,489,13,72,7,176,0,4,14,1,0,776
SL050,34132828181,421,60,99,30,640,38,15,114,48,1,486,106,100,36,870,59,22,147,53,9,907,166,199,66,1510,97,37,261,101,10,3354
SL050,34132828182,11,1,0,1,1,0,0,0,0,0,12,0,0,0,3,0,0,0,0,0,23,1,0,1,4,0,0,0,0,0,29
SL050,34132828183,15,6,102,1,36,2,1,2,0,0,22,7,61,1,48,2,0,1,1,0,37,13,163,2,84,4,1,3,1,0,308
SL050,34132828901,98,0,28,1,16,2,0,1,0,0,81,3,17,1,20,0,1,0,0,0,179,3,45,2,36,2,1,1,0,0,269
SL050,34132828902,7,0,7,0,7,0,0,0,1,0,12,2,9,0,9,0,0,0,1,1,19,2,16,0,16,0,0,0,2,1,56
SL050,34132828903,725,114,132,61,1217,86,18,94,26,8,843,149,110,43,1765,91,29,142,33,9,1568,263,242,104,2982,177,47,236,59,17,5695
SL050,34012929001,71,3,60,4,8,0,0,3,0,0,64,3,26,0,20,0,1,3,0,0,135,6,86,4,28,0,1,6,0,0,266
SL050,34012929002,350,6,54,1,8,2,16,4,2,0,350,6,40,3,22,3,4,4,2,0,700,12,94,4,30,5,20,8,4,0,877
SL050,34012929003,3,0,26,0,0,1,0,0,0,1,1,0,4,0,2,0,0,0,0,0,4,0,30,0,2,1,0,0,0,1,38
SL050,34012929004,17,1,1,0,4,0,0,0,0,0,22,0,1,0,5,0,0,0,0,0,39,1,2,0,9,0,0,0,0,0,51
SL050,34012929005,286,28,60,25,73,1,3,6,4,0,329,30,55,5,78,4,1,7,6,0,615,58,115,30,151,5,4,13,10,0,1001
SL050,34012929006,13,0,4,1,0,1,0,0,0,0,9,0,5,1,4,0,0,1,0,0,22,0,9,2,4,1,0,1,0,0,39
SL050,34012929007,1022,95,259,29,561,53,11,56,17,6,1108,174,254,27,674,48,10,69,23,8,2130,269,513,56,1235,101,21,125,40,14,4504
SL050,34012929008,1740,44,349,26,254,11,20,12,9,3,1801,63,272,19,337,7,12,14,8,2,3541,107,621,45,591,18,32,26,17,5,5003
SL050,34012929009,36,1,0,1,2,0,0,0,0,0,41,2,2,0,13,0,0,1,1,0,77,3,2,1,15,0,0,1,1,0,100
SL050,34012929010,38,5,9,0,7,0,0,0,0,0,28,7,4,0,10,0,0,0,1,0,66,12,13,0,17,0,0,0,1,0,109
SL050,34012929011,126,5,15,0,10,3,0,0,2,0,130,6,12,0,20,3,0,0,0,0,256,11,27,0,30,6,0,0,2,0,332
SL050,34012929012,451,16,95,8,46,3,12,11,4,6,434,19,47,14,78,5,1,6,6,5,885,35,142,22,124,8,13,17,10,11,1267
SL050,34012929013,67,4,16,2,7,0,1,0,1,0,62,4,13,1,16,3,0,0,0,0,129,8,29,3,23,3,1,0,1,0,197
SL050,34012929014,10,0,2,0,0,0,0,0,0,0,6,0,0,0,1,0,0,0,0,0,16,0,2,0,1,0,0,0,0,0,19
SL050,34012929015,289,37,169,41,409,7,19,39,14,8,307,50,128,26,667,9,4,41,18,2,596,87,297,67,1076,16,23,80,32,10,2284
SL050,34012929016,46,0,2,0,0,1,0,1,0,0,42,1,2,1,1,0,0,2,1,0,88,1,4,1,1,1,0,3,1,0,100
SL050,34012929017,113,13,171,3,32,2,2,5,0,1,116,8,66,5,78,2,1,7,0,1,229,21,237,8,110,4,3,12,0,2,626
SL050,34012929018,18,3,6,0,30,1,0,1,0,1,22,4,6,0,30,0,0,2,0,0,40,7,12,0,60,1,0,3,0,1,124
SL050,34012929019,71,6,13,0,3,0,0,0,0,0,57,6,4,0,9,0,0,0,1,0,128,12,17,0,12,0,0,0,1,0,170
SL050,34012929020,76,20,18,2,8,0,0,1,0,0,67,21,15,0,22,2,0,1,0,0,143,41,33,2,30,2,0,2,0,0,253
SL050,34012929021,5,1,1,0,2,0,0,0,1,0,5,0,0,0,1,1,0,0,0,0,10,1,1,0,3,1,0,0,1,0,17
SL050,34012929022,10,0,2,0,0,0,0,0,1,0,8,1,2,1,0,0,0,0,1,0,18,1,4,1,0,0,0,0,2,0,26
SL050,34012929023,1732,259,98,41,182,52,13,49,80,9,1664,309,100,40,278,50,9,64,84,7,3396,568,198,81,460,102,22,113,164,16,5120
SL050,34012929024,5,1,1,0,1,0,0,0,0,0,8,1,1,0,0,0,0,0,0,0,13,2,2,0,1,0,0,0,0,0,18
SL050,34012929025,4131,558,1237,325,2456,117,198,478,185,22,4569,855,1325,156,3148,136,86,429,226,24,8700,1413,2562,481,5604,253,284,907,411,46,20661
SL050,34012929026,145,6,5,0,5,1,0,0,0,0,147,3,7,0,5,0,0,0,0,0,292,9,12,0,10,1,0,0,0,0,324
SL050,34012929027,35,0,14,1,15,0,0,0,0,0,53,1,13,0,21,0,0,0,0,0,88,1,27,1,36,0,0,0,0,0,153
SL050,34012929028,39,0,0,3,4,1,0,0,0,0,33,1,2,0,4,2,0,1,0,0,72,1,2,3,8,3,0,1,0,0,90
SL050,34012929029,9,0,0,0,2,0,0,0,0,0,8,0,1,0,3,0,0,0,0,0,17,0,1,0,5,0,0,0,0,0,23
SL050,34012929030,15,1,2,0,4,0,0,0,0,0,10,1,2,0,3,0,0,0,0,0,25,2,4,0,7,0,0,0,0,0,38
SL050,34012929031,20,8,4,0,3,0,0,0,0,0,32,5,3,0,3,0,0,0,0,1,52,13,7,0,6,0,0,0,0,1,79
SL050,34012929032,64,5,137,6,56,0,6,7,0,3,54,10,56,4,81,1,0,11,1,1,118,15,193,10,137,1,6,18,1,4,503
SL050,34012929033,164,4,6,1,7,1,0,1,2,0,158,10,8,0,6,0,0,0,0,0,322,14,14,1,13,1,0,1,2,0,368
SL050,34012929034,78,3,7,1,3,0,0,0,0,0,91,1,7,1,5,1,0,0,0,0,169,4,14,2,8,1,0,0,0,0,198
SL050,34012929035,11,4,6,0,4,0,0,0,0,0,4,3,5,6,4,0,0,0,0,0,15,7,11,6,8,0,0,0,0,0,47
SL050,34012929036,10,0,5,0,5,0,0,0,0,0,8,1,1,0,6,1,0,0,0,0,18,1,6,0,11,1,0,0,0,0,37
SL050,34012929037,12,2,4,0,0,1,0,0,0,0,9,1,2,1,0,0,0,0,0,0,21,3,6,1,0,1,0,0,0,0,32
SL050,34012929038,538,48,95,26,217,12,12,17,5,3,533,77,83,11,300,13,6,17,8,1,1071,125,178,37,517,25,18,34,13,4,2022
SL050,34012929039,66,1,22,0,37,0,1,1,1,0,57,11,22,0,41,0,0,2,2,0,123,12,44,0,78,0,1,3,3,0,264
SL050,34012929040,86,4,11,3,14,1,0,0,1,0,95,6,7,0,18,0,0,0,1,0,181,10,18,3,32,1,0,0,2,0,247
SL050,34012929041,658,41,68,17,93,10,2,3,6,4,638,50,53,11,127,10,2,5,10,4,1296,91,121,28,220,20,4,8,16,8,1812
SL050,34012929042,1095,62,442,31,251,7,19,22,9,1,1140,90,372,13,291,13,12,11,7,2,2235,152,814,44,542,20,31,33,16,3,3890
SL050,34012929043,118,4,71,2,38,4,3,0,0,0,93,2,37,0,30,4,0,0,0,0,211,6,108,2,68,8,3,0,0,0,406
SL050,34012929044,209,2,8,1,13,1,0,1,1,0,181,1,7,3,14,2,0,4,3,3,390,3,15,4,27,3,0,5,4,3,454
SL050,34012929045,730,23,46,6,18,14,2,6,2,0,714,27,35,5,24,12,4,8,7,1,1444,50,81,11,42,26,6,14,9,1,1684
SL050,34012929046,61,3,6,0,12,0,0,0,0,0,54,4,10,1,26,0,0,2,1,0,115,7,16,1,38,0,0,2,1,0,180
SL050,34012929047,17,1,21,0,0,0,0,0,0,0,15,0,3,0,1,0,0,1,0,0,32,1,24,0,1,0,0,1,0,0,59
SL050,34012929048,31,29,6,0,2,0,0,0,0,0,19,36,7,0,9,0,0,0,0,0,50,65,13,0,11,0,0,0,0,0,139
SL050,34012929049,87,1,28,0,8,0,0,3,0,0,70,4,11,0,19,0,0,1,0,0,157,5,39,0,27,0,0,4,0,0,232
SL050,34012929050,70,1,0,0,1,2,0,0,0,0,72,0,1,0,2,5,0,0,2,0,142,1,1,0,3,7,0,0,2,0,156
SL050,34012929051,3708,790,1266,110,1592,92,152,201,152,16,3901,1109,1217,77,2097,89,68,201,186,15,7609,1899,2483,187,3689,181,220,402,338,31,17039
SL050,34012929052,9,1,0,0,0,1,0,0,0,0,5,0,1,0,0,2,0,0,0,0,14,1,1,0,0,3,0,0,0,0,19
SL050,34012929053,414,20,30,1,32,10,4,2,0,1,395,20,25,4,54,11,3,4,2,3,809,40,55,5,86,21,7,6,2,4,1035
SL050,34012929054,6585,810,1952,304,2423,168,466,388,277,13,6799,1275,1997,142,3219,154,211,405,313,26,13384,2085,3949,446,5642,322,677,793,590,39,27927
SL050,34012929055,121,4,53,3,15,0,4,0,0,0,111,3,21,1,35,1,0,0,1,0,232,7,74,4,50,1,4,0,1,0,373
SL050,34012929056,100,9,9,2,3,9,0,0,3,0,101,17,8,3,6,7,2,2,0,3,201,26,17,5,9,16,2,2,3,3,284
SL050,34012929057,13,0,1,0,4,0,0,0,0,0,15,0,1,0,5,0,0,0,0,1,28,0,2,0,9,0,0,0,0,1,40
SL050,34012929058,115,6,55,0,15,1,1,0,3,0,116,8,41,2,28,0,1,1,4,0,231,14,96,2,43,1,2,1,7,0,397
SL050,34012929059,19,3,8,0,14,0,0,1,0,0,32,3,5,0,20,0,0,1,0,0,51,6,13,0,34,0,0,2,0,0,106
SL050,34012929060,9,0,0,0,0,0,0,0,0,0,11,1,1,0,0,0,0,0,0,0,20,1,1,0,0,0,0,0,0,0,22
SL050,34012929061,59,12,7,3,22,0,0,3,9,0,71,17,5,2,30,4,0,0,4,0,130,29,12,5,52,4,0,3,13,0,248
SL050,34012929062,19,1,1,1,2,0,0,0,1,0,25,1,1,0,0,0,0,0,2,0,44,2,2,1,2,0,0,0,3,0,54
SL050,34012929063,10,0,4,0,3,0,0,0,1,0,10,1,4,1,7,0,0,0,0,0,20,1,8,1,10,0,0,0,1,0,41
SL050,34012929064,18,1,1,0,1,0,0,0,0,1,17,1,1,1,6,0,0,0,0,1,35,2,2,1,7,0,0,0,0,2,49
SL050,34012929065,12,1,0,0,0,1,0,0,0,0,11,0,1,0,0,2,0,0,0,0,23,1,1,0,0,3,0,0,0,0,28
SL050,34012929066,20,0,3,0,1,0,0,0,0,0,17,2,4,1,3,0,0,0,0,0,37,2,7,1,4,0,0,0,0,0,51
SL050,34012929067,5530,2605,8794,2819,9237,235,439,1496,366,38,5957,4149,7733,1081,13101,324,154,1697,291,49,11487,6754,16527,3900,22338,559,593,3193,657,87,66095
SL050,34012929068,1701,82,387,22,397,17,63,59,19,5,1653,137,322,14,514,24,21,63,31,4,3354,219,709,36,911,41,84,122,50,9,5535
SL050,34012929069,5909,1903,3558,686,5510,195,321,583,1175,38,6097,3218,3646,244,7454,224,140,588,1480,30,12006,5121,7204,930,12964,419,461,1171,2655,68,42999
SL050,34012929070,7470,1102,1664,405,2274,135,241,281,162,24,7712,1563,1546,166,2921,151,104,284,200,28,15182,2665,3210,571,5195,286,345,565,362,52,28433
SL050,34012929071,26,1,4,0,11,0,0,0,0,0,22,1,1,0,13,0,0,0,0,0,48,2,5,0,24,0,0,0,0,0,79
SL050,34012929072,433,7,37,10,21,1,3,7,3,0,417,8,23,5,45,2,2,6,0,0,850,15,60,15,66,3,5,13,3,0,1030
SL050,34012929073,114,5,86,7,34,1,1,1,5,1,121,8,69,3,50,5,1,0,6,1,235,13,155,10,84,6,2,1,11,2,519
SL050,34012929074,44,0,0,0,3,0,0,0,0,0,47,3,3,1,6,0,0,0,1,0,91,3,3,1,9,0,0,0,1,0,108
SL050,34012929075,1830,154,228,56,555,34,48,52,11,6,1975,204,198,28,663,37,24,53,26,5,3805,358,426,84,1218,71,72,105,37,11,6187
SL050,34012929076,216,26,57,5,93,7,0,3,7,1,188,45,56,3,112,5,1,10,12,1,404,71,113,8,205,12,1,13,19,2,848
SL050,34012929077,5,0,3,0,1,0,0,0,0,0,7,6,0,0,1,1,0,0,0,0,12,6,3,0,2,1,0,0,0,0,24
SL050,34012929079,90,4,32,1,13,2,0,0,1,0,90,11,11,3,20,0,0,0,0,0,180,15,43,4,33,2,0,0,1,0,278
SL050,34012929080,195,11,35,6,68,1,3,3,2,2,169,14,24,2,84,0,3,8,0,6,364,25,59,8,152,1,6,11,2,8,636
SL050,34012929081,8,0,2,0,0,0,0,0,0,0,7,1,6,0,5,0,0,0,0,0,15,1,8,0,5,0,0,0,0,0,29
SL050,34012929082,799,144,208,37,789,23,31,61,14,11,891,256,269,22,1041,34,9,76,18,6,1690,400,477,59,1830,57,40,137,32,17,4739
SL050,34012929083,98,5,26,1,8,2,1,0,0,0,101,3,10,3,16,2,2,0,3,0,199,8,36,4,24,4,3,0,3,0,281
SL050,34012929084,382,55,141,22,197,16,16,35,5,2,409,57,164,17,340,22,5,38,7,2,791,112,305,39,537,38,21,73,12,4,1932
SL050,34012929085,7,2,1,1,1,0,0,0,0,0,6,2,1,0,0,0,0,0,1,0,13,4,2,1,1,0,0,0,1,0,22
SL050,34012929086,306,24,23,2,8,3,2,0,0,1,285,19,10,2,17,2,2,2,1,2,591,43,33,4,25,5,4,2,1,3,711
SL050,34012929087,100,5,4,0,1,3,0,0,1,0,94,3,3,0,0,0,0,0,0,0,194,8,7,0,1,3,0,0,1,0,214
SL050,34012929088,36,1,11,3,2,0,0,0,0,0,31,0,4,1,14,0,0,2,0,0,67,1,15,4,16,0,0,2,0,0,105
SL050,34012929089,37,2,8,0,4,0,0,2,0,2,41,5,5,0,7,0,0,4,0,4,78,7,13,0,11,0,0,6,0,6,121
SL050,34012929090,66,7,1,2,10,0,0,0,1,0,69,3,1,0,23,0,0,0,0,0,135,10,2,2,33,0,0,0,1,0,183
SL050,34012929091,1778,151,392,94,304,14,22,34,3,2,1799,156,244,25,396,12,8,26,7,2,3577,307,636,119,700,26,30,60,10,4,5469
SL050,34012929092,5,0,9,0,2,0,0,1,0,0,5,2,4,0,6,0,0,0,0,0,10,2,13,0,8,0,0,1,0,0,34
SL050,34012929093,19,5,5,3,9,1,0,0,0,0,15,4,0,0,14,0,0,2,1,0,34,9,5,3,23,1,0,2,1,0,78
SL050,34012929094,1966,249,997,115,1215,38,47,79,28,15,2107,409,759,45,1606,33,17,96,21,9,4073,658,1756,160,2821,71,64,175,49,24,9851
SL050,34012929095,77,3,60,1,25,0,0,1,0,0,66,8,18,1,29,1,0,1,0,0,143,11,78,2,54,1,0,2,0,0,291
SL050,34012929096,34,5,11,0,7,0,0,1,0,0,39,7,8,1,19,1,0,2,1,0,73,12,19,1,26,1,0,3,1,0,136
SL050,34012929097,96,2,19,1,16,0,1,1,0,1,95,7,13,0,31,0,0,2,0,1,191,9,32,1,47,0,1,3,0,2,286
SL050,34012929098,23,1,3,0,1,0,0,0,0,0,20,6,1,1,1,0,0,0,0,0,43,7,4,1,2,0,0,0,0,0,57
SL050,34012929099,386,8,41,1,5,4,4,0,0,0,391,9,15,2,7,5,1,1,4,1,777,17,56,3,12,9,5,1,4,1,885
SL050,34012929100,44,7,6,0,4,1,0,1,1,2,37,3,6,0,8,1,0,1,2,1,81,10,12,0,12,2,0,2,3,3,125
SL050,34012929901,3412,538,1696,143,2079,91,300,472,178,16,3442,843,1751,102,2603,77,183,417,201,9,6854,1381,3447,245,4682,168,483,889,379,25,18553
SL050,34012929902,53,6,8,1,3,0,0,1,0,0,48,17,8,0,14,1,0,1,0,0,101,23,16,1,17,1,0,2,0,0,161
SL050,34012929903,14,0,0,0,0,0,0,0,0,0,10,2,0,1,2,0,0,0,0,0,24,2,0,1,2,0,0,0,0,0,29
SL050,34012929904,3,2,1,1,1,0,0,0,0,0,12,2,2,0,2,0,0,0,0,0,15,4,3,1,3,0,0,0,0,0,26
SL050,34143030001,273,12,87,5,39,0,2,0,0,0,265,16,51,0,47,0,2,4,1,0,538,28,138,5,86,0,4,4,1,0,804
SL050,34143030002,84,7,482,1,267,0,2,9,0,0,79,8,251,2,314,2,0,9,1,0,163,15,733,3,581,2,2,18,1,0,1518
SL050,34143030003,875,101,692,61,732,8,23,33,3,3,795,160,456,10,890,12,7,45,7,1,1670,261,1148,71,1622,20,30,78,10,4,4914
SL050,34143030004,7,0,5,0,2,0,1,0,0,0,9,1,2,0,11,0,0,0,0,0,16,1,7,0,13,0,1,0,0,0,38
SL050,34143030005,495,66,537,126,876,8,36,54,6,1,509,109,392,57,1115,6,14,50,5,1,1004,175,929,183,1991,14,50,104,11,2,4463
SL050,34143030006,47,0,3,0,3,0,0,0,0,0,45,0,3,1,7,0,0,0,0,0,92,0,6,1,10,0,0,0,0,0,109
SL050,34143030007,127,28,479,53,204,0,1,4,1,0,118,30,223,15,239,1,0,6,0,0,245,58,702,68,443,1,1,10,1,0,1529
SL050,34143030008,581,23,931,59,559,1,15,15,1,1,617,29,715,19,608,2,9,15,4,0,1198,52,1646,78,1167,3,24,30,5,1,4204
SL050,34143030009,257,34,549,677,801,0,6,16,1,0,250,56,230,25,828,2,0,9,0,0,507,90,779,702,1629,2,6,25,1,0,3741
SL050,34143030010,216,120,741,74,141,0,3,7,0,0,226,147,468,30,159,1,1,5,0,0,442,267,1209,104,300,1,4,12,0,0,2339
SL050,34143030011,85,4,373,3,57,2,1,3,0,0,81,7,194,1,49,3,1,7,1,0,166,11,567,4,106,5,2,10,1,0,872
SL050,34143030012,124,10,39,5,201,2,8,6,0,0,138,7,16,2,211,2,0,8,0,0,262,17,55,7,412,4,8,14,0,0,779
SL050,34143030013,270,24,205,4,190,1,5,5,0,0,271,24,105,4,233,3,1,6,1,0,541,48,310,8,423,4,6,11,1,0,1352
SL050,34143030014,61,2,17,0,5,0,0,2,1,0,49,0,8,0,13,0,0,1,0,0,110,2,25,0,18,0,0,3,1,0,159
SL050,34143030015,430,23,176,12,698,4,10,15,2,1,421,29,88,9,709,11,1,19,3,0,851,52,264,21,1407,15,11,34,5,1,2661
SL050,34143030016,2429,458,7196,752,3187,52,192,265,66,10,2525,647,4384,225,4087,66,71,273,47,5,4954,1105,11580,977,7274,118,263,538,113,15,26937
SL050,34143030017,468,8,147,3,75,4,22,10,0,0,434,11,109,7,108,5,14,14,0,0,902,19,256,10,183,9,36,24,0,0,1439
SL050,34143030018,129,23,231,35,278,1,1,13,0,0,96,17,162,11,329,2,0,13,0,0,225,40,393,46,607,3,1,26,0,0,1341
SL050,34143030019,270,65,1107,4,360,2,14,27,0,0,322,75,532,6,497,1,2,27,1,0,592,140,1639,10,857,3,16,54,1,0,3312
SL050,34143030020,282,38,754,6,78,2,9,7,0,0,300,55,268,3,159,3,2,2,4,0,582,93,1022,9,237,5,11,9,4,0,1972
SL050,34143030021,453,20,1257,8,993,2,6,11,0,0,412,32,755,2,917,1,0,9,1,0,865,52,2012,10,1910,3,6,20,1,0,4879
SL050,34143030022,299,25,826,369,1462,9,8,17,0,0,280,33,332,30,1234,7,1,15,0,0,579,58,1158,399,2696,16,9,32,0,0,4947
SL050,34143030023,79,12,99,1,63,0,0,3,0,0,102,16,82,0,66,0,0,2,1,0,181,28,181,1,129,0,0,5,1,0,526
SL050,34143030024,1996,69,4950,691,3788,8,171,55,12,0,1813,139,2773,141,3794,9,29,68,15,0,3809,208,7723,832,7582,17,200,123,27,0,20521
SL050,34143030025,128,8,233,40,118,0,0,3,0,0,120,13,126,12,156,1,0,6,0,0,248,21,359,52,274,1,0,9,0,0,964
SL050,34143030026,2838,130,1973,196,909,8,28,53,7,0,2925,131,1051,46,985,14,16,35,14,1,5763,261,3024,242,1894,22,44,88,21,1,11360
SL050,34143030027,1305,148,1423,125,1981,19,18,122,6,1,1372,241,890,68,2445,15,9,141,11,1,2677,389,2313,193,4426,34,27,263,17,2,10341
SL050,34143030028,78,4,88,7,28,0,6,1,0,1,98,9,58,5,31,0,0,1,0,0,176,13,146,12,59,0,6,2,0,1,415
SL050,34143030029,207,10,626,49,656,1,7,13,0,0,223,7,249,11,580,0,1,12,1,0,430,17,875,60,1236,1,8,25,1,0,2653
SL050,34143030030,5041,2154,8049,2247,8919,155,276,775,202,17,5269,3371,5566,719,12076,207,92,799,151,14,10310,5525,13615,2966,20995,362,368,1574,353,31,56099
SL050,34143030031,2,0,1,0,1,0,0,0,0,0,2,0,0,0,2,0,0,0,0,0,4,0,1,0,3,0,0,0,0,0,8
SL050,34143030032,121,3,66,2,21,3,1,2,0,0,114,8,48,1,19,1,2,3,0,0,235,11,114,3,40,4,3,5,0,0,415
SL050,34143030033,342,27,658,60,263,3,23,8,1,0,369,34,406,7,343,0,1,9,2,0,711,61,1064,67,606,3,24,17,3,0,2556
SL050,34143030034,16,1,12,0,1,0,0,0,0,0,17,2,3,0,2,0,0,0,0,0,33,3,15,0,3,0,0,0,0,0,54
SL050,34143030035,923,211,1754,29,867,16,11,47,18,3,1028,289,1152,22,983,14,6,51,14,5,1951,500,2906,51,1850,30,17,98,32,8,7443
SL050,34143030036,920,234,1241,12,528,6,10,33,11,2,839,285,840,10,601,5,4,28,7,0,1759,519,2081,22,1129,11,14,61,18,2,5616
SL050,34143030037,755,99,2799,222,1018,8,456,36,8,0,759,107,1817,34,1076,8,197,40,13,1,1514,206,4616,256,2094,16,653,76,21,1,9453
SL050,34143030038,224,30,183,341,304,3,11,20,1,1,255,34,154,87,360,1,0,18,1,0,479,64,337,428,664,4,11,38,2,1,2028
SL050,34143030039,539,28,776,138,2483,3,27,33,1,0,505,43,412,22,2325,2,3,35,2,1,1044,71,1188,160,4808,5,30,68,3,1,7378
SL050,34143030040,4,1,21,0,2,0,0,0,0,0,5,5,12,1,6,0,0,0,0,0,9,6,33,1,8,0,0,0,0,0,57
SL050,34143030041,108,11,743,25,223,3,4,9,3,1,115,21,569,9,280,2,3,10,0,1,223,32,1312,34,503,5,7,19,3,2,2140
SL050,34143030042,38,6,52,7,26,0,0,2,1,0,42,3,24,1,46,0,0,2,0,0,80,9,76,8,72,0,0,4,1,0,250
SL050,34143030043,302,19,342,29,1150,6,31,36,5,1,276,27,246,12,1294,4,12,30,4,3,578,46,588,41,2444,10,43,66,9,4,3829
SL050,34143030901,178,47,797,24,353,1,0,17,6,0,225,58,536,4,441,2,0,19,3,0,403,105,1333,28,794,3,0,36,9,0,2711
SL050,34143030902,743,133,883,17,668,7,438,18,9,2,830,157,626,14,752,3,165,17,10,3,1573,290,1509,31,1420,10,603,35,19,5,5495
SL050,34153131001,0,0,0,0,1,0,0,0,0,0,1,0,0,0,1,0,0,0,0,0,1,0,0,0,2,0,0,0,0,0,3
SL050,34153131002,2,2,8,0,3,0,0,0,0,1,2,5,13,0,6,0,0,0,0,0,4,7,21,0,9,0,0,0,0,1,42
SL050,34153131004,0,0,0,0,1,0,0,0,0,0,0,0,0,0,0,0,0,0,0,0,0,0,0,0,1,0,0,0,0,0,1
SL050,34153131005,6,0,7,0,8,0,1,1,0,0,3,0,2,0,11,0,3,2,0,0,9,0,9,0,19,0,4,3,0,0,44
SL050,34153131006,51,4,51,3,40,0,0,2,0,0,52,4,43,3,58,0,0,2,0,0,103,8,94,6,98,0,0,4,0,0,313
SL050,34153131007,0,0,0,0,6,1,0,0,0,0,0,0,0,0,9,0,0,0,0,0,0,0,0,0,15,1,0,0,0,0,16
SL050,34153131008,0,0,0,0,0,0,0,0,0,0,0,0,0,0,0,0,0,0,1,0,0,0,0,0,0,0,0,0,1,0,1
SL050,34153131009,16,3,0,0,5,1,0,0,0,0,7,3,1,1,6,0,0,0,0,0,23,6,1,1,11,1,0,0,0,0,43
SL050,34153131010,127,6,112,36,107,0,4,8,1,1,121,7,67,15,155,1,2,10,0,2,248,13,179,51,262,1,6,18,1,3,782
SL050,34153131011,8,0,0,1,6,1,0,0,0,0,5,1,0,4,13,1,0,1,0,0,13,1,0,5,19,2,0,1,0,0,41
SL050,34153131012,11,0,29,0,19,0,0,0,0,0,6,0,32,0,34,1,0,0,0,0,17,0,61,0,53,1,0,0,0,0,132
SL050,34153131013,2,0,0,0,4,0,0,0,0,0,1,0,0,0,8,0,0,1,0,0,3,0,0,0,12,0,0,1,0,0,16
SL050,34153131014,8,0,4,0,11,0,0,1,0,0,13,0,1,0,5,0,0,1,0,0,21,0,5,0,16,0,0,2,0,0,44
SL050,34153131015,20,3,153,1,49,0,0,1,0,0,23,7,121,1,65,0,0,4,0,0,43,10,274,2,114,0,0,5,0,0,448
SL050,34153131016,210,27,40,59,222,1,2,21,1,0,178,40,34,36,314,0,2,22,3,1,388,67,74,95,536,1,4,43,4,1,1213
SL050,34153131017,3,1,1,1,4,0,0,0,0,0,4,0,0,2,13,0,0,0,0,0,7,1,1,3,17,0,0,0,0,0,29
SL050,34153131018,9,0,3,0,13,0,0,0,0,0,7,0,4,1,26,0,0,0,0,0,16,0,7,1,39,0,0,0,0,0,63
SL050,34153131019,76,4,43,18,23,1,3,0,14,0,65,4,37,5,51,1,2,0,4,0,141,8,80,23,74,2,5,0,18,0,351
SL050,34153131020,3,0,1,0,0,0,0,0,1,0,2,0,0,0,5,0,0,0,0,0,5,0,1,0,5,0,0,0,1,0,12
SL050,34153131021,1,0,1,0,0,0,0,0,0,0,1,0,0,0,0,0,0,0,0,0,2,0,1,0,0,0,0,0,0,0,3
SL050,34153131022,0,0,0,0,1,0,0,0,0,0,0,3,0,0,10,0,0,0,0,0,0,3,0,0,11,0,0,0,0,0,14
SL050,34153131023,142,40,18,27,198,6,1,16,7,0,147,51,24,26,211,8,0,26,12,1,289,91,42,53,409,14,1,42,19,1,961
SL050,34153131025,6,5,4,3,10,0,0,0,0,0,8,3,1,2,13,1,0,2,0,0,14,8,5,5,23,1,0,2,0,0,58
SL050,34153131026,0,0,0,0,0,0,0,0,0,0,0,0,0,0,2,0,0,0,0,0,0,0,0,0,2,0,0,0,0,0,2
SL050,34153131027,16,1,6,3,20,0,0,0,0,0,8,1,9,2,31,0,0,1,0,0,24,2,15,5,51,0,0,1,0,0,98
SL050,34153131028,8,0,0,0,3,0,0,0,0,0,7,0,0,0,4,0,0,0,0,0,15,0,0,0,7,0,0,0,0,0,22
SL050,34153131029,21,0,8,0,16,0,10,0,0,1,21,1,4,0,32,0,1,1,0,0,42,1,12,0,48,0,11,1,0,1,116
SL050,34153131030,2,0,1,0,2,0,0,0,0,0,2,0,2,0,2,0,0,0,0,0,4,0,3,0,4,0,0,0,0,0,11
SL050,34153131031,0,0,0,0,0,0,0,0,0,0,0,0,0,1,1,1,0,0,0,0,0,0,0,1,1,1,0,0,0,0,3
SL050,34153131032,54,8,88,2,25,0,0,1,0,0,40,4,70,0,33,1,0,2,0,0,94,12,158,2,58,1,0,3,0,0,328
SL050,34153131033,0,0,0,0,0,0,0,0,0,0,0,0,0,0,2,0,0,0,0,0,0,0,0,0,2,0,0,0,0,0,2
SL050,34153131034,0,0,0,0,1,0,0,0,0,0,0,0,0,0,1,0,0,0,0,0,0,0,0,0,2,0,0,0,0,0,2
SL050,34153131036,4,0,5,0,8,0,1,0,0,0,6,0,4,0,15,0,1,0,0,0,10,0,9,0,23,0,2,0,0,0,44
SL050,34153131037,0,0,0,0,1,0,0,0,0,0,1,0,0,0,2,0,0,0,0,0,1,0,0,0,3,0,0,0,0,0,4
SL050,34153131038,13,1,7,4,14,3,0,0,0,0,14,0,5,1,29,2,0,0,0,0,27,1,12,5,43,5,0,0,0,0,93
SL050,34153131039,0,0,1,3,3,0,0,0,0,0,1,1,1,4,4,0,0,0,0,0,1,1,2,7,7,0,0,0,0,0,18
SL050,34153131040,1,1,0,0,1,0,0,0,0,0,1,0,0,0,2,1,0,0,0,0,2,1,0,0,3,1,0,0,0,0,7
SL050,34153131041,32,3,14,2,69,0,0,7,0,0,32,5,16,1,89,0,0,13,1,0,64,8,30,3,158,0,0,20,1,0,284
SL050,34153131042,102,8,129,23,118,0,0,2,0,0,89,7,86,5,120,0,0,1,0,0,191,15,215,28,238,0,0,3,0,0,690
SL050,34153131043,0,0,0,0,0,0,0,0,0,0,0,0,0,0,1,0,0,0,0,0,0,0,0,0,1,0,0,0,0,0,1
SL050,34153131044,0,0,0,0,2,0,0,1,0,0,2,0,0,0,3,0,0,0,0,0,2,0,0,0,5,0,0,1,0,0,8
SL050,34153131045,5,1,1,1,16,0,1,0,0,0,3,0,2,2,11,0,0,0,0,0,8,1,3,3,27,0,1,0,0,0,43
SL050,34153131046,1,0,0,0,1,0,0,0,0,0,1,0,0,0,0,0,0,0,0,0,2,0,0,0,1,0,0,0,0,0,3
SL050,34153131047,2,0,0,0,1,0,0,0,0,0,1,0,0,0,4,0,0,0,0,0,3,0,0,0,5,0,0,0,0,0,8
SL050,34153131048,4,0,4,0,1,0,0,0,0,0,3,0,4,0,3,0,0,0,0,0,7,0,8,0,4,0,0,0,0,0,19
SL050,34153131049,7,0,0,2,1,0,0,0,0,0,7,3,1,0,3,0,0,0,0,0,14,3,1,2,4,0,0,0,0,0,24
SL050,34153131050,128,2,21,6,122,14,0,3,0,0,123,3,19,6,196,21,0,3,0,0,251,5,40,12,318,35,0,6,0,0,667
SL050,34153131051,5,0,1,0,4,0,0,0,0,0,2,0,1,0,9,0,0,0,0,0,7,0,2,0,13,0,0,0,0,0,22
SL050,34153131052,0,3,0,0,0,0,0,0,0,0,0,1,0,0,0,0,0,0,0,0,0,4,0,0,0,0,0,0,0,0,4
SL050,34153131053,3,0,13,0,22,0,0,0,0,0,3,0,8,0,26,0,0,0,0,1,6,0,21,0,48,0,0,0,0,1,76
SL050,34153131054,16,1,7,0,13,0,0,0,0,0,18,0,2,0,8,1,0,1,1,0,34,1,9,0,21,1,0,1,1,0,68
SL050,34153131055,2,0,0,0,6,0,0,0,0,0,3,0,0,0,14,0,0,0,0,0,5,0,0,0,20,0,0,0,0,0,25
SL050,34153131056,2,2,0,0,2,0,0,0,0,0,3,2,0,0,2,0,0,0,0,0,5,4,0,0,4,0,0,0,0,0,13
SL050,34153131057,24,6,65,0,14,0,0,3,0,0,25,2,34,0,41,0,0,4,0,0,49,8,99,0,55,0,0,7,0,0,218
SL050,34153131058,2,0,0,0,2,1,0,0,1,0,3,0,0,0,5,1,0,0,0,0,5,0,0,0,7,2,0,0,1,0,15
SL050,34153131059,1,0,0,0,0,0,0,0,1,0,0,0,0,0,2,0,0,0,1,0,1,0,0,0,2,0,0,0,2,0,5
SL050,34153131060,365,52,108,158,816,5,14,37,7,3,306,82,65,95,1022,11,7,40,3,3,671,134,173,253,1838,16,21,77,10,6,3199
SL050,34153131061,0,1,0,1,0,0,0,0,0,0,0,0,0,0,0,0,0,0,0,0,0,1,0,1,0,0,0,0,0,0,2
SL050,34153131062,21,0,31,6,33,0,0,0,0,0,12,1,11,1,40,0,0,1,0,0,33,1,42,7,73,0,0,1,0,0,157
SL050,34153131063,1,0,0,0,0,0,0,0,0,0,2,0,0,0,0,0,0,0,0,0,3,0,0,0,0,0,0,0,0,0,3
SL050,34153131064,21,0,172,0,50,0,0,1,0,0,14,0,86,0,49,0,0,2,0,1,35,0,258,0,99,0,0,3,0,1,396
SL050,34153131065,115,3,99,5,96,0,0,1,0,0,87,6,50,0,98,1,2,4,0,0,202,9,149,5,194,1,2,5,0,0,567
SL050,34153131066,13,1,35,0,11,0,0,0,0,0,13,1,37,0,20,0,0,0,0,0,26,2,72,0,31,0,0,0,0,0,131
SL050,34153131067,19,3,77,2,40,0,1,1,0,0,20,3,65,1,43,2,0,2,0,0,39,6,142,3,83,2,1,3,0,0,279
SL050,34153131068,60,4,144,2,56,0,0,1,0,1,60,4,122,3,68,0,2,3,2,0,120,8,266,5,124,0,2,4,2,1,532
SL050,34153131069,10,4,4,0,9,0,0,0,0,0,9,5,2,0,19,0,0,0,0,0,19,9,6,0,28,0,0,0,0,0,62
SL050,34153131070,29,2,367,5,59,0,0,4,0,0,33,6,275,7,79,0,0,3,0,0,62,8,642,12,138,0,0,7,0,0,869
SL050,34153131072,101,7,347,86,331,1,5,7,1,1,65,10,251,36,382,2,4,5,4,0,166,17,598,122,713,3,9,12,5,1,1646
SL050,34153131073,6,0,0,0,1,0,0,0,0,0,7,0,5,0,4,0,0,0,0,0,13,0,5,0,5,0,0,0,0,0,23
SL050,34153131074,1,1,1,0,3,0,0,0,0,0,1,1,0,0,4,0,0,0,0,0,2,2,1,0,7,0,0,0,0,0,12
SL050,34153131075,1,0,0,0,5,0,1,0,0,0,3,1,0,0,13,0,0,0,0,0,4,1,0,0,18,0,1,0,0,0,24
SL050,34153131076,40,3,2,13,121,11,5,7,23,1,36,4,2,3,105,3,3,5,2,0,76,7,4,16,226,14,8,12,25,1,389
SL050,34153131077,170,38,299,17,234,2,9,5,1,1,158,34,216,11,324,5,1,7,3,4,328,72,515,28,558,7,10,12,4,5,1539
SL050,34153131078,50,2,74,1,17,0,1,2,0,0,54,3,66,0,28,2,0,3,0,0,104,5,140,1,45,2,1,5,0,0,303
SL050,34153131079,0,0,2,0,0,0,0,0,0,0,0,2,3,0,0,0,0,0,0,0,0,2,5,0,0,0,0,0,0,0,7
SL050,34153131080,3,0,11,0,4,0,0,0,0,0,6,1,9,0,9,0,0,0,0,0,9,1,20,0,13,0,0,0,0,0,43
SL050,34153131081,4,0,0,0,1,0,0,0,0,0,4,0,0,0,3,0,0,0,0,0,8,0,0,0,4,0,0,0,0,0,12
SL050,34153131082,15,2,0,0,7,1,0,0,0,0,13,1,1,0,14,1,0,1,0,0,28,3,1,0,21,2,0,1,0,0,56
SL050,34153131083,2,0,0,0,0,0,0,0,0,0,2,1,0,0,0,0,0,0,0,0,4,1,0,0,0,0,0,0,0,0,5
SL050,34153131084,2,2,25,7,38,0,4,0,0,0,2,4,23,1,44,0,0,1,0,0,4,6,48,8,82,0,4,1,0,0,153
SL050,34153131085,5,1,5,1,8,0,0,0,0,0,6,3,1,0,11,0,0,1,0,0,11,4,6,1,19,0,0,1,0,0,42
SL050,34153131086,315,48,96,62,570,15,5,10,9,2,309,122,87,50,785,15,2,25,21,2,624,170,183,112,1355,30,7,35,30,4,2550
SL050,34153131087,5,0,1,0,1,0,0,0,0,0,2,0,2,0,4,0,0,1,0,0,7,0,3,0,5,0,0,1,0,0,16
SL050,34153131088,171,16,36,41,212,7,1,14,1,0,151,24,22,19,308,6,4,17,8,0,322,40,58,60,520,13,5,31,9,0,1058
SL050,34153131089,4,0,3,5,2,0,0,0,0,0,0,1,2,0,2,0,0,0,0,0,4,1,5,5,4,0,0,0,0,0,19
SL050,34153131090,2,0,0,0,0,0,0,0,0,0,0,0,0,0,0,0,0,0,0,0,2,0,0,0,0,0,0,0,0,0,2
SL050,34153131091,4,1,1,0,3,0,0,0,0,0,5,0,0,0,6,0,0,0,0,0,9,1,1,0,9,0,0,0,0,0,20
SL050,34153131092,8,0,0,0,3,2,0,0,0,0,4,0,0,0,15,1,0,0,0,0,12,0,0,0,18,3,0,0,0,0,33
SL050,34153131093,0,0,0,0,3,0,0,0,0,0,0,0,0,0,11,0,0,0,0,0,0,0,0,0,14,0,0,0,0,0,14
SL050,34153131095,0,0,0,0,1,0,0,0,0,0,0,0,0,0,1,1,0,0,0,0,0,0,0,0,2,1,0,0,0,0,3
SL050,34153131096,0,0,0,0,0,0,0,0,0,0,0,0,0,0,1,0,0,0,0,0,0,0,0,0,1,0,0,0,0,0,1
SL050,34153131097,135,23,208,24,525,1,21,24,0,3,103,26,129,8,734,4,26,21,3,4,238,49,337,32,1259,5,47,45,3,7,2022
SL050,34153131098,29,2,6,1,45,2,0,0,0,1,27,7,4,1,58,2,0,0,0,0,56,9,10,2,103,4,0,0,0,1,185
SL050,34153131099,4,0,3,0,0,0,0,0,0,0,2,0,0,0,1,0,0,0,0,0,6,0,3,0,1,0,0,0,0,0,10
SL050,34153131100,0,0,0,0,3,0,0,0,0,0,0,0,0,0,4,0,0,0,0,0,0,0,0,0,7,0,0,0,0,0,7
SL050,34153131101,27,2,6,1,21,0,0,0,1,0,13,4,5,0,35,0,0,0,2,0,40,6,11,1,56,0,0,0,3,0,117
SL050,34153131102,0,0,0,0,0,0,0,0,0,0,0,0,0,0,3,0,0,0,0,0,0,0,0,0,3,0,0,0,0,0,3
SL050,34153131104,9,3,123,5,20,0,0,0,0,0,3,0,89,6,35,0,0,0,0,1,12,3,212,11,55,0,0,0,0,1,294
SL050,34153131105,9,0,137,0,12,0,0,0,0,1,12,0,110,0,29,0,0,0,0,0,21,0,247,0,41,0,0,0,0,1,310
SL050,34153131106,30,2,3,1,14,0,0,0,0,0,36,2,0,0,24,0,0,0,0,0,66,4,3,1,38,0,0,0,0,0,112
SL050,34153131107,16,1,277,1,56,0,0,1,0,0,20,2,161,0,51,0,0,1,0,0,36,3,438,1,107,0,0,2,0,0,587
SL050,34153131108,79,3,34,4,43,0,0,2,0,0,77,8,27,6,50,0,0,1,0,0,156,11,61,10,93,0,0,3,0,0,334
SL050,34153131109,24,4,5,3,21,2,0,0,2,0,36,8,4,0,28,1,0,4,2,0,60,12,9,3,49,3,0,4,4,0,144
SL050,34153131110,1,0,0,0,0,0,0,0,0,0,1,0,0,0,0,0,0,0,0,0,2,0,0,0,0,0,0,0,0,0,2
SL050,34153131111,0,0,0,0,0,0,0,0,0,0,1,0,0,0,1,0,0,0,0,0,1,0,0,0,1,0,0,0,0,0,2
SL050,34153131112,0,0,0,0,0,0,0,0,0,0,1,0,0,0,0,0,0,0,0,0,1,0,0,0,0,0,0,0,0,0,1
SL050,34153131113,0,1,0,0,2,0,0,0,0,0,0,0,0,0,2,0,0,0,0,0,0,1,0,0,4,0,0,0,0,0,5
SL050,34153131114,2,1,4,1,6,0,0,0,0,0,4,1,2,0,9,0,0,0,0,0,6,2,6,1,15,0,0,0,0,0,30
SL050,34153131115,2,0,0,0,3,0,0,0,0,0,0,0,0,0,3,2,0,0,0,0,2,0,0,0,6,2,0,0,0,0,10
SL050,34153131116,3,1,0,0,0,0,0,0,0,0,3,0,0,0,1,0,0,0,0,0,6,1,0,0,1,0,0,0,0,0,8
SL050,34153131117,1,0,1,3,2,0,0,0,0,0,0,1,0,0,17,2,0,0,0,0,1,1,1,3,19,2,0,0,0,0,27
SL050,34153131120,3,0,0,1,3,0,0,0,0,0,4,0,0,0,6,0,0,0,0,0,7,0,0,1,9,0,0,0,0,0,17
SL050,34153131121,0,0,0,0,2,0,0,0,0,0,0,0,0,0,1,0,0,0,0,0,0,0,0,0,3,0,0,0,0,0,3
SL050,34153131122,112,23,26,14,171,1,4,16,1,1,86,39,22,11,200,4,3,17,1,1,198,62,48,25,371,5,7,33,2,2,753
SL050,34153131123,2,0,34,1,7,0,0,0,0,0,3,1,15,0,9,0,0,0,0,0,5,1,49,1,16,0,0,0,0,0,72
SL050,34153131124,4,0,0,1,2,0,0,0,0,0,2,0,0,0,1,0,0,0,0,0,6,0,0,1,3,0,0,0,0,0,10
SL050,34153131125,1,1,2,1,0,0,0,0,0,0,2,1,2,0,1,0,0,0,0,0,3,2,4,1,1,0,0,0,0,0,11
SL050,34153131126,2,0,0,0,4,0,0,0,0,0,0,0,0,0,7,4,0,0,0,0,2,0,0,0,11,4,0,0,0,0,17
SL050,34153131127,0,0,0,0,1,0,0,0,0,0,0,0,1,0,0,0,0,0,0,0,0,0,1,0,1,0,0,0,0,0,2
SL050,34153131128,7,0,0,0,8,0,0,0,0,0,4,1,0,0,14,0,0,0,0,0,11,1,0,0,22,0,0,0,0,0,34
SL050,34153131129,13,0,0,3,2,0,0,0,0,0,8,0,0,0,2,0,0,0,0,0,21,0,0,3,4,0,0,0,0,0,28
SL050,34153131130,3,0,1,0,2,0,0,0,0,0,2,0,2,0,5,0,1,0,0,0,5,0,3,0,7,0,1,0,0,0,16
SL050,34153131131,14,1,1,1,23,1,0,0,0,0,17,2,0,7,24,5,0,2,0,0,31,3,1,8,47,6,0,2,0,0,98
SL050,34153131132,1,1,3,0,1,0,0,0,0,0,5,0,1,0,1,0,0,0,0,0,6,1,4,0,2,0,0,0,0,0,13
SL050,34153131134,0,1,0,0,1,0,0,0,0,0,0,0,0,0,1,0,0,0,0,0,0,1,0,0,2,0,0,0,0,0,3
SL050,34153131135,2,0,0,0,1,0,0,0,0,0,0,0,0,1,4,0,0,0,0,0,2,0,0,1,5,0,0,0,0,0,8
SL050,34153131136,4,2,2,2,3,1,1,1,0,0,1,1,0,0,7,0,0,0,0,0,5,3,2,2,10,1,1,1,0,0,25
SL050,34153131137,0,0,0,0,3,0,0,0,0,0,1,0,0,0,2,0,0,0,0,0,1,0,0,0,5,0,0,0,0,0,6
SL050,34153131138,7,0,26,16,8,0,0,0,0,0,3,0,20,2,20,0,0,1,0,0,10,0,46,18,28,0,0,1,0,0,103
SL050,34153131139,1,0,0,0,0,0,0,0,0,0,0,0,0,0,1,0,0,0,0,0,1,0,0,0,1,0,0,0,0,0,2
SL050,34153131140,0,0,0,0,0,0,0,0,0,0,0,0,0,0,1,0,0,0,0,0,0,0,0,0,1,0,0,0,0,0,1
SL050,34153131141,0,0,0,0,1,0,0,0,0,0,4,0,2,0,1,0,0,0,0,0,4,0,2,0,2,0,0,0,0,0,8
SL050,34153131142,55,6,138,0,21,0,0,0,0,0,38,3,96,0,35,0,0,0,0,0,93,9,234,0,56,0,0,0,0,0,392
SL050,34153131143,0,0,0,0,0,0,0,0,0,0,1,0,0,1,0,0,0,0,0,0,1,0,0,1,0,0,0,0,0,0,2
SL050,34153131144,6,0,2,2,12,1,0,0,0,0,7,0,1,0,11,2,0,2,0,0,13,0,3,2,23,3,0,2,0,0,46
SL050,34153131145,0,0,0,0,0,0,0,0,0,0,0,0,0,0,5,0,0,0,0,0,0,0,0,0,5,0,0,0,0,0,5
SL050,34153131147,5,0,0,0,1,0,0,0,0,0,1,0,0,0,1,0,0,0,0,0,6,0,0,0,2,0,0,0,0,0,8
SL050,34153131148,7,0,0,0,0,0,0,0,0,0,6,0,0,0,0,0,0,0,0,0,13,0,0,0,0,0,0,0,0,0,13
SL050,34153131149,44,1,3,2,44,1,0,0,1,0,23,5,3,0,53,1,0,2,0,0,67,6,6,2,97,2,0,2,1,0,183
SL050,34153131150,2,0,0,0,1,0,0,0,0,0,1,0,0,0,1,0,0,0,0,0,3,0,0,0,2,0,0,0,0,0,5
SL050,34153131151,1,0,0,0,0,0,0,0,0,0,0,0,0,0,1,0,0,0,0,0,1,0,0,0,1,0,0,0,0,0,2
SL050,34153131152,50,2,78,0,36,1,0,0,0,1,35,2,44,0,48,1,0,0,0,0,85,4,122,0,84,2,0,0,0,1,298
SL050,34153131153,46,2,2,1,32,2,0,0,0,0,35,4,3,2,40,4,0,0,0,0,81,6,5,3,72,6,0,0,0,0,173
SL050,34153131154,1,0,0,0,1,0,0,0,0,0,0,0,0,0,1,0,0,0,0,0,1,0,0,0,2,0,0,0,0,0,3
SL050,34153131155,1,0,1,0,0,0,0,0,0,0,4,1,1,0,13,0,0,0,0,0,5,1,2,0,13,0,0,0,0,0,21
SL050,34153131156,1,0,2,0,3,0,0,0,0,0,2,1,1,0,3,1,0,0,0,0,3,1,3,0,6,1,0,0,0,0,14
SL050,34153131157,104,11,156,11,41,1,36,1,0,3,101,21,100,6,52,0,22,4,0,0,205,32,256,17,93,1,58,5,0,3,670
SL050,34153131158,2,2,0,0,4,0,0,0,0,0,1,2,0,0,4,0,0,0,0,0,3,4,0,0,8,0,0,0,0,0,15
SL050,34153131159,23,5,6,2,13,0,1,0,0,0,23,1,1,1,11,0,1,0,1,0,46,6,7,3,24,0,2,0,1,0,89
SL050,34153131160,5,0,0,0,3,0,0,0,0,0,3,0,0,0,2,0,0,0,0,0,8,0,0,0,5,0,0,0,0,0,13
SL050,34153131161,5,0,4,0,6,0,0,0,0,0,7,0,3,1,9,0,0,0,0,0,12,0,7,1,15,0,0,0,0,0,35
SL050,34153131162,1,0,0,0,0,0,0,0,0,0,0,0,0,0,0,0,0,0,0,0,1,0,0,0,0,0,0,0,0,0,1
SL050,34153131163,30,3,186,0,77,0,1,1,1,0,27,2,118,0,96,0,0,1,1,4,57,5,304,0,173,0,1,2,2,4,548
SL050,34153131164,6,1,46,6,8,0,0,0,0,0,9,3,31,7,6,0,0,0,0,0,15,4,77,13,14,0,0,0,0,0,123
SL050,34153131165,65,2,78,1,30,1,0,2,0,0,73,6,32,0,48,0,0,2,0,0,138,8,110,1,78,1,0,4,0,0,340
SL050,34153131166,8,0,0,0,8,0,0,0,0,0,2,0,0,0,7,0,0,0,0,0,10,0,0,0,15,0,0,0,0,0,25
SL050,34153131167,12,1,4,1,23,0,0,1,0,0,8,3,2,0,20,0,0,1,0,0,20,4,6,1,43,0,0,2,0,0,76
SL050,34153131168,3,0,0,0,0,0,0,0,0,0,0,1,0,0,2,0,0,0,1,0,3,1,0,0,2,0,0,0,1,0,7
SL050,34153131169,98,7,194,0,166,0,0,2,61,1,89,9,121,0,185,0,0,1,4,0,187,16,315,0,351,0,0,3,65,1,938
SL050,34153131170,1,0,0,0,0,0,0,0,0,0,1,0,0,0,0,0,0,0,0,0,2,0,0,0,0,0,0,0,0,0,2
SL050,34153131171,7,0,15,1,34,0,0,0,0,0,6,1,12,1,47,0,0,0,0,0,13,1,27,2,81,0,0,0,0,0,124
SL050,34153131172,12,0,0,0,5,0,0,1,0,0,4,0,0,0,6,0,1,0,0,0,16,0,0,0,11,0,1,1,0,0,29
SL050,34153131173,18,0,20,1,26,1,0,1,0,0,11,2,17,1,7,3,0,0,0,0,29,2,37,2,33,4,0,1,0,0,108
SL050,34153131174,0,0,0,0,0,0,0,0,0,0,0,0,0,0,1,0,0,0,0,0,0,0,0,0,1,0,0,0,0,0,1
SL050,34153131175,1,0,0,0,4,0,0,0,0,0,1,0,0,0,3,0,0,0,0,0,2,0,0,0,7,0,0,0,0,0,9
SL050,34153131176,61,10,138,9,65,1,0,3,2,0,60,14,120,9,78,2,0,3,1,0,121,24,258,18,143,3,0,6,3,0,576
SL050,34153131177,4,1,8,0,15,0,0,0,0,0,6,2,7,0,16,0,0,0,0,0,10,3,15,0,31,0,0,0,0,0,59
SL050,34153131178,1,0,36,2,9,0,0,0,0,0,2,3,25,2,10,0,0,0,0,0,3,3,61,4,19,0,0,0,0,0,90
SL050,34153131179,3,0,11,0,36,0,0,0,0,0,5,1,1,0,31,0,0,0,0,0,8,1,12,0,67,0,0,0,0,0,88
SL050,34153131180,0,0,2,0,1,0,0,0,0,0,1,0,3,0,6,0,0,2,0,0,1,0,5,0,7,0,0,2,0,0,15
SL050,34153131183,23,2,0,1,11,1,0,0,0,0,30,3,0,2,11,2,0,0,2,0,53,5,0,3,22,3,0,0,2,0,88
SL050,34153131184,0,0,0,0,2,0,0,0,0,0,0,0,0,0,5,0,0,0,0,0,0,0,0,0,7,0,0,0,0,0,7
SL050,34153131185,2,0,1,0,9,0,0,0,0,0,2,0,1,0,13,0,0,0,0,0,4,0,2,0,22,0,0,0,0,0,28
SL050,34153131186,1,1,0,0,1,0,0,0,0,0,1,2,0,0,3,1,0,0,0,0,2,3,0,0,4,1,0,0,0,0,10
SL050,34153131187,1,0,0,0,3,0,0,0,0,0,0,0,0,0,5,0,0,0,0,0,1,0,0,0,8,0,0,0,0,0,9
SL050,34153131188,7,0,2,1,8,0,2,0,0,0,6,0,0,0,9,0,0,0,0,0,13,0,2,1,17,0,2,0,0,0,35
SL050,34153131189,36,1,38,6,16,0,0,0,0,0,24,1,39,3,31,0,0,0,0,0,60,2,77,9,47,0,0,0,0,0,195
SL050,34153131191,76,9,29,9,87,3,0,3,0,0,79,13,25,4,122,4,0,2,1,0,155,22,54,13,209,7,0,5,1,0,466
SL050,34153131192,3,0,0,0,5,0,0,0,0,0,3,2,0,0,5,1,0,0,0,0,6,2,0,0,10,1,0,0,0,0,19
SL050,34153131193,20,3,3,2,18,1,0,1,0,0,19,4,5,0,28,1,0,4,0,0,39,7,8,2,46,2,0,5,0,0,109
SL050,34153131194,2,0,0,0,1,0,0,0,0,0,2,0,0,0,2,1,0,0,1,0,4,0,0,0,3,1,0,0,1,0,9
SL050,34153131195,0,0,0,0,0,0,0,0,0,0,3,0,0,0,0,0,0,0,0,0,3,0,0,0,0,0,0,0,0,0,3
SL050,34153131199,0,0,0,0,2,0,0,1,0,0,0,0,0,0,1,0,0,0,0,0,0,0,0,0,3,0,0,1,0,0,4
SL050,34153131200,7,2,8,1,9,0,0,0,0,0,3,0,5,0,12,0,0,0,0,0,10,2,13,1,21,0,0,0,0,0,47
SL050,34153131201,3365,714,1295,1218,8145,160,250,394,95,23,3293,1098,871,760,11259,211,78,509,99,31,6658,1812,2166,1978,19404,371,328,903,194,54,33868
SL050,34153131202,53,22,97,11,316,0,0,3,0,0,45,24,64,8,322,0,0,6,0,0,98,46,161,19,638,0,0,9,0,0,971
SL050,34153131203,1,0,0,0,0,0,0,0,0,0,0,0,0,0,1,0,0,0,0,0,1,0,0,0,1,0,0,0,0,0,2
SL050,34153131205,6,0,2,0,1,0,0,0,0,0,3,0,1,0,10,0,0,0,0,0,9,0,3,0,11,0,0,0,0,0,23
SL050,34153131206,36,3,68,6,78,1,2,1,0,0,29,3,49,9,119,0,3,4,1,1,65,6,117,15,197,1,5,5,1,1,413
SL050,34153131207,4,0,1,0,1,0,0,0,0,0,5,0,0,0,2,0,0,0,0,0,9,0,1,0,3,0,0,0,0,0,13
SL050,34153131208,49,18,201,98,58,0,0,3,0,0,61,12,129,14,69,1,0,3,0,0,110,30,330,112,127,1,0,6,0,0,716
SL050,34153131209,0,0,1,0,0,0,0,0,0,0,1,0,1,0,3,0,0,0,0,0,1,0,2,0,3,0,0,0,0,0,6
SL050,34153131210,1,0,0,1,2,0,0,0,0,0,3,0,0,0,1,0,0,0,0,0,4,0,0,1,3,0,0,0,0,0,8
SL050,34153131211,0,0,0,0,1,0,0,0,0,0,0,0,1,0,0,0,0,0,0,0,0,0,1,0,1,0,0,0,0,0,2
SL050,34153131213,0,0,0,0,2,0,0,0,0,0,1,1,0,0,2,0,0,0,0,0,1,1,0,0,4,0,0,0,0,0,6
SL050,34153131214,0,0,0,0,2,0,0,0,0,0,1,0,0,0,0,0,0,0,0,0,1,0,0,0,2,0,0,0,0,0,3
SL050,34153131215,54,8,200,20,106,0,3,4,0,0,51,14,170,9,147,0,0,7,0,0,105,22,370,29,253,0,3,11,0,0,793
SL050,34153131216,95,1,12,4,135,1,0,3,0,0,88,7,8,10,163,5,0,4,0,0,183,8,20,14,298,6,0,7,0,0,536
SL050,34153131217,4,0,13,0,1,0,0,0,3,0,3,0,13,0,7,0,0,0,4,0,7,0,26,0,8,0,0,0,7,0,48
SL050,34153131219,7,0,0,0,1,0,0,0,0,0,3,0,1,0,0,1,0,0,0,0,10,0,1,0,1,1,0,0,0,0,13
SL050,34153131220,4,1,16,0,9,0,0,0,0,0,1,0,15,0,7,0,0,0,0,0,5,1,31,0,16,0,0,0,0,0,53
SL050,34153131221,68,1,13,3,32,0,0,0,0,0,42,4,16,2,48,4,0,1,0,0,110,5,29,5,80,4,0,1,0,0,234
SL050,34153131223,43,1,72,0,4,0,1,0,0,0,50,3,19,0,12,0,1,2,1,0,93,4,91,0,16,0,2,2,1,0,209
SL050,34153131224,14,0,56,4,10,0,0,1,0,0,12,3,34,2,19,0,0,0,0,0,26,3,90,6,29,0,0,1,0,0,155
SL050,34153131225,10,0,0,0,1,0,0,0,0,0,6,0,0,0,0,0,0,0,0,0,16,0,0,0,1,0,0,0,0,0,17
SL050,34153131226,14,3,0,0,3,1,0,0,0,0,9,3,0,0,13,0,0,0,0,0,23,6,0,0,16,1,0,0,0,0,46
SL050,34153131227,225,18,128,28,273,0,4,6,2,0,200,15,69,17,378,1,2,8,5,2,425,33,197,45,651,1,6,14,7,2,1381
SL050,34153131228,7,2,2,1,3,0,0,0,0,0,3,2,2,0,11,0,0,0,0,0,10,4,4,1,14,0,0,0,0,0,33
SL050,34153131229,0,0,0,0,0,0,0,0,1,0,0,0,0,0,0,0,0,0,0,0,0,0,0,0,0,0,0,0,1,0,1
SL050,34153131231,0,0,0,0,2,0,0,0,0,0,1,0,0,0,5,0,0,0,0,0,1,0,0,0,7,0,0,0,0,0,8
SL050,34153131232,549,73,989,208,1406,16,21,41,9,4,505,151,597,131,1743,19,8,34,5,9,1054,224,1586,339,3149,35,29,75,14,13,6518
SL050,34153131233,7,0,4,0,3,0,0,0,0,0,7,0,3,0,4,0,0,0,0,0,14,0,7,0,7,0,0,0,0,0,28
SL050,34153131234,2,0,0,0,2,0,0,0,1,0,3,1,0,0,2,0,0,0,0,0,5,1,0,0,4,0,0,0,1,0,11
SL050,34153131235,0,0,1,1,0,0,0,0,0,0,1,0,2,0,0,0,0,0,0,0,1,0,3,1,0,0,0,0,0,0,5
SL050,34153131236,14,17,1,0,10,0,0,0,0,1,8,19,3,0,17,0,0,0,0,3,22,36,4,0,27,0,0,0,0,4,93
SL050,34153131237,3,0,0,0,2,0,0,0,0,0,1,0,0,0,3,0,0,0,0,0,4,0,0,0,5,0,0,0,0,0,9
SL050,34153131238,1,0,1,0,1,0,0,0,0,0,2,0,1,0,2,0,0,0,0,0,3,0,2,0,3,0,0,0,0,0,8
SL050,34153131239,11,0,0,0,1,0,0,0,0,0,18,0,0,0,4,0,0,0,0,0,29,0,0,0,5,0,0,0,0,0,34
SL050,34153131240,4,1,1,0,1,0,2,0,0,0,8,0,1,0,12,0,0,0,0,0,12,1,2,0,13,0,2,0,0,0,30
SL050,34153131241,1,0,0,0,1,0,0,0,0,0,0,0,0,0,1,0,0,0,0,0,1,0,0,0,2,0,0,0,0,0,3
SL050,34153131242,2,0,0,0,1,0,0,0,0,0,3,1,0,1,7,0,0,0,0,0,5,1,0,1,8,0,0,0,0,0,15
SL050,34153131243,3,0,1,0,9,0,0,0,0,0,3,0,0,0,7,0,1,0,0,0,6,0,1,0,16,0,1,0,0,0,24
SL050,34153131244,0,1,0,0,0,0,0,0,0,0,0,1,0,0,4,0,0,0,0,0,0,2,0,0,4,0,0,0,0,0,6
SL050,34153131245,0,0,1,0,1,0,0,0,0,0,0,0,0,0,0,0,0,0,0,0,0,0,1,0,1,0,0,0,0,0,2
SL050,34153131246,3,0,0,0,2,0,0,0,0,0,1,0,1,0,7,0,0,0,0,0,4,0,1,0,9,0,0,0,0,0,14
SL050,34153131247,2,0,0,0,1,0,0,0,0,0,2,0,0,0,1,0,0,0,0,0,4,0,0,0,2,0,0,0,0,0,6
SL050,34153131248,40,0,1,2,7,0,0,0,0,0,21,0,1,1,5,0,0,0,0,0,61,0,2,3,12,0,0,0,0,0,78
SL050,34153131249,20,9,77,0,35,1,0,3,2,2,19,5,62,0,57,0,0,1,0,0,39,14,139,0,92,1,0,4,2,2,293
SL050,34153131250,99,22,6,0,79,1,0,0,2,0,75,21,11,1,117,1,0,2,1,0,174,43,17,1,196,2,0,2,3,0,438
SL050,34153131251,85,2,75,1,44,0,25,2,1,0,64,8,59,0,75,0,16,1,0,0,149,10,134,1,119,0,41,3,1,0,458
SL050,34153131253,0,0,0,0,1,1,0,0,0,1,1,0,0,0,0,0,0,0,0,0,1,0,0,0,1,1,0,0,0,1,4
SL050,34153131254,44,11,179,4,115,0,1,1,1,0,30,15,157,0,119,0,0,1,0,2,74,26,336,4,234,0,1,2,1,2,680
SL050,34153131255,1,0,0,0,1,0,0,0,0,0,1,0,0,0,0,0,0,0,0,0,2,0,0,0,1,0,0,0,0,0,3
SL050,34153131256,0,0,0,0,1,0,0,0,0,0,0,0,0,0,0,0,0,0,0,0,0,0,0,0,1,0,0,0,0,0,1
SL050,34153131257,22,0,5,1,15,0,0,2,0,0,6,1,9,0,36,0,3,2,4,0,28,1,14,1,51,0,3,4,4,0,106
SL050,34153131258,185,32,24,50,250,3,15,7,1,0,172,40,19,21,310,6,12,8,3,3,357,72,43,71,560,9,27,15,4,3,1161
SL050,34153131259,11,0,0,1,5,2,0,0,0,0,3,0,0,0,12,4,0,0,0,0,14,0,0,1,17,6,0,0,0,0,38
SL050,34153131260,15,0,2,0,17,1,0,0,0,0,17,1,2,0,25,0,0,1,0,0,32,1,4,0,42,1,0,1,0,0,81
SL050,34153131261,9,1,2,1,8,0,0,0,0,0,7,0,0,0,10,0,0,0,0,0,16,1,2,1,18,0,0,0,0,0,38
SL050,34153131262,5,0,0,0,2,0,0,0,0,0,1,1,0,0,4,0,0,1,0,0,6,1,0,0,6,0,0,1,0,0,14
SL050,34153131263,4,0,0,0,0,1,0,0,0,0,2,0,0,0,0,0,0,0,0,0,6,0,0,0,0,1,0,0,0,0,7
SL050,34153131264,12,0,1,0,1,0,0,0,0,0,15,0,0,0,0,0,0,0,0,0,27,0,1,0,1,0,0,0,0,0,29
SL050,34153131265,13,0,0,0,6,0,0,0,0,0,10,0,0,0,3,0,0,0,0,0,23,0,0,0,9,0,0,0,0,0,32
SL050,34153131901,447,98,90,90,748,15,15,25,10,1,400,102,45,39,962,17,6,33,4,0,847,200,135,129,1710,32,21,58,14,1,3147
SL050,34153131902,190,26,19,20,201,2,1,7,1,0,172,31,7,8,261,6,1,12,2,1,362,57,26,28,462,8,2,19,3,1,968
SL050,34153131903,307,66,127,105,356,5,5,10,5,0,248,71,101,84,500,1,0,12,1,0,555,137,228,189,856,6,5,22,6,0,2004
SL050,34153131904,66,5,72,12,42,0,0,0,0,0,45,5,46,13,55,0,0,0,0,0,111,10,118,25,97,0,0,0,0,0,361
SL050,34153131905,57,9,51,18,73,1,0,0,2,1,52,18,32,12,103,0,0,4,1,0,109,27,83,30,176,1,0,4,3,1,434
SL050,34153131906,74,13,28,9,120,2,0,6,3,0,67,11,21,4,163,4,3,12,3,0,141,24,49,13,283,6,3,18,6,0,543
SL050,34153131907,237,67,37,11,282,7,7,11,3,1,245,85,46,15,388,8,3,29,5,2,482,152,83,26,670,15,10,40,8,3,1489
SL050,34153131908,43,6,11,5,17,0,1,0,1,0,38,5,11,2,30,2,0,0,0,0,81,11,22,7,47,2,1,0,1,0,172
SL050,34123232001,101,45,5,7,95,1,1,3,2,0,83,55,9,2,130,4,0,3,1,0,184,100,14,9,225,5,1,6,3,0,547
SL050,34123232002,33,11,3,0,27,1,0,0,0,1,34,12,3,0,35,1,1,0,0,2,67,23,6,0,62,2,1,0,0,3,164
SL050,34123232003,15,5,0,0,11,0,0,0,0,0,6,9,0,0,17,0,0,0,0,0,21,14,0,0,28,0,0,0,0,0,63
SL050,34123232004,15,5,0,0,201,1,0,0,0,2,12,2,0,0,226,2,0,0,0,2,27,7,0,0,427,3,0,0,0,4,468
SL050,34123232005,62,5,0,0,6,0,0,0,0,0,40,6,1,0,4,0,0,0,0,0,102,11,1,0,10,0,0,0,0,0,124
SL050,34123232006,27,5,1,0,24,1,0,0,0,0,27,8,0,0,40,0,0,0,0,0,54,13,1,0,64,1,0,0,0,0,133
SL050,34123232007,39,16,1,0,2,0,0,0,0,0,23,14,0,0,11,0,0,0,0,0,62,30,1,0,13,0,0,0,0,0,106
SL050,34123232008,220,95,6,15,349,10,0,2,1,2,221,116,2,4,435,8,0,9,1,1,441,211,8,19,784,18,0,11,2,3,1497
SL050,34123232009,497,50,35,12,224,1,11,3,10,0,463,58,26,11,432,5,6,6,7,0,960,108,61,23,656,6,17,9,17,0,1857
SL050,34123232010,5,2,0,0,6,0,0,0,0,0,4,2,0,0,6,0,0,0,0,0,9,4,0,0,12,0,0,0,0,0,25
SL050,34123232011,7,2,0,0,117,2,0,0,0,0,10,0,0,0,104,3,0,0,0,0,17,2,0,0,221,5,0,0,0,0,245
SL050,34123232012,15,2,0,0,1,0,0,0,0,0,12,5,0,0,3,0,0,0,0,0,27,7,0,0,4,0,0,0,0,0,38
SL050,34123232013,50,6,0,0,112,0,0,0,0,0,36,3,1,2,121,0,0,0,0,1,86,9,1,2,233,0,0,0,0,1,332
SL050,34123232014,24,7,0,0,31,0,0,0,0,0,20,8,0,1,33,0,0,0,0,0,44,15,0,1,64,0,0,0,0,0,124
SL050,34123232015,23,0,0,1,4,0,0,0,0,0,21,1,0,1,7,0,0,0,0,0,44,1,0,2,11,0,0,0,0,0,58
SL050,34123232016,18,5,0,0,3,0,0,0,0,0,20,4,0,0,3,0,0,0,0,0,38,9,0,0,6,0,0,0,0,0,53
SL050,34123232017,139,1,6,6,5,0,1,0,2,0,122,3,3,1,24,0,0,0,3,0,261,4,9,7,29,0,1,0,5,0,316
SL050,34123232018,22,15,0,1,30,0,0,0,0,0,12,9,0,0,27,0,0,0,0,0,34,24,0,1,57,0,0,0,0,0,116
SL050,34123232019,273,82,4,9,604,4,7,6,0,3,230,79,7,4,920,6,0,4,1,2,503,161,11,13,1524,10,7,10,1,5,2245
SL050,34123232020,24,25,2,2,38,0,0,1,0,0,22,16,2,0,51,0,0,1,0,0,46,41,4,2,89,0,0,2,0,0,184
SL050,34123232021,20,4,1,0,4,0,0,0,0,0,23,1,0,0,14,0,0,0,0,0,43,5,1,0,18,0,0,0,0,0,67
SL050,34123232022,29,6,0,0,27,0,0,0,0,0,19,6,0,0,28,1,0,0,0,0,48,12,0,0,55,1,0,0,0,0,116
SL050,34123232023,14,4,0,0,4,1,0,0,0,0,10,2,0,1,12,1,0,0,0,0,24,6,0,1,16,2,0,0,0,0,49
SL050,34123232024,70,30,3,5,222,11,0,3,2,0,69,37,4,1,271,17,0,4,2,0,139,67,7,6,493,28,0,7,4,0,751
SL050,34123232025,20,9,0,2,19,1,0,0,0,0,17,4,0,0,23,0,0,0,0,0,37,13,0,2,42,1,0,0,0,0,95
SL050,34123232026,41,16,2,0,46,0,0,0,0,0,38,13,1,1,63,0,0,0,0,0,79,29,3,1,109,0,0,0,0,0,221
SL050,34123232027,21,6,0,2,8,1,0,0,0,0,18,10,1,0,25,1,0,0,0,0,39,16,1,2,33,2,0,0,0,0,93
SL050,34123232028,46,5,1,1,7,0,0,0,0,0,30,4,1,0,12,0,0,0,0,0,76,9,2,1,19,0,0,0,0,0,107
SL050,34123232029,8,0,0,2,0,0,0,0,0,0,4,0,0,0,2,0,0,0,0,0,12,0,0,2,2,0,0,0,0,0,16
SL050,34123232030,104,4,0,0,7,0,0,0,0,0,102,5,0,1,12,0,0,0,0,1,206,9,0,1,19,0,0,0,0,1,236
SL050,34123232031,20,9,1,0,15,0,0,0,0,0,14,17,0,0,18,0,0,0,0,0,34,26,1,0,33,0,0,0,0,0,94
SL050,34123232032,216,61,100,3,106,2,2,7,0,1,231,65,85,0,179,2,1,9,1,0,447,126,185,3,285,4,3,16,1,1,1071
SL050,34123232033,10,5,0,1,19,1,0,0,0,0,10,3,0,1,24,1,0,0,0,0,20,8,0,2,43,2,0,0,0,0,75
SL050,34123232034,118,2,0,1,9,0,0,0,0,0,57,2,0,2,15,0,0,0,0,0,175,4,0,3,24,0,0,0,0,0,206
SL050,34123232035,13,6,0,0,22,0,0,0,0,0,12,5,0,0,20,0,0,0,0,0,25,11,0,0,42,0,0,0,0,0,78
SL050,34123232036,9,7,0,0,6,0,0,0,0,0,13,5,1,0,10,0,0,0,0,0,22,12,1,0,16,0,0,0,0,0,51
SL050,34123232037,19,6,1,0,6,0,0,0,0,0,12,4,1,0,6,0,0,0,0,0,31,10,2,0,12,0,0,0,0,0,55
SL050,34123232038,5,0,1,0,1,0,0,0,0,0,12,0,0,0,2,0,0,0,0,0,17,0,1,0,3,0,0,0,0,0,21
SL050,34123232039,23,9,0,2,5,0,0,0,0,1,21,4,0,0,6,0,0,0,0,0,44,13,0,2,11,0,0,0,0,1,71
SL050,34123232040,22,7,0,0,30,0,0,0,0,2,23,5,1,0,50,3,0,0,0,1,45,12,1,0,80,3,0,0,0,3,144
SL050,34123232041,23,2,1,0,8,0,0,0,0,0,21,0,0,0,14,1,0,0,0,0,44,2,1,0,22,1,0,0,0,0,70
SL050,34123232042,99,2,0,1,5,0,0,0,0,0,87,4,0,0,16,0,0,0,0,0,186,6,0,1,21,0,0,0,0,0,214
SL050,34123232043,51,12,0,12,30,0,0,1,0,0,64,10,0,2,27,0,0,0,0,0,115,22,0,14,57,0,0,1,0,0,209
SL050,34123232044,8,0,1,0,1,0,0,0,0,0,5,0,0,0,8,0,0,0,1,0,13,0,1,0,9,0,0,0,1,0,24
SL050,34123232045,34,24,2,0,38,2,0,0,0,1,27,16,1,0,49,2,0,0,0,0,61,40,3,0,87,4,0,0,0,1,196
SL050,34123232046,16,13,0,0,10,0,0,0,0,0,20,6,0,0,15,0,0,0,0,0,36,19,0,0,25,0,0,0,0,0,80
SL050,34123232047,31,7,0,1,36,2,0,0,0,0,22,9,0,2,31,1,0,0,0,0,53,16,0,3,67,3,0,0,0,0,142
SL050,34123232048,82,1,0,0,5,0,0,0,0,0,84,2,0,0,12,1,0,0,0,0,166,3,0,0,17,1,0,0,0,0,187
SL050,34123232049,8,2,0,0,3,0,0,0,0,0,7,1,1,0,5,0,0,0,0,0,15,3,1,0,8,0,0,0,0,0,27
SL050,34123232050,62,13,1,2,13,0,0,0,0,0,67,8,0,0,23,0,0,0,0,0,129,21,1,2,36,0,0,0,0,0,189
SL050,34123232051,44,7,2,1,13,0,0,0,0,0,30,5,1,0,8,0,0,0,0,0,74,12,3,1,21,0,0,0,0,0,111
SL050,34123232052,31,13,1,1,23,1,0,0,1,2,26,15,0,1,31,1,0,1,0,3,57,28,1,2,54,2,0,1,1,5,151
SL050,34123232053,195,9,0,4,4,1,0,0,0,0,99,7,1,1,17,1,0,0,0,0,294,16,1,5,21,2,0,0,0,0,339
SL050,34123232054,1489,486,192,249,2650,56,19,98,31,11,1717,598,148,107,4057,91,8,133,40,9,3206,1084,340,356,6707,147,27,231,71,20,12189
SL050,34123232055,14,20,1,0,15,0,0,0,0,0,18,20,0,1,25,0,0,0,0,0,32,40,1,1,40,0,0,0,0,0,114
SL050,34123232056,100,17,1,1,7,0,0,0,0,0,112,14,0,1,20,0,0,0,0,0,212,31,1,2,27,0,0,0,0,0,273
SL050,34123232057,6,1,0,0,2,0,0,0,0,0,4,0,0,0,2,0,0,0,0,0,10,1,0,0,4,0,0,0,0,0,15
SL050,34123232058,108,50,4,3,105,6,1,1,0,2,90,44,2,4,131,4,1,5,0,2,198,94,6,7,236,10,2,6,0,4,563
SL050,34123232059,15,4,1,0,15,1,0,0,0,0,14,3,0,0,18,1,0,0,0,0,29,7,1,0,33,2,0,0,0,0,72
SL050,34123232060,23,1,0,1,8,0,0,0,0,0,20,1,0,0,13,0,0,0,0,0,43,2,0,1,21,0,0,0,0,0,67
SL050,34123232061,15,8,6,3,12,0,0,0,0,0,19,3,4,0,11,0,0,0,0,0,34,11,10,3,23,0,0,0,0,0,81
SL050,34123232062,12,3,0,1,10,0,0,0,0,0,11,1,0,0,6,0,0,0,0,0,23,4,0,1,16,0,0,0,0,0,44
SL050,34123232063,40,5,3,0,12,2,0,1,0,0,46,5,0,0,25,1,0,1,0,0,86,10,3,0,37,3,0,2,0,0,141
SL050,34123232064,10,11,0,0,9,2,0,0,0,0,10,5,0,0,5,4,0,0,0,0,20,16,0,0,14,6,0,0,0,0,56
SL050,34123232065,15,3,1,0,13,0,0,0,0,0,9,4,0,0,12,0,0,2,0,0,24,7,1,0,25,0,0,2,0,0,59
SL050,34123232066,8,6,0,4,16,3,0,0,0,0,8,4,0,3,20,3,0,0,0,0,16,10,0,7,36,6,0,0,0,0,75
SL050,34123232067,17,11,0,1,5,0,0,0,0,0,4,6,0,1,14,0,0,0,0,0,21,17,0,2,19,0,0,0,0,0,59
SL050,34123232068,24,11,1,2,61,9,0,0,0,0,24,5,0,0,78,12,0,0,0,0,48,16,1,2,139,21,0,0,0,0,227
SL050,34123232069,94,30,2,6,48,0,2,3,0,0,89,41,1,4,82,0,0,2,0,0,183,71,3,10,130,0,2,5,0,0,404
SL050,34123232070,3,0,0,0,0,0,0,0,0,0,2,1,0,0,1,0,0,0,0,0,5,1,0,0,1,0,0,0,0,0,7
SL050,34123232071,36,5,2,0,10,0,0,0,0,0,31,2,0,0,16,1,1,0,0,0,67,7,2,0,26,1,1,0,0,0,104
SL050,34123232072,172,12,1,0,36,2,0,4,1,1,173,9,2,1,56,2,0,4,1,1,345,21,3,1,92,4,0,8,2,2,478
SL050,34123232073,22,3,0,0,6,0,4,0,0,0,19,1,0,0,19,0,0,0,0,0,41,4,0,0,25,0,4,0,0,0,74
SL050,34123232074,10,11,0,0,24,0,3,1,1,0,10,8,0,0,25,0,0,0,0,0,20,19,0,0,49,0,3,1,1,0,93
SL050,34123232075,134,70,1,3,84,4,0,2,0,0,95,54,1,1,128,0,0,4,1,1,229,124,2,4,212,4,0,6,1,1,583
SL050,34123232076,22,6,6,1,13,2,0,0,0,0,24,6,6,0,23,0,0,0,0,1,46,12,12,1,36,2,0,0,0,1,110
SL050,34123232077,21,9,3,0,5,1,0,0,0,0,22,8,1,1,5,0,0,0,0,0,43,17,4,1,10,1,0,0,0,0,76
SL050,34123232078,21,4,3,0,12,0,0,0,0,0,21,3,2,0,4,0,0,0,0,0,42,7,5,0,16,0,0,0,0,0,70
SL050,34123232079,26,20,0,1,9,0,0,0,0,0,19,17,0,0,16,0,0,0,0,0,45,37,0,1,25,0,0,0,0,0,108
SL050,34123232080,4,1,0,0,4,0,0,0,0,0,7,1,0,0,2,0,0,0,0,0,11,2,0,0,6,0,0,0,0,0,19
SL050,34123232081,61,19,0,0,28,0,0,0,0,0,55,17,1,1,27,1,0,0,2,1,116,36,1,1,55,1,0,0,2,1,213
SL050,34123232082,21,5,0,0,5,0,1,0,0,0,20,4,1,0,11,0,1,1,0,0,41,9,1,0,16,0,2,1,0,0,70
SL050,34123232083,18,1,0,0,1,1,0,0,0,0,11,0,2,0,10,0,0,0,0,0,29,1,2,0,11,1,0,0,0,0,44
SL050,34123232084,9,7,0,0,18,0,0,0,0,0,12,8,0,1,22,0,0,0,0,0,21,15,0,1,40,0,0,0,0,0,77
SL050,34123232085,711,63,64,15,140,4,4,6,0,3,670,61,41,12,414,3,3,13,2,0,1381,124,105,27,554,7,7,19,2,3,2229
SL050,34123232086,47,2,0,1,12,0,0,1,0,0,57,2,0,2,17,0,0,3,0,0,104,4,0,3,29,0,0,4,0,0,144
SL050,34123232087,24,7,3,4,17,0,0,0,0,0,29,7,4,3,22,0,0,0,0,0,53,14,7,7,39,0,0,0,0,0,120
SL050,34123232088,43,11,1,0,13,0,0,1,0,0,36,5,0,0,20,0,0,1,1,0,79,16,1,0,33,0,0,2,1,0,132
SL050,34123232089,37,6,0,0,4,0,0,0,0,0,15,2,1,0,9,0,0,0,0,0,52,8,1,0,13,0,0,0,0,0,74
SL050,34123232090,15,12,1,0,15,0,0,0,0,1,10,3,1,0,14,1,0,0,1,1,25,15,2,0,29,1,0,0,1,2,75
SL050,34123232091,71,5,4,0,2,0,0,0,0,0,39,1,3,0,12,0,0,0,0,0,110,6,7,0,14,0,0,0,0,0,137
SL050,34123232092,4,0,0,0,5,0,0,0,0,0,6,0,0,0,3,0,0,0,0,0,10,0,0,0,8,0,0,0,0,0,18
SL050,34033333001,11,0,6,0,5,0,0,0,0,0,15,0,8,0,10,0,0,0,1,0,26,0,14,0,15,0,0,0,1,0,56
SL050,34033333002,102,7,19,1,32,2,1,3,0,2,97,13,18,0,76,1,2,3,0,2,199,20,37,1,108,3,3,6,0,4,381
SL050,34033333003,6,1,0,0,5,0,0,0,0,1,3,0,0,0,7,0,0,0,0,0,9,1,0,0,12,0,0,0,0,1,23
SL050,34033333004,595,65,149,156,935,19,30,41,48,5,652,78,129,56,1546,29,17,60,20,5,1247,143,278,212,2481,48,47,101,68,10,4635
SL050,34033333005,4,1,1,0,11,0,0,0,0,1,9,3,0,2,16,0,0,0,0,0,13,4,1,2,27,0,0,0,0,1,48
SL050,34033333006,18,1,1,1,6,0,0,0,0,0,16,1,0,0,12,0,0,0,0,0,34,2,1,1,18,0,0,0,0,0,56
SL050,34033333007,3,1,1,0,7,0,0,1,0,0,8,0,0,0,14,1,0,0,0,0,11,1,1,0,21,1,0,1,0,0,36
SL050,34033333008,39,3,0,1,34,0,0,0,3,0,47,8,0,0,59,1,0,0,0,0,86,11,0,1,93,1,0,0,3,0,195
SL050,34033333009,24,1,2,0,12,0,0,0,0,1,28,1,0,1,23,0,0,0,1,1,52,2,2,1,35,0,0,0,1,2,95
SL050,34033333010,14,0,2,1,12,1,0,0,0,0,13,2,0,1,27,1,0,1,0,0,27,2,2,2,39,2,0,1,0,0,75
SL050,34033333011,121,16,32,6,31,2,0,4,0,2,122,16,24,12,100,0,4,6,0,1,243,32,56,18,131,2,4,10,0,3,499
SL050,34033333012,148,16,9,3,126,7,0,3,0,3,159,21,2,4,195,11,0,6,1,1,307,37,11,7,321,18,0,9,1,4,715
SL050,34033333013,1,0,0,0,3,0,0,0,0,0,2,0,0,0,4,0,0,0,0,0,3,0,0,0,7,0,0,0,0,0,10
SL050,34033333014,98,18,16,9,72,5,6,2,0,1,80,19,11,3,150,4,0,1,1,0,178,37,27,12,222,9,6,3,1,1,496
SL050,34033333015,9,4,0,0,5,0,0,0,0,0,12,8,1,0,13,0,0,0,0,0,21,12,1,0,18,0,0,0,0,0,52
SL050,34033333016,140,35,12,9,170,11,3,6,4,4,165,29,15,14,270,12,2,9,6,3,305,64,27,23,440,23,5,15,10,7,919
SL050,34033333017,27,2,4,2,31,2,1,0,0,0,16,3,0,0,33,3,0,0,0,0,43,5,4,2,64,5,1,0,0,0,124
SL050,34033333018,23,2,2,0,24,1,0,0,1,0,23,0,1,0,43,0,0,0,1,0,46,2,3,0,67,1,0,0,2,0,121
SL050,34033333019,33,2,3,14,25,2,0,1,1,0,32,6,2,5,51,3,0,2,0,0,65,8,5,19,76,5,0,3,1,0,182
SL050,34033333020,123,13,26,7,84,1,8,7,4,1,108,24,22,2,195,3,2,7,4,0,231,37,48,9,279,4,10,14,8,1,641
SL050,34033333021,51,4,5,2,52,1,0,1,0,0,47,3,7,2,74,3,0,1,0,0,98,7,12,4,126,4,0,2,0,0,253
SL050,34033333022,7,0,0,1,2,0,0,0,0,0,11,0,0,2,2,0,0,0,0,0,18,0,0,3,4,0,0,0,0,0,25
SL050,34033333023,28,4,0,5,21,0,0,1,0,0,14,2,1,0,37,1,0,1,0,0,42,6,1,5,58,1,0,2,0,0,115
SL050,34033333024,3389,681,736,658,5100,113,112,227,110,56,3630,883,485,295,7048,116,52,268,135,44,7019,1564,1221,953,12148,229,164,495,245,100,24138
SL050,34033333025,61,14,18,5,59,3,2,7,2,2,68,13,14,2,95,7,0,8,2,3,129,27,32,7,154,10,2,15,4,5,385
SL050,34033333026,131,6,40,1,66,5,1,7,1,0,137,11,29,0,141,4,0,8,0,0,268,17,69,1,207,9,1,15,1,0,588
SL050,34033333027,1,1,0,0,1,0,0,0,0,0,2,2,1,0,11,0,0,0,1,0,3,3,1,0,12,0,0,0,1,0,20
SL050,34033333028,11,0,4,0,4,0,0,0,1,0,15,3,2,0,3,0,0,1,0,0,26,3,6,0,7,0,0,1,1,0,44
SL050,34033333029,0,0,0,0,2,0,0,0,0,0,2,0,0,0,3,0,0,0,0,0,2,0,0,0,5,0,0,0,0,0,7
SL050,34033333030,4,0,0,1,7,0,0,0,0,0,3,0,0,0,8,1,0,0,0,0,7,0,0,1,15,1,0,0,0,0,24
SL050,34033333031,304,25,84,26,238,7,33,9,0,1,318,28,68,16,410,6,7,14,1,1,622,53,152,42,648,13,40,23,1,2,1596
SL050,34033333032,89,8,8,6,85,1,3,4,0,0,106,15,5,3,144,2,0,4,3,0,195,23,13,9,229,3,3,8,3,0,486
SL050,34033333033,146,9,18,7,96,3,3,5,1,0,122,9,7,8,170,0,1,4,0,0,268,18,25,15,266,3,4,9,1,0,609
SL050,34033333034,70,8,8,7,78,1,0,2,0,0,65,14,3,2,140,4,0,2,1,0,135,22,11,9,218,5,0,4,1,0,405
SL050,34033333035,132,26,27,10,135,7,0,4,0,0,127,23,25,5,208,10,1,7,2,0,259,49,52,15,343,17,1,11,2,0,749
SL050,34033333036,170,32,21,11,398,10,5,7,1,5,179,38,14,16,513,6,3,13,5,1,349,70,35,27,911,16,8,20,6,6,1448
SL050,34033333037,412,23,65,13,207,2,17,16,0,0,435,31,69,10,381,5,5,15,0,1,847,54,134,23,588,7,22,31,0,1,1707
SL050,34033333038,33,4,2,1,25,0,0,0,1,1,39,5,0,0,31,2,0,2,2,0,72,9,2,1,56,2,0,2,3,1,148
SL050,34033333039,19,3,0,0,10,0,1,0,1,0,12,3,2,0,14,0,0,1,2,0,31,6,2,0,24,0,1,1,3,0,68
SL050,34033333040,30,8,14,2,61,1,0,2,0,0,40,13,11,2,107,1,0,1,1,0,70,21,25,4,168,2,0,3,1,0,294
SL050,34033333041,44,2,11,6,89,2,3,5,0,0,43,7,7,2,149,7,1,8,1,0,87,9,18,8,238,9,4,13,1,0,387
SL050,34033333042,42,13,5,2,66,4,1,4,1,1,45,13,6,6,98,5,0,3,0,1,87,26,11,8,164,9,1,7,1,2,316
SL050,34033333043,14,3,1,0,19,0,1,0,0,1,11,0,0,0,21,3,0,0,0,2,25,3,1,0,40,3,1,0,0,3,76
SL050,34033333044,2207,466,637,846,5497,152,117,175,102,24,2715,689,533,391,8435,141,51,305,93,22,4922,1155,1170,1237,13932,293,168,480,195,46,23598
SL050,34033333045,114,15,11,1,72,4,0,2,0,2,113,17,1,3,114,5,0,2,0,1,227,32,12,4,186,9,0,4,0,3,477
SL050,34033333046,3,0,0,0,5,0,0,0,0,0,2,0,0,0,5,0,0,0,0,0,5,0,0,0,10,0,0,0,0,0,15
SL050,34033333047,8,0,1,0,23,0,0,0,0,0,9,1,2,1,35,0,0,0,0,0,17,1,3,1,58,0,0,0,0,0,80
SL050,34033333048,0,1,0,0,2,0,0,0,0,0,0,1,0,0,1,0,0,0,0,0,0,2,0,0,3,0,0,0,0,0,5
SL050,34033333049,82,12,4,3,61,6,0,2,0,1,78,9,7,3,121,3,1,4,0,1,160,21,11,6,182,9,1,6,0,2,398
SL050,34033333050,5,1,0,0,3,0,0,0,0,0,1,1,0,0,6,0,0,0,0,0,6,2,0,0,9,0,0,0,0,0,17
SL050,34033333051,73,3,68,4,63,3,2,3,0,0,68,6,47,1,103,1,1,3,2,0,141,9,115,5,166,4,3,6,2,0,451
SL050,34033333052,3,1,0,0,4,1,0,0,0,0,5,0,0,0,3,0,0,0,0,0,8,1,0,0,7,1,0,0,0,0,17
SL050,34033333053,8,0,1,0,9,2,0,0,0,0,8,0,0,0,7,1,0,0,0,0,16,0,1,0,16,3,0,0,0,0,36
SL050,34033333054,13,1,0,1,17,2,0,0,0,0,14,2,0,0,22,2,0,0,0,0,27,3,0,1,39,4,0,0,0,0,74
SL050,34033333055,19,4,2,1,19,3,0,0,1,0,18,7,3,0,30,0,0,0,0,0,37,11,5,1,49,3,0,0,1,0,107
SL050,34033333056,50,10,7,2,105,3,0,7,2,1,71,16,1,1,224,1,0,4,1,5,121,26,8,3,329,4,0,11,3,6,511
SL050,34033333057,48,0,3,2,15,0,0,0,0,0,57,1,0,1,13,0,0,0,0,0,105,1,3,3,28,0,0,0,0,0,140
SL050,34033333058,13,0,4,0,4,0,0,0,0,0,19,0,1,0,26,1,0,0,0,0,32,0,5,0,30,1,0,0,0,0,68
SL050,34033333059,39,4,3,4,32,3,2,0,0,0,47,7,3,1,62,1,0,1,0,0,86,11,6,5,94,4,2,1,0,0,209
SL050,34033333060,111,19,67,14,80,1,2,4,0,0,122,22,50,7,143,1,2,9,0,0,233,41,117,21,223,2,4,13,0,0,654
SL050,34033333061,2,0,0,0,0,0,0,0,0,0,1,0,0,0,3,0,0,0,0,0,3,0,0,0,3,0,0,0,0,0,6
SL050,34033333062,5,4,0,0,3,0,0,0,0,0,1,1,0,0,4,0,0,1,0,0,6,5,0,0,7,0,0,1,0,0,19
SL050,34033333063,2,0,0,1,1,0,0,0,0,0,5,1,0,0,2,0,0,0,0,0,7,1,0,1,3,0,0,0,0,0,12
SL050,34033333064,6,1,0,0,2,0,0,0,0,0,9,2,0,0,3,0,0,0,0,0,15,3,0,0,5,0,0,0,0,0,23
SL050,34033333065,2,1,1,0,5,2,0,0,0,0,5,5,0,0,12,1,0,0,0,0,7,6,1,0,17,3,0,0,0,0,34
SL050,34033333066,413,71,73,66,630,24,23,80,22,7,420,84,63,32,967,26,4,68,24,5,833,155,136,98,1597,50,27,148,46,12,3102
SL050,34033333067,7,2,2,0,1,0,0,0,1,0,4,1,1,0,16,2,0,0,0,0,11,3,3,0,17,2,0,0,1,0,37
SL050,34033333068,16,0,0,1,3,1,0,0,0,0,9,0,0,1,9,0,0,0,0,0,25,0,0,2,12,1,0,0,0,0,40
SL050,34033333069,26,5,4,3,21,0,0,3,0,1,19,1,4,1,50,3,0,3,0,0,45,6,8,4,71,3,0,6,0,1,144
SL050,34033333070,9,4,3,2,26,1,0,0,2,2,14,3,0,2,56,0,0,2,0,0,23,7,3,4,82,1,0,2,2,2,126
SL050,34033333071,4,2,0,0,2,0,0,0,1,0,3,1,0,0,10,0,0,0,0,0,7,3,0,0,12,0,0,0,1,0,23
SL050,34033333072,21,3,0,1,7,0,0,0,1,0,29,3,0,1,10,0,0,0,2,0,50,6,0,2,17,0,0,0,3,0,78
SL050,34033333073,74,9,50,3,43,1,0,1,0,0,77,17,36,2,98,1,0,3,1,0,151,26,86,5,141,2,0,4,1,0,416
SL050,34033333074,25,5,9,0,42,0,0,2,0,0,14,4,6,0,91,2,0,2,0,1,39,9,15,0,133,2,0,4,0,1,203
SL050,34033333075,2,0,0,0,3,0,0,0,0,0,3,0,0,0,0,0,0,0,0,0,5,0,0,0,3,0,0,0,0,0,8
SL050,34033333076,152,26,15,14,222,11,1,3,4,1,156,50,11,10,370,8,2,6,6,3,308,76,26,24,592,19,3,9,10,4,1071
SL050,34033333077,2,0,0,1,4,0,0,0,0,0,2,0,0,0,8,0,0,0,0,0,4,0,0,1,12,0,0,0,0,0,17
SL050,34033333078,0,0,0,0,1,0,0,0,0,0,0,0,0,0,1,0,0,0,0,0,0,0,0,0,2,0,0,0,0,0,2
SL050,34073434001,0,0,2,0,0,0,0,0,0,0,0,0,1,0,0,0,0,0,0,0,0,0,3,0,0,0,0,0,0,0,3
SL050,34073434003,1,0,0,0,2,0,0,0,0,0,1,0,0,0,3,0,0,0,0,0,2,0,0,0,5,0,0,0,0,0,7
SL050,34073434004,82,6,63,0,65,3,3,4,0,0,81,6,49,5,135,2,2,4,2,1,163,12,112,5,200,5,5,8,2,1,513
SL050,34073434005,1,0,25,0,3,0,0,0,0,0,1,0,10,0,5,0,0,1,0,0,2,0,35,0,8,0,0,1,0,0,46
SL050,34073434010,2,1,7,0,2,0,0,0,0,0,4,0,5,0,1,0,0,0,0,0,6,1,12,0,3,0,0,0,0,0,22
SL050,34073434011,0,0,0,0,1,0,0,0,0,0,1,0,0,0,3,0,0,1,0,0,1,0,0,0,4,0,0,1,0,0,6
SL050,34073434012,1,0,0,0,2,0,0,0,0,0,1,0,1,0,9,0,0,0,0,0,2,0,1,0,11,0,0,0,0,0,14
SL050,34073434017,10,0,2,0,2,0,0,0,0,0,10,0,0,1,5,0,0,0,0,0,20,0,2,1,7,0,0,0,0,0,30
SL050,34073434018,1,0,0,0,1,0,0,0,0,0,0,0,0,0,2,0,0,0,0,0,1,0,0,0,3,0,0,0,0,0,4
SL050,34073434019,4,0,2,0,0,0,0,0,0,0,4,0,1,0,1,0,0,0,0,0,8,0,3,0,1,0,0,0,0,0,12
SL050,34073434020,0,0,0,0,0,0,0,0,0,0,0,1,0,0,0,0,0,0,0,0,0,1,0,0,0,0,0,0,0,0,1
SL050,34073434022,8,0,10,0,3,0,0,0,0,0,5,0,8,0,8,0,0,0,0,0,13,0,18,0,11,0,0,0,0,0,42
SL050,34073434023,60,4,39,15,31,7,4,0,1,0,70,6,29,4,74,1,0,0,0,0,130,10,68,19,105,8,4,0,1,0,345
SL050,34073434024,0,0,1,0,0,0,0,0,0,0,0,0,1,0,0,0,0,0,0,0,0,0,2,0,0,0,0,0,0,0,2
SL050,34073434025,1,0,0,0,1,0,0,0,0,0,0,0,0,0,1,0,0,0,0,0,1,0,0,0,2,0,0,0,0,0,3
SL050,34073434027,10,0,2,0,2,1,0,0,0,0,11,0,2,0,8,0,0,0,0,0,21,0,4,0,10,1,0,0,0,0,36
SL050,34073434028,0,1,0,0,0,0,0,0,0,0,0,0,0,0,0,0,0,0,0,0,0,1,0,0,0,0,0,0,0,0,1
SL050,34073434029,5,0,3,0,1,0,1,0,0,0,1,0,1,0,4,0,0,0,0,0,6,0,4,0,5,0,1,0,0,0,16
SL050,34073434031,3,0,0,0,0,0,0,0,0,0,2,0,0,0,0,0,0,0,0,0,5,0,0,0,0,0,0,0,0,0,5
SL050,34073434032,0,0,0,0,0,0,0,0,0,0,1,0,0,0,1,0,0,0,0,0,1,0,0,0,1,0,0,0,0,0,2
SL050,34073434034,0,0,0,0,0,0,0,0,0,0,0,0,0,0,1,0,0,0,0,0,0,0,0,0,1,0,0,0,0,0,1
SL050,34073434035,1,0,0,0,0,0,0,0,0,0,1,0,0,0,0,0,0,0,0,0,2,0,0,0,0,0,0,0,0,0,2
SL050,34073434036,1,0,1,0,0,0,0,0,0,0,1,1,0,0,0,1,0,0,0,0,2,1,1,0,0,1,0,0,0,0,5
SL050,34073434037,0,0,3,0,1,0,0,0,0,0,0,0,1,0,1,0,0,0,0,0,0,0,4,0,2,0,0,0,0,0,6
SL050,34073434038,5,0,2,0,0,0,0,0,0,0,2,0,1,0,0,0,0,0,0,0,7,0,3,0,0,0,0,0,0,0,10
SL050,34073434042,2,0,4,0,0,0,0,0,0,0,1,0,1,0,3,0,0,0,0,0,3,0,5,0,3,0,0,0,0,0,11
SL050,34073434045,0,0,0,0,1,0,0,0,0,0,0,0,0,0,0,0,0,0,0,0,0,0,0,0,1,0,0,0,0,0,1
SL050,34073434046,0,0,1,0,0,0,0,0,0,0,0,0,0,0,0,0,0,0,0,0,0,0,1,0,0,0,0,0,0,0,1
SL050,34073434047,24,5,25,0,24,0,0,2,1,0,26,5,14,2,45,0,0,3,0,0,50,10,39,2,69,0,0,5,1,0,176
SL050,34073434048,0,0,0,0,0,0,0,0,0,0,0,0,0,0,0,1,0,0,0,0,0,0,0,0,0,1,0,0,0,0,1
SL050,34073434049,1,0,1,0,0,0,0,0,0,0,0,0,0,0,4,0,0,0,0,0,1,0,1,0,4,0,0,0,0,0,6
SL050,34073434050,3,0,1,0,0,0,0,0,0,0,0,0,1,1,0,0,0,0,0,0,3,0,2,1,0,0,0,0,0,0,6
SL050,34073434051,0,0,0,0,0,0,0,0,0,0,1,0,0,0,0,0,0,0,0,0,1,0,0,0,0,0,0,0,0,0,1
SL050,34073434052,0,0,0,0,2,0,0,0,0,0,0,0,0,0,2,0,0,0,0,0,0,0,0,0,4,0,0,0,0,0,4
SL050,34073434053,1,0,0,0,1,0,0,0,0,0,0,0,0,0,2,0,0,0,0,0,1,0,0,0,3,0,0,0,0,0,4
SL050,34073434055,1,0,0,0,1,0,0,0,0,0,0,0,0,0,0,0,0,0,0,0,1,0,0,0,1,0,0,0,0,0,2
SL050,34073434056,13,2,20,1,17,0,12,0,1,0,15,0,12,0,19,0,9,1,1,0,28,2,32,1,36,0,21,1,2,0,123
SL050,34073434057,0,0,1,0,1,0,0,0,0,0,1,0,0,0,0,0,0,0,0,0,1,0,1,0,1,0,0,0,0,0,3
SL050,34073434058,0,0,0,0,1,0,0,0,0,0,2,0,0,0,3,0,0,0,0,0,2,0,0,0,4,0,0,0,0,0,6
SL050,34073434059,0,0,1,0,2,0,0,0,0,0,1,0,0,0,6,0,0,0,0,0,1,0,1,0,8,0,0,0,0,0,10
SL050,34073434060,0,0,0,0,0,0,0,0,0,0,0,0,0,0,2,0,0,0,0,0,0,0,0,0,2,0,0,0,0,0,2
SL050,34073434061,0,0,0,0,3,0,0,0,0,0,0,0,0,0,0,0,0,0,0,0,0,0,0,0,3,0,0,0,0,0,3
SL050,34073434062,0,0,0,0,0,0,0,0,0,0,0,0,0,0,1,0,0,0,0,0,0,0,0,0,1,0,0,0,0,0,1
SL050,34073434063,1,0,6,0,1,0,0,0,0,0,0,0,5,0,1,0,0,0,0,0,1,0,11,0,2,0,0,0,0,0,14
SL050,34073434066,0,0,2,0,0,0,0,0,0,0,0,0,1,0,0,0,0,0,0,0,0,0,3,0,0,0,0,0,0,0,3
SL050,34073434068,6,0,0,0,0,0,0,0,0,0,4,0,0,0,1,0,0,0,0,0,10,0,0,0,1,0,0,0,0,0,11
SL050,34073434069,36,0,20,1,10,3,0,2,1,0,36,5,7,0,18,2,0,3,0,0,72,5,27,1,28,5,0,5,1,0,144
SL050,34073434070,2,0,0,0,1,0,0,0,0,0,1,1,0,0,4,0,0,0,0,0,3,1,0,0,5,0,0,0,0,0,9
SL050,34073434071,4,0,4,0,0,0,0,0,0,0,1,0,5,0,3,0,0,0,0,0,5,0,9,0,3,0,0,0,0,0,17
SL050,34073434072,2,0,1,0,0,0,0,0,0,0,2,0,0,0,1,0,0,0,0,0,4,0,1,0,1,0,0,0,0,0,6
SL050,34073434073,0,1,0,0,1,0,0,0,0,0,1,0,0,0,2,0,0,0,0,0,1,1,0,0,3,0,0,0,0,0,5
SL050,34073434074,4,2,5,0,5,0,0,0,0,0,4,3,1,0,11,0,0,0,0,0,8,5,6,0,16,0,0,0,0,0,35
SL050,34073434076,4,0,11,0,3,0,0,0,0,0,1,1,14,0,3,0,0,0,0,0,5,1,25,0,6,0,0,0,0,0,37
SL050,34073434077,10,2,1,0,0,0,0,0,0,0,4,1,1,0,2,0,0,0,0,0,14,3,2,0,2,0,0,0,0,0,21
SL050,34073434079,21,4,1,1,16,0,1,2,1,0,15,10,3,0,31,0,0,3,1,0,36,14,4,1,47,0,1,5,2,0,110
SL050,34073434080,26,2,6,4,15,0,4,2,0,0,24,5,5,0,42,0,0,5,1,0,50,7,11,4,57,0,4,7,1,0,141
SL050,34073434081,1,0,0,0,1,0,0,0,0,0,0,0,0,0,0,0,0,0,0,0,1,0,0,0,1,0,0,0,0,0,2
SL050,34073434083,8,0,12,0,14,1,0,1,0,0,13,0,13,1,21,0,0,1,0,0,21,0,25,1,35,1,0,2,0,0,85
SL050,34073434084,1,0,1,0,1,0,0,0,0,0,0,0,3,0,1,0,0,0,0,0,1,0,4,0,2,0,0,0,0,0,7
SL050,34073434086,1,0,0,0,0,0,0,0,0,0,0,0,0,0,1,0,0,0,0,0,1,0,0,0,1,0,0,0,0,0,2
SL050,34073434087,4,0,0,0,2,0,0,0,0,0,2,0,0,0,2,0,0,0,0,0,6,0,0,0,4,0,0,0,0,0,10
SL050,34073434088,5,0,2,2,1,0,0,0,0,0,4,1,2,0,4,0,0,0,0,0,9,1,4,2,5,0,0,0,0,0,21
SL050,34073434089,0,0,0,0,0,0,0,0,0,0,2,0,0,0,1,0,0,0,0,0,2,0,0,0,1,0,0,0,0,0,3
SL050,34073434091,0,0,0,0,1,0,0,0,0,0,0,0,0,0,1,0,0,0,0,0,0,0,0,0,2,0,0,0,0,0,2
SL050,34073434092,3,0,0,0,0,0,0,0,0,0,2,0,0,0,0,0,0,0,0,0,5,0,0,0,0,0,0,0,0,0,5
SL050,34073434093,0,0,3,0,0,0,0,0,0,0,0,0,3,0,0,0,0,0,0,0,0,0,6,0,0,0,0,0,0,0,6
SL050,34073434094,0,0,1,0,0,0,0,0,0,0,0,0,1,0,1,0,0,0,0,0,0,0,2,0,1,0,0,0,0,0,3
SL050,34073434098,20,0,11,0,6,0,0,0,0,0,13,1,7,0,10,0,0,0,0,0,33,1,18,0,16,0,0,0,0,0,68
SL050,34073434099,7,0,0,0,0,0,0,0,0,0,10,0,0,0,0,0,0,0,0,0,17,0,0,0,0,0,0,0,0,0,17
SL050,34073434100,0,0,0,1,0,0,0,0,0,0,1,0,0,0,0,0,0,0,0,0,1,0,0,1,0,0,0,0,0,0,2
SL050,34073434101,0,0,0,0,0,0,0,0,0,0,0,0,0,0,1,0,0,0,0,0,0,0,0,0,1,0,0,0,0,0,1
SL050,34073434102,1,0,0,0,0,0,0,0,0,0,0,0,0,0,1,0,0,0,0,0,1,0,0,0,1,0,0,0,0,0,2
SL050,34073434104,0,0,5,0,0,0,0,0,0,0,0,0,1,0,0,0,0,0,0,0,0,0,6,0,0,0,0,0,0,0,6
SL050,34073434106,0,0,9,0,0,0,0,0,0,0,0,1,3,0,0,0,0,0,0,0,0,1,12,0,0,0,0,0,0,0,13
SL050,34073434107,0,0,0,0,0,0,0,0,0,0,1,0,0,0,0,0,0,0,0,0,1,0,0,0,0,0,0,0,0,0,1
SL050,34073434108,6,1,3,0,2,0,0,0,0,0,8,0,3,0,6,0,0,0,0,0,14,1,6,0,8,0,0,0,0,0,29
SL050,34073434109,1,0,0,0,0,0,0,0,0,0,0,0,0,0,0,1,0,0,0,0,1,0,0,0,0,1,0,0,0,0,2
SL050,34073434110,2,0,0,0,0,0,0,0,0,0,0,0,0,0,1,0,0,0,0,0,2,0,0,0,1,0,0,0,0,0,3
SL050,34073434112,0,0,0,0,0,0,0,0,0,0,0,0,1,0,0,0,0,0,0,0,0,0,1,0,0,0,0,0,0,0,1
SL050,34073434113,0,0,0,0,0,0,0,0,0,0,0,0,0,0,1,0,0,0,0,0,0,0,0,0,1,0,0,0,0,0,1
SL050,34073434114,0,0,2,0,1,0,0,0,0,0,0,0,1,0,2,0,0,0,0,0,0,0,3,0,3,0,0,0,0,0,6
SL050,34073434116,0,0,0,0,0,0,0,0,0,0,0,1,0,0,0,0,0,0,0,0,0,1,0,0,0,0,0,0,0,0,1
SL050,34073434120,614,105,273,60,805,14,34,122,30,4,587,112,236,52,1428,24,10,137,34,3,1201,217,509,112,2233,38,44,259,64,7,4684
SL050,34073434121,1,0,6,1,0,0,0,0,0,0,2,0,4,0,0,0,0,0,0,0,3,0,10,1,0,0,0,0,0,0,14
SL050,34073434122,17,0,0,0,0,0,0,0,0,0,5,0,0,0,1,0,0,0,0,0,22,0,0,0,1,0,0,0,0,0,23
SL050,34073434123,18,0,2,0,16,0,0,0,1,0,18,0,2,6,19,1,0,0,1,0,36,0,4,6,35,1,0,0,2,0,84
SL050,34073434125,0,0,0,0,0,0,0,0,0,0,0,0,0,0,1,0,0,0,0,0,0,0,0,0,1,0,0,0,0,0,1
SL050,34073434126,1,0,17,0,1,0,0,0,0,0,0,0,10,0,2,0,0,0,0,0,1,0,27,0,3,0,0,0,0,0,31
SL050,34073434127,0,0,1,0,0,0,0,0,0,0,1,0,0,0,0,0,0,0,0,0,1,0,1,0,0,0,0,0,0,0,2
SL050,34073434129,1,1,0,0,0,0,0,0,0,0,0,0,0,0,0,0,0,0,0,0,1,1,0,0,0,0,0,0,0,0,2
SL050,34073434130,1,0,0,0,0,0,0,0,0,0,0,0,0,0,0,0,0,0,0,0,1,0,0,0,0,0,0,0,0,0,1
SL050,34073434131,0,0,0,0,0,0,0,0,0,0,0,0,0,0,1,0,0,0,0,0,0,0,0,0,1,0,0,0,0,0,1
SL050,34073434132,4,0,0,0,2,0,0,0,0,0,3,0,0,0,2,0,1,0,0,0,7,0,0,0,4,0,1,0,0,0,12
SL050,34073434133,0,0,0,0,0,0,0,0,0,0,0,1,0,0,0,0,0,0,0,0,0,1,0,0,0,0,0,0,0,0,1
SL050,34073434134,0,0,0,0,0,0,0,0,0,0,0,0,0,0,1,0,0,0,0,0,0,0,0,0,1,0,0,0,0,0,1
SL050,34073434135,6,0,1,0,2,0,0,0,0,0,8,0,1,0,3,0,0,0,0,0,14,0,2,0,5,0,0,0,0,0,21
SL050,34073434136,0,0,8,0,2,0,0,0,0,0,0,0,6,0,1,0,0,0,0,0,0,0,14,0,3,0,0,0,0,0,17
SL050,34073434139,0,0,4,0,2,0,0,0,0,0,3,0,3,0,3,0,0,0,0,0,3,0,7,0,5,0,0,0,0,0,15
SL050,34073434140,1,0,0,0,0,0,0,0,0,0,0,0,0,0,0,0,0,0,0,0,1,0,0,0,0,0,0,0,0,0,1
SL050,34073434141,8,0,19,0,0,0,0,0,0,0,6,1,12,0,0,0,0,0,0,0,14,1,31,0,0,0,0,0,0,0,46
SL050,34073434143,3,0,5,0,0,0,0,0,0,0,2,0,3,0,0,0,0,0,0,0,5,0,8,0,0,0,0,0,0,0,13
SL050,34073434147,2,0,3,0,0,0,0,0,0,0,1,0,1,0,0,0,0,0,0,0,3,0,4,0,0,0,0,0,0,0,7
SL050,34073434151,1,0,0,0,0,0,0,0,0,0,0,0,0,0,0,0,0,0,0,0,1,0,0,0,0,0,0,0,0,0,1
SL050,34073434152,5,2,1,0,5,0,0,0,0,0,7,2,0,0,5,0,0,0,0,0,12,4,1,0,10,0,0,0,0,0,27
SL050,34073434154,0,0,0,0,1,0,0,0,0,0,0,0,0,0,0,0,0,0,0,0,0,0,0,0,1,0,0,0,0,0,1
SL050,34073434155,4,0,1,1,3,0,0,0,0,0,2,1,1,0,5,0,0,0,0,0,6,1,2,1,8,0,0,0,0,0,18
SL050,34073434157,52,2,68,0,17,0,0,0,0,0,47,4,43,0,40,0,0,3,1,0,99,6,111,0,57,0,0,3,1,0,277
SL050,34073434158,10,0,0,0,2,1,0,0,0,0,3,0,0,0,3,0,0,0,0,0,13,0,0,0,5,1,0,0,0,0,19
SL050,34073434159,1,0,3,3,0,0,0,0,0,0,3,0,1,0,2,0,0,0,0,0,4,0,4,3,2,0,0,0,0,0,13
SL050,34073434160,0,0,0,0,3,0,0,0,0,0,0,3,0,0,3,0,0,0,0,0,0,3,0,0,6,0,0,0,0,0,9
SL050,34073434163,1,0,1,0,0,0,0,0,0,0,0,0,1,0,0,0,0,0,0,0,1,0,2,0,0,0,0,0,0,0,3
SL050,34073434165,0,0,0,0,2,0,0,0,0,0,0,0,0,0,3,0,0,0,0,0,0,0,0,0,5,0,0,0,0,0,5
SL050,34073434167,0,0,0,0,0,0,0,0,0,0,1,0,0,0,0,0,0,0,0,0,1,0,0,0,0,0,0,0,0,0,1
SL050,34073434168,1,0,0,0,0,0,0,0,0,0,0,0,0,0,0,0,0,0,0,0,1,0,0,0,0,0,0,0,0,0,1
SL050,34073434169,5,0,18,0,0,0,0,0,0,0,4,0,10,0,3,0,0,0,0,0,9,0,28,0,3,0,0,0,0,0,40
SL050,34073434170,0,0,0,0,0,0,0,0,0,0,0,0,0,0,1,0,0,0,0,0,0,0,0,0,1,0,0,0,0,0,1
SL050,34073434171,6,0,3,0,0,0,0,0,0,0,4,0,2,0,5,0,0,0,0,0,10,0,5,0,5,0,0,0,0,0,20
SL050,34073434174,0,0,1,0,0,0,0,0,0,0,0,0,0,0,1,0,0,0,0,0,0,0,1,0,1,0,0,0,0,0,2
SL050,34073434175,0,0,3,0,0,0,0,0,0,0,0,0,3,0,1,0,0,0,0,0,0,0,6,0,1,0,0,0,0,0,7
SL050,34073434176,0,0,0,0,1,0,0,0,0,1,0,0,0,0,2,0,0,0,0,0,0,0,0,0,3,0,0,0,0,1,4
SL050,34073434177,3,0,0,0,0,0,0,0,0,0,1,0,0,0,0,0,0,0,0,0,4,0,0,0,0,0,0,0,0,0,4
SL050,34073434178,3,0,0,0,5,0,0,0,0,0,2,0,0,0,7,0,0,0,0,0,5,0,0,0,12,0,0,0,0,0,17
SL050,34073434180,0,0,1,0,0,0,0,0,0,0,0,0,0,0,0,0,0,0,0,0,0,0,1,0,0,0,0,0,0,0,1
SL050,34073434181,2,1,3,0,4,0,0,0,0,0,4,0,3,0,2,0,0,1,0,0,6,1,6,0,6,0,0,1,0,0,20
SL050,34073434182,12,1,31,0,4,0,0,0,1,0,18,0,22,0,4,0,0,0,3,0,30,1,53,0,8,0,0,0,4,0,96
SL050,34073434184,0,0,1,0,0,0,0,0,0,0,0,0,0,0,0,0,0,0,0,0,0,0,1,0,0,0,0,0,0,0,1
SL050,34073434189,2,0,0,0,0,0,0,0,0,0,1,0,0,0,0,0,0,0,0,0,3,0,0,0,0,0,0,0,0,0,3
SL050,34073434192,3,0,0,0,0,0,0,1,0,0,2,0,0,0,0,0,0,0,0,0,5,0,0,0,0,0,0,1,0,0,6
SL050,34073434196,0,0,0,0,0,0,0,0,0,0,0,0,0,0,1,0,0,0,0,0,0,0,0,0,1,0,0,0,0,0,1
SL050,34073434199,1,0,0,0,3,0,0,0,0,0,0,3,1,0,5,1,0,0,1,0,1,3,1,0,8,1,0,0,1,0,15
SL050,34073434201,1,0,0,3,0,0,0,0,0,0,0,0,0,0,0,0,0,0,0,0,1,0,0,3,0,0,0,0,0,0,4
SL050,34073434202,0,0,0,2,2,0,0,0,0,0,0,0,0,0,0,0,0,0,0,0,0,0,0,2,2,0,0,0,0,0,4
SL050,34073434204,0,0,0,0,0,0,0,0,0,0,0,0,0,0,1,0,0,0,0,0,0,0,0,0,1,0,0,0,0,0,1
SL050,34073434205,0,0,0,0,0,0,0,0,0,0,0,0,0,0,2,0,0,0,0,0,0,0,0,0,2,0,0,0,0,0,2
SL050,34073434206,7,1,0,0,5,0,0,0,0,0,7,2,0,0,4,0,0,0,0,0,14,3,0,0,9,0,0,0,0,0,26
SL050,34073434208,0,0,0,0,0,0,0,0,0,0,0,0,0,0,1,0,0,0,0,0,0,0,0,0,1,0,0,0,0,0,1
SL050,34073434211,1,0,0,0,4,0,0,0,0,0,1,0,0,0,3,0,0,0,0,0,2,0,0,0,7,0,0,0,0,0,9
SL050,34073434213,0,1,0,0,0,0,0,0,0,0,0,1,0,0,0,0,0,0,0,0,0,2,0,0,0,0,0,0,0,0,2
SL050,34073434214,1,0,0,0,1,0,0,0,0,0,1,0,0,0,5,0,0,0,0,0,2,0,0,0,6,0,0,0,0,0,8
SL050,34073434215,1,0,0,0,0,0,0,0,0,0,0,0,0,0,0,0,0,0,0,0,1,0,0,0,0,0,0,0,0,0,1
SL050,34073434217,10,1,1,2,6,0,0,0,0,0,15,0,1,1,11,0,0,5,0,0,25,1,2,3,17,0,0,5,0,0,53
SL050,34073434218,8,3,48,0,1,0,0,0,0,0,9,1,19,0,3,2,0,0,0,0,17,4,67,0,4,2,0,0,0,0,94
SL050,34073434220,6,0,0,0,2,0,0,0,0,0,11,0,0,0,2,0,0,0,0,0,17,0,0,0,4,0,0,0,0,0,21
SL050,34073434222,0,0,0,0,1,0,0,0,0,0,0,0,0,0,2,0,0,0,0,0,0,0,0,0,3,0,0,0,0,0,3
SL050,34073434223,2,0,4,0,0,0,0,0,0,0,2,0,5,0,0,0,0,0,0,0,4,0,9,0,0,0,0,0,0,0,13
SL050,34073434224,1,0,0,0,0,0,0,0,0,0,1,0,0,0,0,0,0,0,0,0,2,0,0,0,0,0,0,0,0,0,2
SL050,34073434225,88,18,23,4,57,0,0,0,2,0,72,21,25,3,86,0,0,5,0,0,160,39,48,7,143,0,0,5,2,0,404
SL050,34073434227,0,0,1,0,0,0,0,0,0,0,0,0,0,0,0,0,0,0,0,0,0,0,1,0,0,0,0,0,0,0,1
SL050,34073434228,0,0,2,1,0,0,0,0,0,0,0,0,5,0,0,0,0,0,0,0,0,0,7,1,0,0,0,0,0,0,8
SL050,34073434229,1,0,0,0,1,0,0,0,0,0,1,0,0,0,0,0,0,0,0,0,2,0,0,0,1,0,0,0,0,0,3
SL050,34073434231,0,0,1,0,0,0,0,0,0,0,0,0,1,0,0,0,0,0,0,0,0,0,2,0,0,0,0,0,0,0,2
SL050,34073434232,4,1,5,1,2,0,0,0,0,0,4,0,6,0,8,0,0,0,0,0,8,1,11,1,10,0,0,0,0,0,31
SL050,34073434233,0,0,6,0,0,0,0,0,0,0,0,0,0,0,0,0,0,0,0,0,0,0,6,0,0,0,0,0,0,0,6
SL050,34073434236,0,0,3,0,0,0,0,0,0,0,0,0,1,0,0,0,0,0,0,0,0,0,4,0,0,0,0,0,0,0,4
SL050,34073434237,5,0,4,0,1,0,0,0,0,0,2,0,1,0,3,0,0,0,0,0,7,0,5,0,4,0,0,0,0,0,16
SL050,34073434238,4,1,5,0,3,0,0,0,0,0,3,0,7,1,6,0,0,1,0,0,7,1,12,1,9,0,0,1,0,0,31
SL050,34073434240,0,0,0,0,0,0,0,0,0,0,1,0,0,0,0,0,0,0,0,0,1,0,0,0,0,0,0,0,0,0,1
SL050,34073434242,5,0,1,0,2,0,0,0,0,0,3,0,1,0,1,0,0,0,0,0,8,0,2,0,3,0,0,0,0,0,13
SL050,34073434243,1,0,7,0,3,0,0,0,0,0,0,0,6,0,7,0,0,0,0,0,1,0,13,0,10,0,0,0,0,0,24
SL050,34073434245,0,0,0,0,1,0,0,0,0,0,0,0,0,0,5,0,0,0,0,0,0,0,0,0,6,0,0,0,0,0,6
SL050,34073434246,0,2,0,0,0,0,0,0,0,0,0,1,0,0,0,0,0,0,0,0,0,3,0,0,0,0,0,0,0,0,3
SL050,34073434901,5,0,6,0,4,0,0,0,0,0,6,1,4,0,10,0,0,0,0,0,11,1,10,0,14,0,0,0,0,0,36
SL050,34073434902,11,0,8,0,0,0,0,0,0,0,5,0,2,0,0,0,0,0,0,0,16,0,10,0,0,0,0,0,0,0,26
SL050,34073434903,0,0,0,0,0,0,0,0,0,0,0,0,0,0,3,0,0,0,0,0,0,0,0,0,3,0,0,0,0,0,3
SL050,34073434904,0,0,1,0,1,0,0,0,0,0,0,0,0,0,1,0,0,0,0,0,0,0,1,0,2,0,0,0,0,0,3
SL050,34053535001,114,4,9,3,39,2,1,3,0,0,106,6,3,1,57,0,0,6,0,0,220,10,12,4,96,2,1,9,0,0,354
SL050,34053535002,516,49,158,47,713,6,1,22,10,0,432,68,91,41,877,5,2,35,8,1,948,117,249,88,1590,11,3,57,18,1,3082
SL050,34053535003,1942,33,338,106,279,11,121,52,6,1,1925,58,137,69,314,7,56,52,13,2,3867,91,475,175,593,18,177,104,19,3,5522
SL050,34053535004,1065,64,1344,840,4816,23,88,281,75,4,1029,65,810,434,5982,20,57,243,124,2,2094,129,2154,1274,10798,43,145,524,199,6,17366
SL050,34053535005,3,0,1,0,7,0,1,0,0,0,2,0,1,0,12,0,0,0,0,0,5,0,2,0,19,0,1,0,0,0,27
SL050,34053535006,163,22,47,49,391,4,3,29,5,0,151,25,27,30,542,5,0,46,9,1,314,47,74,79,933,9,3,75,14,1,1549
SL050,34053535007,56,0,9,1,8,1,0,0,0,1,48,1,6,0,7,0,0,0,0,0,104,1,15,1,15,1,0,0,0,1,138
SL050,34053535008,40,7,12,5,52,1,0,3,0,0,46,9,10,2,69,0,0,10,0,0,86,16,22,7,121,1,0,13,0,0,266
SL050,34053535009,76,4,56,19,174,5,4,23,0,0,74,7,38,4,206,7,1,30,1,0,150,11,94,23,380,12,5,53,1,0,729
SL050,34053535010,249,15,14,8,89,2,0,0,1,0,282,22,8,8,100,4,0,1,0,1,531,37,22,16,189,6,0,1,1,1,804
SL050,34053535011,282,16,137,62,537,3,0,27,6,1,285,12,94,31,669,4,0,29,4,1,567,28,231,93,1206,7,0,56,10,2,2200
SL050,34053535012,1429,630,530,57,635,10,283,150,40,0,1597,689,287,30,715,8,168,154,30,1,3026,1319,817,87,1350,18,451,304,70,1,7443
SL050,34053535013,17,3,4,3,60,3,0,2,3,0,28,4,4,3,102,3,0,6,1,0,45,7,8,6,162,6,0,8,4,0,246
SL050,34053535014,4149,101,565,144,1115,16,118,97,18,7,3919,126,288,96,1252,19,80,95,30,5,8068,227,853,240,2367,35,198,192,48,12,12240
SL050,34053535015,1743,63,882,395,913,7,178,54,17,1,2066,88,509,261,1104,7,122,44,15,2,3809,151,1391,656,2017,14,300,98,32,3,8471
SL050,34053535016,4107,422,1988,2016,10164,192,432,1279,635,41,4379,586,1721,1477,13783,204,376,1410,879,29,8486,1008,3709,3493,23947,396,808,2689,1514,70,46120
SL050,34053535017,998,54,473,331,2429,6,15,59,17,5,946,90,316,238,2905,11,7,65,8,3,1944,144,789,569,5334,17,22,124,25,8,8976
SL050,34053535018,709,30,83,48,688,6,4,31,17,2,767,32,63,34,848,8,7,29,24,1,1476,62,146,82,1536,14,11,60,41,3,3431
SL050,34053535019,5017,425,985,101,1566,29,536,354,72,4,4620,504,610,65,1787,25,407,357,93,3,9637,929,1595,166,3353,54,943,711,165,7,17560
SL050,34053535020,273,3,52,3,36,1,0,6,0,0,251,6,25,2,58,1,0,4,0,0,524,9,77,5,94,2,0,10,0,0,721
SL050,34053535021,206,25,30,19,212,27,0,20,22,6,269,26,13,20,263,22,2,34,35,5,475,51,43,39,475,49,2,54,57,11,1256
SL050,34053535022,1263,85,1190,569,4582,16,37,95,54,2,1277,139,912,333,5332,12,13,122,45,2,2540,224,2102,902,9914,28,50,217,99,4,16080
SL050,34053535023,51,3,47,9,99,0,1,8,5,1,30,4,10,0,161,1,0,7,1,0,81,7,57,9,260,1,1,15,6,1,438
SL050,34053535024,1605,49,132,28,508,14,69,65,16,6,1778,63,60,23,598,19,40,85,10,4,3383,112,192,51,1106,33,109,150,26,10,5172
SL050,34053535025,5,1,0,5,21,0,0,0,1,0,2,0,1,3,23,0,0,0,1,0,7,1,1,8,44,0,0,0,2,0,63
SL050,34053535026,720,58,147,158,1558,22,14,100,30,4,689,80,103,102,2002,32,4,129,33,2,1409,138,250,260,3560,54,18,229,63,6,5987
SL050,34053535027,58,5,11,15,111,1,5,10,1,0,55,1,10,5,141,3,2,18,1,0,113,6,21,20,252,4,7,28,2,0,453
SL050,34053535028,2117,78,773,99,617,16,310,200,97,3,2433,154,357,57,718,16,175,195,99,2,4550,232,1130,156,1335,32,485,395,196,5,8516
SL050,34053535029,290,9,44,6,114,7,0,1,2,1,264,9,19,1,136,1,2,2,3,1,554,18,63,7,250,8,2,3,5,2,912
SL050,34053535030,561,23,197,57,773,2,4,16,2,0,577,22,124,49,849,1,2,15,2,0,1138,45,321,106,1622,3,6,31,4,0,3276
SL050,34053535031,77,2,26,11,170,1,0,6,3,0,91,5,20,4,206,1,0,16,1,0,168,7,46,15,376,2,0,22,4,0,640
SL050,34053535032,13,0,12,3,33,1,0,0,0,0,14,1,5,1,34,1,0,1,1,0,27,1,17,4,67,2,0,1,1,0,120
SL050,34053535033,42,2,4,5,72,3,0,7,0,2,36,4,3,2,94,3,0,10,4,0,78,6,7,7,166,6,0,17,4,2,293
SL050,34053535034,1491,91,601,104,1126,11,135,125,9,0,1713,122,243,44,1268,9,78,132,8,1,3204,213,844,148,2394,20,213,257,17,1,7311
SL050,34123636001,28,6,1,1,12,0,0,0,0,0,21,0,0,0,18,0,0,0,0,0,49,6,1,1,30,0,0,0,0,0,87
SL050,34123636002,23,4,4,2,30,2,0,1,0,0,11,3,2,0,36,0,0,2,0,1,34,7,6,2,66,2,0,3,0,1,121
SL050,34123636003,135,20,4,16,196,9,0,3,2,1,132,28,6,21,229,11,1,8,4,1,267,48,10,37,425,20,1,11,6,2,827
SL050,34123636004,57,3,4,9,78,3,0,7,1,0,56,11,2,11,118,0,0,5,1,1,113,14,6,20,196,3,0,12,2,1,367
SL050,34123636005,60,25,21,8,132,3,0,3,1,0,70,33,20,5,203,5,0,6,2,1,130,58,41,13,335,8,0,9,3,1,598
SL050,34123636006,124,21,31,14,182,12,1,6,2,1,134,14,14,9,213,3,0,5,2,0,258,35,45,23,395,15,1,11,4,1,788
SL050,34123636007,11,10,0,0,8,0,0,0,0,0,15,20,0,0,11,0,0,0,0,0,26,30,0,0,19,0,0,0,0,0,75
SL050,34123636008,183,22,78,17,234,10,6,11,5,4,153,24,57,17,312,8,1,15,2,4,336,46,135,34,546,18,7,26,7,8,1163
SL050,34123636009,99,16,2,1,52,0,1,4,0,0,106,13,0,3,80,4,0,3,0,0,205,29,2,4,132,4,1,7,0,0,384
SL050,34123636010,16,7,3,1,25,1,0,0,0,0,24,3,2,2,25,0,0,0,0,0,40,10,5,3,50,1,0,0,0,0,109
SL050,34123636013,66,8,0,0,33,0,0,0,2,0,46,7,1,1,41,0,0,1,0,0,112,15,1,1,74,0,0,1,2,0,206
SL050,34123636014,53,5,0,2,18,0,0,0,0,0,45,9,1,2,16,0,0,0,0,2,98,14,1,4,34,0,0,0,0,2,153
SL050,34123636015,38,27,15,0,20,0,0,1,0,0,31,21,6,0,36,0,2,1,0,0,69,48,21,0,56,0,2,2,0,0,198
SL050,34123636016,12,4,0,0,5,0,0,0,0,0,3,0,0,1,5,0,0,0,0,0,15,4,0,1,10,0,0,0,0,0,30
SL050,34123636017,229,85,50,10,288,6,8,2,1,1,199,101,45,3,346,14,0,4,1,1,428,186,95,13,634,20,8,6,2,2,1394
SL050,34123636018,16,28,0,0,49,6,0,2,0,0,16,23,0,1,62,0,0,1,0,0,32,51,0,1,111,6,0,3,0,0,204
SL050,34123636019,27,1,0,0,29,0,0,0,0,0,30,3,0,0,37,0,0,0,0,0,57,4,0,0,66,0,0,0,0,0,127
SL050,34123636020,15,1,1,0,11,0,0,0,0,0,5,1,1,1,28,0,0,0,0,1,20,2,2,1,39,0,0,0,0,1,65
SL050,34123636021,94,35,3,11,192,3,1,6,0,2,108,33,3,7,234,6,1,7,0,1,202,68,6,18,426,9,2,13,0,3,747
SL050,34123636022,67,20,16,12,112,0,0,9,0,0,89,18,11,4,185,2,0,7,1,1,156,38,27,16,297,2,0,16,1,1,554
SL050,34123636023,176,30,8,7,92,6,0,5,5,1,149,32,1,5,107,9,0,8,6,0,325,62,9,12,199,15,0,13,11,1,647
SL050,34123636024,374,62,128,22,485,13,7,9,3,0,316,78,73,11,675,5,0,8,4,2,690,140,201,33,1160,18,7,17,7,2,2275
SL050,34123636025,42,8,7,1,150,1,0,0,1,0,44,6,1,1,185,1,0,1,0,0,86,14,8,2,335,2,0,1,1,0,449
SL050,34123636026,110,28,158,261,228,13,4,10,4,0,108,27,95,39,264,13,3,14,6,0,218,55,253,300,492,26,7,24,10,0,1385
SL050,34123636027,52,7,10,1,23,0,0,2,0,0,60,10,12,1,42,1,0,4,0,0,112,17,22,2,65,1,0,6,0,0,225
SL050,34123636028,43,8,6,0,34,1,0,0,0,0,53,15,5,1,35,1,0,1,0,0,96,23,11,1,69,2,0,1,0,0,203
SL050,34123636029,101,15,8,5,214,3,0,4,1,0,77,19,3,10,261,7,1,8,3,0,178,34,11,15,475,10,1,12,4,0,740
SL050,34123636030,36,9,1,0,27,1,0,1,1,0,41,13,0,1,41,5,0,0,1,0,77,22,1,1,68,6,0,1,2,0,178
SL050,34123636031,5,1,0,1,8,0,0,0,0,0,5,3,0,0,8,1,0,0,0,0,10,4,0,1,16,1,0,0,0,0,32
SL050,34123636032,23,19,5,6,25,2,0,0,0,1,18,30,0,1,41,1,0,1,0,1,41,49,5,7,66,3,0,1,0,2,174
SL050,34123636033,191,23,23,24,147,2,1,44,0,2,120,24,10,16,188,4,0,32,0,1,311,47,33,40,335,6,1,76,0,3,852
SL050,34123636034,84,5,1,2,21,0,0,1,0,0,78,6,1,1,35,1,0,2,0,0,162,11,2,3,56,1,0,3,0,0,238
SL050,34123636035,216,24,8,13,315,7,2,9,5,2,186,33,8,12,369,11,0,8,10,1,402,57,16,25,684,18,2,17,15,3,1239
SL050,34123636036,38,15,0,2,36,2,0,0,1,0,34,10,0,1,31,2,0,0,1,0,72,25,0,3,67,4,0,0,2,0,173
SL050,34123636037,20,1,1,0,36,1,0,0,0,0,18,1,0,1,43,0,0,2,0,0,38,2,1,1,79,1,0,2,0,0,124
SL050,34123636038,570,152,278,263,1754,29,47,78,15,3,624,176,219,77,2579,48,18,82,24,4,1194,328,497,340,4333,77,65,160,39,7,7040
SL050,34123636039,370,52,70,30,386,4,2,15,3,1,303,55,64,27,533,4,0,14,4,1,673,107,134,57,919,8,2,29,7,2,1938
SL050,34123636040,19,3,1,1,19,0,0,0,0,0,17,6,1,2,27,0,0,0,0,0,36,9,2,3,46,0,0,0,0,0,96
SL050,34123636041,157,41,41,34,286,17,1,9,2,1,157,33,47,11,378,19,0,10,3,0,314,74,88,45,664,36,1,19,5,1,1247
SL050,34123636042,421,64,52,22,368,5,1,9,2,6,416,60,25,18,559,10,0,15,2,1,837,124,77,40,927,15,1,24,4,7,2056
SL050,34123636043,64,16,2,4,111,0,0,2,0,3,72,12,0,1,135,0,0,2,0,1,136,28,2,5,246,0,0,4,0,4,425
SL050,34123636044,18,3,11,2,14,1,1,1,0,0,15,7,2,1,31,1,0,2,1,0,33,10,13,3,45,2,1,3,1,0,111
SL050,34123636045,197,43,48,15,277,8,1,7,5,1,217,44,42,13,381,8,1,12,9,3,414,87,90,28,658,16,2,19,14,4,1332
SL050,34123636046,84,8,6,1,39,1,0,1,0,1,59,5,10,1,71,2,0,2,0,1,143,13,16,2,110,3,0,3,0,2,292
SL050,34123636047,18,9,6,4,13,0,0,0,0,0,15,4,2,0,24,0,0,0,0,0,33,13,8,4,37,0,0,0,0,0,95
SL050,34123636048,78,46,2,5,33,1,0,2,0,0,77,34,1,6,42,4,0,1,0,0,155,80,3,11,75,5,0,3,0,0,332
SL050,34123636049,159,26,32,10,164,0,3,4,0,0,123,8,12,6,218,2,0,9,0,0,282,34,44,16,382,2,3,13,0,0,776
SL050,34123636050,344,23,62,11,146,1,0,2,2,0,261,17,37,6,193,0,0,5,1,1,605,40,99,17,339,1,0,7,3,1,1112
SL050,34123636051,182,46,22,16,243,10,1,13,1,1,186,43,21,11,306,6,1,10,5,1,368,89,43,27,549,16,2,23,6,2,1125
SL050,34123636052,172,30,20,8,138,3,3,4,3,1,142,34,24,6,202,0,0,3,1,2,314,64,44,14,340,3,3,7,4,3,796
SL050,34123636053,51,14,63,5,66,5,0,5,1,1,56,12,44,2,140,3,0,2,0,0,107,26,107,7,206,8,0,7,1,1,470
SL050,34123636054,305,44,12,12,124,7,0,4,2,4,289,51,2,7,192,8,0,6,3,2,594,95,14,19,316,15,0,10,5,6,1074
SL050,34123636055,473,27,140,7,193,5,0,9,1,2,418,34,78,16,265,6,0,10,3,3,891,61,218,23,458,11,0,19,4,5,1690
SL050,34123636056,41,17,5,0,25,1,0,0,0,0,38,14,1,0,33,0,0,2,0,0,79,31,6,0,58,1,0,2,0,0,177
SL050,34123636057,3459,656,307,1044,8275,149,79,215,92,26,3513,762,274,471,10933,167,36,321,108,21,6972,1418,581,1515,19208,316,115,536,200,47,30908
SL050,34123636058,29,8,63,3,31,0,0,1,0,2,27,10,44,1,48,3,0,5,0,0,56,18,107,4,79,3,0,6,0,2,275
SL050,34123636059,64,4,5,0,38,1,0,0,0,0,56,9,4,1,70,1,0,1,0,0,120,13,9,1,108,2,0,1,0,0,254
SL050,34123636060,398,84,33,28,789,15,12,30,13,1,445,120,33,18,1123,16,5,28,7,2,843,204,66,46,1912,31,17,58,20,3,3200
SL050,34123636061,87,13,2,18,89,5,0,1,1,0,91,21,4,2,154,2,0,3,3,0,178,34,6,20,243,7,0,4,4,0,496
SL050,34123636901,54,9,2,2,35,4,0,0,0,0,59,2,0,0,49,2,0,0,0,0,113,11,2,2,84,6,0,0,0,0,218
SL050,34123636902,43,18,5,2,70,3,0,0,0,0,54,21,0,4,94,4,0,2,1,0,97,39,5,6,164,7,0,2,1,0,321
SL050,34073737001,2,0,0,0,0,0,0,0,0,0,2,0,0,0,1,0,0,0,0,0,4,0,0,0,1,0,0,0,0,0,5
SL050,34073737002,3,0,0,0,0,0,0,0,0,0,0,0,0,0,0,0,0,0,0,0,3,0,0,0,0,0,0,0,0,0,3
SL050,34073737003,0,0,0,0,0,0,0,0,0,0,0,1,0,0,0,0,0,0,0,0,0,1,0,0,0,0,0,0,0,0,1
SL050,34073737004,1,1,0,0,0,0,0,0,0,0,0,2,0,0,0,0,0,0,0,0,1,3,0,0,0,0,0,0,0,0,4
SL050,34073737005,1,0,0,0,2,0,0,0,0,0,2,0,0,0,0,0,0,0,0,0,3,0,0,0,2,0,0,0,0,0,5
SL050,34073737006,5,0,0,0,0,0,0,0,0,0,8,0,0,0,8,0,0,0,0,0,13,0,0,0,8,0,0,0,0,0,21
SL050,34073737007,1,1,0,1,1,0,0,0,0,1,2,0,0,0,1,0,0,2,0,1,3,1,0,1,2,0,0,2,0,2,11
SL050,34073737008,60,3,13,10,10,0,0,2,0,0,46,2,9,2,22,1,0,5,1,0,106,5,22,12,32,1,0,7,1,0,186
SL050,34073737009,6,0,0,0,1,0,0,0,0,0,4,0,0,1,2,0,0,0,0,0,10,0,0,1,3,0,0,0,0,0,14
SL050,34073737010,14,1,4,0,10,0,0,0,0,0,10,4,3,0,4,0,0,2,0,0,24,5,7,0,14,0,0,2,0,0,52
SL050,34073737011,3,0,1,0,0,0,0,0,0,0,5,0,0,0,0,0,0,0,0,0,8,0,1,0,0,0,0,0,0,0,9
SL050,34073737013,0,0,0,0,1,0,0,0,0,0,1,1,0,0,1,0,0,0,0,0,1,1,0,0,2,0,0,0,0,0,4
SL050,34073737014,5,1,1,0,6,0,0,0,0,0,6,1,0,0,13,1,0,0,0,0,11,2,1,0,19,1,0,0,0,0,34
SL050,34073737015,16,0,16,0,0,0,0,0,0,0,17,0,6,0,2,0,0,0,0,0,33,0,22,0,2,0,0,0,0,0,57
SL050,34073737016,6,3,2,0,3,0,0,0,0,0,3,2,3,1,5,2,1,1,0,0,9,5,5,1,8,2,1,1,0,0,32
SL050,34073737017,10,0,0,0,2,0,0,0,0,0,12,0,1,0,1,0,0,0,0,0,22,0,1,0,3,0,0,0,0,0,26
SL050,34073737018,1,0,0,0,0,0,0,0,0,0,0,0,0,0,0,0,0,0,0,0,1,0,0,0,0,0,0,0,0,0,1
SL050,34073737020,3,0,1,1,2,0,0,0,1,0,0,0,0,2,7,0,0,0,0,0,3,0,1,3,9,0,0,0,1,0,17
SL050,34073737022,1,0,0,0,1,0,0,0,0,0,1,0,1,0,2,0,0,0,0,0,2,0,1,0,3,0,0,0,0,0,6
SL050,34073737023,17,1,0,1,8,0,0,3,0,0,18,1,0,0,24,0,0,5,1,0,35,2,0,1,32,0,0,8,1,0,79
SL050,34073737024,1,0,0,0,0,0,0,0,0,0,1,0,0,0,0,0,0,0,0,0,2,0,0,0,0,0,0,0,0,0,2
SL050,34073737025,3,0,0,0,0,0,0,0,0,0,1,0,0,0,0,0,0,3,0,0,4,0,0,0,0,0,0,3,0,0,7
SL050,34073737026,5,0,0,0,0,0,0,0,0,0,6,0,0,0,0,0,0,0,0,0,11,0,0,0,0,0,0,0,0,0,11
SL050,34073737027,7,2,0,0,1,0,0,0,0,0,3,2,2,0,1,0,0,0,0,0,10,4,2,0,2,0,0,0,0,0,18
SL050,34073737028,2,0,0,0,1,0,0,0,0,0,1,0,0,0,0,0,0,0,0,0,3,0,0,0,1,0,0,0,0,0,4
SL050,34073737029,2,0,0,0,0,0,0,0,0,0,0,0,0,1,1,0,0,0,0,0,2,0,0,1,1,0,0,0,0,0,4
SL050,34073737031,1,0,0,0,0,0,0,0,0,0,0,0,0,0,1,0,0,0,0,0,1,0,0,0,1,0,0,0,0,0,2
SL050,34073737032,7,1,0,0,3,1,0,0,2,0,11,1,0,0,4,1,0,0,1,0,18,2,0,0,7,2,0,0,3,0,32
SL050,34073737033,3,0,0,0,3,0,0,0,0,0,2,0,0,0,3,0,0,0,0,0,5,0,0,0,6,0,0,0,0,0,11
SL050,34073737034,0,0,0,0,0,0,0,0,0,0,2,4,0,0,0,0,0,0,0,0,2,4,0,0,0,0,0,0,0,0,6
SL050,34073737035,8,0,0,1,6,0,0,0,0,0,3,1,0,1,5,0,0,0,0,0,11,1,0,2,11,0,0,0,0,0,25
SL050,34073737036,1,0,0,0,0,0,0,0,0,0,1,0,0,0,0,0,0,0,0,0,2,0,0,0,0,0,0,0,0,0,2
SL050,34073737038,9,1,1,0,9,0,0,0,0,0,9,0,0,0,10,0,0,0,0,0,18,1,1,0,19,0,0,0,0,0,39
SL050,34073737039,0,1,0,2,2,0,0,0,0,0,1,0,0,0,3,0,0,0,0,0,1,1,0,2,5,0,0,0,0,0,9
SL050,34073737040,1,0,0,0,0,0,0,0,0,0,0,0,0,0,0,0,0,1,0,0,1,0,0,0,0,0,0,1,0,0,2
SL050,34073737044,1,1,1,0,1,0,0,0,0,0,1,0,0,0,1,0,0,0,0,0,2,1,1,0,2,0,0,0,0,0,6
SL050,34073737046,120,10,65,20,60,4,6,9,1,0,132,17,58,6,106,4,4,7,2,0,252,27,123,26,166,8,10,16,3,0,631
SL050,34073737047,1,0,8,0,2,0,0,0,0,0,1,0,9,0,4,0,0,0,0,0,2,0,17,0,6,0,0,0,0,0,25
SL050,34073737049,1,0,0,0,0,0,0,0,0,0,1,0,0,0,1,0,0,0,0,0,2,0,0,0,1,0,0,0,0,0,3
SL050,34073737051,0,0,0,0,0,0,0,0,0,0,0,0,0,0,1,0,0,0,0,0,0,0,0,0,1,0,0,0,0,0,1
SL050,34073737052,1,0,0,0,0,0,0,0,0,0,0,0,0,0,1,0,0,0,0,0,1,0,0,0,1,0,0,0,0,0,2
SL050,34073737054,3,0,0,0,1,0,0,0,0,0,7,1,0,0,4,0,0,0,0,0,10,1,0,0,5,0,0,0,0,0,16
SL050,34073737055,6,0,0,0,0,0,0,0,0,0,3,0,0,0,0,0,0,0,0,0,9,0,0,0,0,0,0,0,0,0,9
SL050,34073737056,4,0,0,0,0,0,0,0,0,0,6,0,0,0,0,0,0,0,0,0,10,0,0,0,0,0,0,0,0,0,10
SL050,34073737057,0,0,0,0,0,0,0,0,0,0,0,0,0,0,1,1,0,0,0,0,0,0,0,0,1,1,0,0,0,0,2
SL050,34073737059,0,0,0,0,0,0,0,0,0,0,1,0,0,0,1,0,0,0,0,0,1,0,0,0,1,0,0,0,0,0,2
SL050,34073737060,5,2,2,0,16,0,0,0,0,0,2,0,2,0,21,0,0,3,1,0,7,2,4,0,37,0,0,3,1,0,54
SL050,34073737061,5,0,0,0,0,0,0,0,0,0,5,2,0,0,11,0,0,0,0,0,10,2,0,0,11,0,0,0,0,0,23
SL050,34073737065,0,0,0,0,1,0,0,0,0,0,2,0,0,0,2,0,0,0,0,0,2,0,0,0,3,0,0,0,0,0,5
SL050,34073737067,43,11,5,5,44,2,0,8,1,0,49,13,5,3,48,4,0,22,0,0,92,24,10,8,92,6,0,30,1,0,263
SL050,34073737068,3,0,5,0,3,0,0,0,0,0,1,0,3,0,5,0,0,0,0,0,4,0,8,0,8,0,0,0,0,0,20
SL050,34073737069,11,1,4,1,3,1,0,0,0,0,24,7,2,0,15,0,0,1,0,0,35,8,6,1,18,1,0,1,0,0,70
SL050,34073737070,1,0,2,0,2,0,0,0,0,0,3,0,3,0,5,0,0,0,0,0,4,0,5,0,7,0,0,0,0,0,16
SL050,34073737071,2,0,0,0,0,0,0,0,0,0,0,0,0,0,1,0,0,0,0,0,2,0,0,0,1,0,0,0,0,0,3
SL050,34073737072,4,0,0,0,0,0,0,0,0,0,2,0,0,0,0,0,0,0,0,0,6,0,0,0,0,0,0,0,0,0,6
SL050,34073737073,10,1,0,0,1,0,0,0,0,0,1,1,1,0,5,0,0,0,0,0,11,2,1,0,6,0,0,0,0,0,20
SL050,34073737074,20,0,0,1,0,0,0,0,0,0,5,0,0,0,0,0,0,0,0,0,25,0,0,1,0,0,0,0,0,0,26
SL050,34073737077,0,0,0,0,0,0,0,0,0,0,0,1,0,0,0,0,0,0,0,0,0,1,0,0,0,0,0,0,0,0,1
SL050,34073737078,6,0,2,0,3,0,0,0,0,0,6,0,1,0,2,0,0,0,0,0,12,0,3,0,5,0,0,0,0,0,20
SL050,34073737080,1,0,0,0,0,0,0,1,0,0,0,1,0,0,1,0,0,1,0,0,1,1,0,0,1,0,0,2,0,0,5
SL050,34073737081,4,2,0,0,2,1,0,0,0,0,12,5,0,1,3,0,0,0,0,0,16,7,0,1,5,1,0,0,0,0,30
SL050,34073737082,14,5,1,0,1,0,0,0,0,0,5,3,2,0,2,0,0,0,0,0,19,8,3,0,3,0,0,0,0,0,33
SL050,34073737083,0,0,0,0,2,0,0,0,0,0,1,1,0,0,1,0,0,0,0,0,1,1,0,0,3,0,0,0,0,0,5
SL050,34073737085,70,15,21,2,53,1,1,4,2,1,74,24,18,0,85,6,1,12,3,0,144,39,39,2,138,7,2,16,5,1,393
SL050,34073737086,1,0,0,0,0,0,0,0,0,0,0,0,0,0,0,0,0,0,0,0,1,0,0,0,0,0,0,0,0,0,1
SL050,34073737087,17,4,0,0,9,0,0,1,0,0,13,5,0,1,17,1,0,0,0,0,30,9,0,1,26,1,0,1,0,0,68
SL050,34073737088,1,0,0,0,0,0,0,0,0,0,1,0,0,0,0,0,0,0,0,0,2,0,0,0,0,0,0,0,0,0,2
SL050,34073737089,0,0,0,0,1,0,0,0,0,0,0,0,0,0,1,0,0,0,0,0,0,0,0,0,2,0,0,0,0,0,2
SL050,34073737090,0,0,0,0,0,0,0,0,0,0,1,0,0,0,2,0,0,0,0,0,1,0,0,0,2,0,0,0,0,0,3
SL050,34073737091,6,0,1,1,0,0,0,0,0,0,8,0,0,0,2,0,0,0,0,0,14,0,1,1,2,0,0,0,0,0,18
SL050,34073737092,40,8,7,1,29,2,0,1,0,0,38,10,4,1,35,0,0,1,1,0,78,18,11,2,64,2,0,2,1,0,178
SL050,34073737096,1,0,0,0,0,0,0,0,0,0,1,0,0,0,1,0,0,0,0,0,2,0,0,0,1,0,0,0,0,0,3
SL050,34073737098,7,0,0,0,4,0,0,0,0,0,3,1,0,0,4,0,0,0,0,0,10,1,0,0,8,0,0,0,0,0,19
SL050,34073737099,1,0,0,1,0,0,0,0,0,0,0,0,0,0,0,0,0,0,0,0,1,0,0,1,0,0,0,0,0,0,2
SL050,34073737100,0,1,0,0,0,0,0,0,0,0,2,0,0,0,0,0,0,0,0,0,2,1,0,0,0,0,0,0,0,0,3
SL050,34073737101,2,0,0,0,1,0,0,0,0,0,0,0,0,0,1,0,0,0,0,0,2,0,0,0,2,0,0,0,0,0,4
SL050,34073737102,5,0,0,0,1,0,0,0,0,0,4,0,0,0,3,0,0,0,0,0,9,0,0,0,4,0,0,0,0,0,13
SL050,34073737103,3,0,2,0,6,0,0,0,0,0,2,1,0,0,3,0,0,0,0,0,5,1,2,0,9,0,0,0,0,0,17
SL050,34073737106,1,1,0,0,3,0,0,0,0,0,0,1,0,0,3,0,0,0,0,0,1,2,0,0,6,0,0,0,0,0,9
SL050,34073737107,213,13,51,3,34,2,6,10,0,0,214,16,45,8,67,2,3,14,0,0,427,29,96,11,101,4,9,24,0,0,701
SL050,34073737108,3,0,0,0,0,0,0,0,0,0,5,0,0,0,0,0,0,0,0,0,8,0,0,0,0,0,0,0,0,0,8
SL050,34073737109,0,1,0,0,1,0,0,0,0,0,0,0,0,0,3,0,0,0,0,0,0,1,0,0,4,0,0,0,0,0,5
SL050,34073737110,0,0,1,0,0,0,0,0,0,0,1,0,0,0,0,0,0,0,0,0,1,0,1,0,0,0,0,0,0,0,2
SL050,34073737112,3,0,0,0,0,0,0,0,0,0,0,0,0,0,0,0,0,0,0,0,3,0,0,0,0,0,0,0,0,0,3
SL050,34073737113,0,1,0,0,0,0,0,0,0,0,2,0,0,0,0,0,0,0,0,0,2,1,0,0,0,0,0,0,0,0,3
SL050,34073737114,1,0,0,0,0,0,0,0,0,0,0,0,0,0,0,0,0,0,0,0,1,0,0,0,0,0,0,0,0,0,1
SL050,34073737115,1,1,0,0,0,0,0,0,0,0,2,0,0,0,2,0,0,0,0,0,3,1,0,0,2,0,0,0,0,0,6
SL050,34073737117,18,3,2,5,8,0,0,3,0,0,23,5,3,2,14,1,0,1,0,0,41,8,5,7,22,1,0,4,0,0,88
SL050,34073737118,2,1,0,0,0,0,0,0,0,0,0,1,0,0,0,0,0,0,0,0,2,2,0,0,0,0,0,0,0,0,4
SL050,34073737119,0,0,0,0,0,0,0,0,0,0,1,0,0,0,0,0,0,0,0,0,1,0,0,0,0,0,0,0,0,0,1
SL050,34073737120,1,0,0,0,0,0,0,0,0,0,4,0,0,0,0,1,0,0,0,0,5,0,0,0,0,1,0,0,0,0,6
SL050,34073737121,2,0,0,0,0,0,0,0,0,0,2,2,0,0,1,0,0,0,0,0,4,2,0,0,1,0,0,0,0,0,7
SL050,34073737122,0,0,0,0,0,0,0,0,0,0,1,0,0,0,0,0,0,0,0,0,1,0,0,0,0,0,0,0,0,0,1
SL050,34073737124,1,1,2,0,0,0,0,0,0,0,0,1,0,0,2,0,0,0,0,0,1,2,2,0,2,0,0,0,0,0,7
SL050,34073737125,2,0,0,0,1,0,0,0,0,0,1,0,0,0,1,0,0,1,0,0,3,0,0,0,2,0,0,1,0,0,6
SL050,34073737127,3,0,0,0,1,0,0,0,0,0,6,1,0,0,3,0,0,0,0,0,9,1,0,0,4,0,0,0,0,0,14
SL050,34073737128,1,1,1,0,0,0,0,0,0,0,1,0,0,0,2,1,0,0,0,0,2,1,1,0,2,1,0,0,0,0,7
SL050,34073737129,3,2,0,0,0,0,0,0,0,0,1,0,1,0,2,0,0,0,0,0,4,2,1,0,2,0,0,0,0,0,9
SL050,34073737130,2,0,0,0,3,0,0,0,0,0,0,0,0,0,1,0,0,0,0,0,2,0,0,0,4,0,0,0,0,0,6
SL050,34073737131,6,0,0,0,0,0,0,0,0,0,7,0,0,0,1,0,0,0,0,0,13,0,0,0,1,0,0,0,0,0,14
SL050,34073737132,7,0,1,0,0,0,0,0,0,0,11,0,0,0,2,0,0,0,0,0,18,0,1,0,2,0,0,0,0,0,21
SL050,34073737133,0,0,0,0,1,0,0,0,0,0,0,0,0,0,0,0,0,0,0,0,0,0,0,0,1,0,0,0,0,0,1
SL050,34073737134,1,0,0,0,0,0,0,0,0,0,0,0,0,0,1,0,0,0,0,0,1,0,0,0,1,0,0,0,0,0,2
SL050,34073737135,15,0,2,0,2,0,0,0,0,0,13,1,1,0,4,0,0,1,0,0,28,1,3,0,6,0,0,1,0,0,39
SL050,34073737136,17,0,1,0,1,0,0,0,0,0,16,0,0,0,3,0,0,0,0,0,33,0,1,0,4,0,0,0,0,0,38
SL050,34073737137,0,0,0,0,3,0,0,0,0,0,1,0,0,0,4,0,0,0,0,0,1,0,0,0,7,0,0,0,0,0,8
SL050,34073737138,4,0,0,1,0,0,0,0,0,0,4,0,0,0,0,0,0,0,0,0,8,0,0,1,0,0,0,0,0,0,9
SL050,34073737139,8,1,0,0,6,0,0,0,0,0,5,0,0,0,5,1,0,0,0,0,13,1,0,0,11,1,0,0,0,0,26
SL050,34073737140,242,1,24,5,4,0,2,4,0,0,177,0,14,1,13,0,0,2,0,0,419,1,38,6,17,0,2,6,0,0,489
SL050,34073737141,0,0,0,1,0,0,0,0,0,0,0,0,0,0,0,0,0,0,0,0,0,0,0,1,0,0,0,0,0,0,1
SL050,34073737142,11,1,0,0,7,1,0,0,1,0,4,1,0,0,11,0,0,0,0,0,15,2,0,0,18,1,0,0,1,0,37
SL050,34073737143,1,1,0,0,0,0,0,0,0,0,3,1,0,0,0,0,0,0,1,0,4,2,0,0,0,0,0,0,1,0,7
SL050,34073737144,2,0,0,0,1,0,0,0,0,0,1,1,0,0,4,0,0,0,0,0,3,1,0,0,5,0,0,0,0,0,9
SL050,34073737145,3,0,1,2,0,0,0,0,0,0,7,0,1,3,2,0,0,0,0,0,10,0,2,5,2,0,0,0,0,0,19
SL050,34073737146,1,0,0,0,0,0,0,0,0,0,0,0,0,0,1,0,0,0,0,0,1,0,0,0,1,0,0,0,0,0,2
SL050,34073737147,4,1,1,0,0,0,0,0,0,0,0,0,1,0,0,0,0,0,0,0,4,1,2,0,0,0,0,0,0,0,7
SL050,34073737148,1,0,1,5,1,0,0,0,0,0,2,5,0,1,3,0,0,0,0,0,3,5,1,6,4,0,0,0,0,0,19
SL050,34073737150,0,0,0,0,1,0,0,0,0,0,0,0,0,0,0,0,0,0,0,0,0,0,0,0,1,0,0,0,0,0,1
SL050,34073737152,3,0,1,0,0,0,0,0,0,0,0,1,1,0,1,0,0,0,0,0,3,1,2,0,1,0,0,0,0,0,7
SL050,34073737155,3,0,0,0,0,0,0,0,0,0,2,0,0,0,0,0,0,0,0,0,5,0,0,0,0,0,0,0,0,0,5
SL050,34073737156,151,4,21,20,65,0,11,4,3,0,138,6,17,10,100,1,7,2,1,0,289,10,38,30,165,1,18,6,4,0,561
SL050,34073737158,0,1,0,0,1,0,0,0,0,0,3,0,1,0,1,0,0,0,0,0,3,1,1,0,2,0,0,0,0,0,7
SL050,34073737160,5,0,2,0,3,0,0,0,0,0,6,2,0,0,2,0,0,0,0,0,11,2,2,0,5,0,0,0,0,0,20
SL050,34073737161,4,0,2,0,2,1,0,0,0,0,1,0,1,0,1,0,0,0,0,0,5,0,3,0,3,1,0,0,0,0,12
SL050,34073737162,1,0,0,0,0,0,0,0,0,0,0,0,0,0,0,0,0,0,0,0,1,0,0,0,0,0,0,0,0,0,1
SL050,34073737164,3,1,0,0,1,0,0,0,0,0,7,2,0,0,2,0,0,0,0,0,10,3,0,0,3,0,0,0,0,0,16
SL050,34073737165,0,0,0,0,0,0,0,0,0,0,1,0,0,0,0,0,0,0,0,0,1,0,0,0,0,0,0,0,0,0,1
SL050,34073737166,9,1,3,0,0,0,0,0,0,0,6,0,1,0,1,0,0,0,0,0,15,1,4,0,1,0,0,0,0,0,21
SL050,34073737167,0,0,0,0,0,0,0,0,0,0,2,0,0,0,0,0,0,0,0,0,2,0,0,0,0,0,0,0,0,0,2
SL050,34073737168,25,0,0,0,0,0,0,0,0,0,20,0,0,0,1,1,0,0,0,0,45,0,0,0,1,1,0,0,0,0,47
SL050,34073737169,1,2,0,0,0,0,0,0,0,0,2,2,0,0,0,0,0,0,0,0,3,4,0,0,0,0,0,0,0,0,7
SL050,34073737170,44,1,2,0,2,0,0,0,0,0,30,1,4,0,9,0,0,1,0,0,74,2,6,0,11,0,0,1,0,0,94
SL050,34073737171,9,0,0,0,1,0,0,0,1,0,4,0,0,0,7,0,0,0,0,0,13,0,0,0,8,0,0,0,1,0,22
SL050,34073737172,14,2,1,0,18,0,0,0,0,0,9,1,2,0,12,0,0,0,0,0,23,3,3,0,30,0,0,0,0,0,59
SL050,34073737173,14,0,0,0,8,0,0,0,0,0,12,1,0,0,12,0,0,0,0,0,26,1,0,0,20,0,0,0,0,0,47
SL050,34073737174,1,0,0,0,1,0,0,0,0,0,1,0,0,0,3,1,0,0,0,0,2,0,0,0,4,1,0,0,0,0,7
SL050,34073737175,1,3,2,0,1,0,0,0,0,0,4,0,4,0,3,1,0,0,0,0,5,3,6,0,4,1,0,0,0,0,19
SL050,34073737176,0,0,0,0,1,0,0,0,0,0,1,0,0,0,1,0,0,0,0,0,1,0,0,0,2,0,0,0,0,0,3
SL050,34073737177,0,0,0,0,1,0,0,0,0,0,0,1,0,0,1,0,0,0,0,0,0,1,0,0,2,0,0,0,0,0,3
SL050,34073737178,0,0,0,0,0,0,0,0,0,0,1,0,0,0,1,0,0,0,0,0,1,0,0,0,1,0,0,0,0,0,2
SL050,34073737179,0,0,0,0,0,1,0,0,0,0,0,0,0,0,1,1,0,1,0,0,0,0,0,0,1,2,0,1,0,0,4
SL050,34073737180,0,0,0,0,1,0,0,0,0,0,0,0,0,0,1,0,0,0,0,0,0,0,0,0,2,0,0,0,0,0,2
SL050,34073737181,2,0,0,0,0,0,0,0,0,0,5,0,0,0,0,0,0,0,0,0,7,0,0,0,0,0,0,0,0,0,7
SL050,34073737182,3,0,0,0,0,0,0,0,0,0,4,0,0,0,0,1,0,0,0,0,7,0,0,0,0,1,0,0,0,0,8
SL050,34073737183,3,0,0,0,1,0,0,0,0,0,8,0,0,0,4,0,0,0,0,0,11,0,0,0,5,0,0,0,0,0,16
SL050,34073737184,2,0,0,0,0,0,0,0,0,0,1,0,0,0,0,0,0,0,0,0,3,0,0,0,0,0,0,0,0,0,3
SL050,34073737185,8,2,2,0,2,0,0,1,0,0,8,1,1,0,4,0,0,3,0,0,16,3,3,0,6,0,0,4,0,0,32
SL050,34073737186,0,0,0,0,2,0,0,0,0,0,0,0,0,0,1,0,0,0,0,0,0,0,0,0,3,0,0,0,0,0,3
SL050,34073737187,2,0,0,0,2,0,0,0,0,0,5,0,0,0,1,0,0,0,0,0,7,0,0,0,3,0,0,0,0,0,10
SL050,34073737188,0,0,0,0,1,0,0,0,0,0,0,1,0,0,3,0,0,0,0,0,0,1,0,0,4,0,0,0,0,0,5
SL050,34073737189,0,0,0,0,0,0,0,0,0,0,1,0,0,0,0,0,0,0,0,0,1,0,0,0,0,0,0,0,0,0,1
SL050,34073737190,1,0,0,0,0,0,0,0,0,0,3,0,0,0,2,0,0,0,0,0,4,0,0,0,2,0,0,0,0,0,6
SL050,34073737191,2,0,0,0,0,0,0,0,0,0,0,0,0,0,0,0,0,0,0,0,2,0,0,0,0,0,0,0,0,0,2
SL050,34073737192,5,1,0,0,2,0,0,0,0,0,1,1,0,0,6,0,0,0,0,0,6,2,0,0,8,0,0,0,0,0,16
SL050,34073737193,0,0,1,3,3,0,0,0,0,0,2,0,0,0,3,0,0,0,0,0,2,0,1,3,6,0,0,0,0,0,12
SL050,34073737194,1,0,7,0,4,0,0,0,0,0,1,0,2,0,8,0,0,2,0,0,2,0,9,0,12,0,0,2,0,0,25
SL050,34073737195,2,0,0,0,0,0,0,0,0,0,1,0,0,0,0,0,0,0,0,1,3,0,0,0,0,0,0,0,0,1,4
SL050,34073737196,5,0,0,0,0,0,0,0,0,0,0,0,0,0,0,0,0,0,0,0,5,0,0,0,0,0,0,0,0,0,5
SL050,34073737198,1,1,0,0,3,0,0,0,0,0,1,0,0,0,3,0,0,0,0,0,2,1,0,0,6,0,0,0,0,0,9
SL050,34073737199,2,0,0,0,1,0,0,0,0,0,0,2,0,0,0,0,0,0,0,0,2,2,0,0,1,0,0,0,0,0,5
SL050,34073737200,4,0,0,1,1,0,0,0,0,0,2,0,0,0,0,0,0,0,0,0,6,0,0,1,1,0,0,0,0,0,8
SL050,34073737201,5,1,0,0,0,0,0,0,0,0,3,0,1,0,0,0,0,0,0,0,8,1,1,0,0,0,0,0,0,0,10
SL050,34073737202,15,0,1,0,5,0,0,1,0,0,23,2,0,2,17,1,0,2,0,0,38,2,1,2,22,1,0,3,0,0,69
SL050,34073737203,3,0,0,0,1,0,0,0,0,0,1,0,0,0,0,0,0,0,0,0,4,0,0,0,1,0,0,0,0,0,5
SL050,34073737204,1,7,0,0,0,0,0,0,0,0,2,3,0,0,0,0,0,0,0,0,3,10,0,0,0,0,0,0,0,0,13
SL050,34073737205,1,0,0,0,1,0,0,0,0,0,2,0,0,0,0,0,0,0,0,0,3,0,0,0,1,0,0,0,0,0,4
SL050,34073737206,5,0,0,0,0,0,0,0,0,0,2,0,0,0,0,0,0,0,0,0,7,0,0,0,0,0,0,0,0,0,7
SL050,34073737207,4,2,0,0,3,0,0,1,2,0,8,2,0,0,2,1,0,0,3,0,12,4,0,0,5,1,0,1,5,0,28
SL050,34073737208,0,0,0,0,0,0,0,0,0,0,1,0,0,0,1,0,0,0,0,0,1,0,0,0,1,0,0,0,0,0,2
SL050,34073737209,4,0,2,0,7,0,0,0,0,0,5,0,1,0,9,0,0,1,0,0,9,0,3,0,16,0,0,1,0,0,29
SL050,34073737211,0,0,0,0,3,0,0,0,0,0,1,0,0,0,1,0,0,0,0,0,1,0,0,0,4,0,0,0,0,0,5
SL050,34073737212,0,0,0,0,1,0,0,0,0,0,0,0,0,0,1,0,0,0,0,0,0,0,0,0,2,0,0,0,0,0,2
SL050,34073737213,2,0,0,0,0,0,0,0,0,0,0,0,0,0,0,0,0,0,0,0,2,0,0,0,0,0,0,0,0,0,2
SL050,34073737214,6,4,0,0,0,0,0,0,0,0,4,1,0,0,0,0,0,0,0,0,10,5,0,0,0,0,0,0,0,0,15
SL050,34073737215,2,0,0,0,0,0,0,0,0,0,2,0,0,0,1,1,0,0,0,0,4,0,0,0,1,1,0,0,0,0,6
SL050,34073737216,0,0,0,0,1,0,0,0,0,0,1,1,0,0,0,0,0,0,0,0,1,1,0,0,1,0,0,0,0,0,3
SL050,34073737218,1,0,0,0,0,0,0,0,0,0,0,0,0,0,0,0,0,0,0,0,1,0,0,0,0,0,0,0,0,0,1
SL050,34073737219,1,2,0,0,0,0,0,0,0,0,1,0,0,0,0,0,0,0,0,0,2,2,0,0,0,0,0,0,0,0,4
SL050,34073737221,9,0,0,0,0,0,0,0,0,0,18,0,0,0,1,0,0,0,0,0,27,0,0,0,1,0,0,0,0,0,28
SL050,34073737223,1,0,0,0,1,0,0,0,0,0,0,0,0,0,0,0,0,0,0,0,1,0,0,0,1,0,0,0,0,0,2
SL050,34073737226,2,0,0,0,0,0,0,0,0,0,4,1,0,0,0,0,0,0,0,0,6,1,0,0,0,0,0,0,0,0,7
SL050,34073737228,0,0,0,0,2,0,0,0,0,0,1,1,0,0,3,0,0,0,0,0,1,1,0,0,5,0,0,0,0,0,7
SL050,34073737229,0,0,0,0,0,0,0,0,0,0,1,0,1,0,0,0,0,0,0,0,1,0,1,0,0,0,0,0,0,0,2
SL050,34073737230,3,0,0,0,2,0,0,0,0,0,4,1,0,0,2,0,0,0,0,0,7,1,0,0,4,0,0,0,0,0,12
SL050,34073737231,1,0,0,0,1,0,0,0,0,0,0,0,0,0,1,0,0,2,0,0,1,0,0,0,2,0,0,2,0,0,5
SL050,34073737232,0,0,0,0,1,0,0,0,0,0,0,0,0,0,0,0,0,0,0,0,0,0,0,0,1,0,0,0,0,0,1
SL050,34073737234,10,0,0,0,0,0,0,0,0,0,15,0,0,0,0,0,0,0,0,0,25,0,0,0,0,0,0,0,0,0,25
SL050,34073737235,0,1,0,0,0,0,0,0,0,0,0,0,0,0,0,0,0,0,0,0,0,1,0,0,0,0,0,0,0,0,1
SL050,34073737236,1,0,0,0,0,0,0,0,0,0,1,0,0,0,0,0,0,0,0,0,2,0,0,0,0,0,0,0,0,0,2
SL050,34073737237,13,0,0,0,0,0,0,1,0,0,14,0,0,2,3,0,0,0,0,0,27,0,0,2,3,0,0,1,0,0,33
SL050,34073737238,2,0,0,0,2,0,0,0,0,0,3,1,0,0,2,0,0,0,0,0,5,1,0,0,4,0,0,0,0,0,10
SL050,34073737239,0,0,0,0,0,0,0,0,0,0,1,0,0,0,0,0,0,0,0,0,1,0,0,0,0,0,0,0,0,0,1
SL050,34073737240,19,3,1,5,8,1,0,0,0,0,21,6,0,1,9,1,2,2,0,0,40,9,1,6,17,2,2,2,0,0,79
SL050,34073737241,0,0,0,0,0,0,0,0,0,0,0,0,0,0,2,0,0,0,0,0,0,0,0,0,2,0,0,0,0,0,2
SL050,34073737242,1,0,0,0,0,0,0,0,0,0,1,0,0,0,0,0,0,0,0,0,2,0,0,0,0,0,0,0,0,0,2
SL050,34073737243,1,0,0,0,0,0,0,0,0,0,1,0,0,0,0,0,0,0,0,0,2,0,0,0,0,0,0,0,0,0,2
SL050,34073737244,3,1,0,0,0,0,0,0,0,0,4,1,0,0,0,0,0,0,0,0,7,2,0,0,0,0,0,0,0,0,9
SL050,34073737245,26,0,0,0,1,0,0,0,0,0,17,1,0,0,1,0,0,0,0,0,43,1,0,0,2,0,0,0,0,0,46
SL050,34073737246,54,16,5,3,15,2,0,4,0,0,74,23,5,1,41,1,0,4,0,0,128,39,10,4,56,3,0,8,0,0,248
SL050,34073737247,1,0,0,0,0,0,0,0,0,0,2,0,0,0,0,0,0,0,0,0,3,0,0,0,0,0,0,0,0,0,3
SL050,34073737248,0,1,0,0,0,0,0,0,0,0,0,1,0,0,3,0,0,0,0,0,0,2,0,0,3,0,0,0,0,0,5
SL050,34073737249,0,0,0,0,1,0,0,0,0,0,0,0,0,0,2,0,0,0,0,0,0,0,0,0,3,0,0,0,0,0,3
SL050,34073737250,1,0,1,0,0,0,0,0,0,0,2,0,1,0,1,0,0,0,0,0,3,0,2,0,1,0,0,0,0,0,6
SL050,34073737251,0,0,0,0,0,0,0,0,0,0,2,0,0,0,0,0,0,0,0,0,2,0,0,0,0,0,0,0,0,0,2
SL050,34073737252,1,0,0,0,0,0,0,0,1,0,2,0,0,0,0,0,0,0,0,0,3,0,0,0,0,0,0,0,1,0,4
SL050,34073737253,2,0,0,0,0,0,0,0,0,0,4,0,0,0,1,0,0,0,0,0,6,0,0,0,1,0,0,0,0,0,7
SL050,34073737254,0,0,0,0,6,0,0,0,0,0,1,0,0,0,4,0,0,0,0,0,1,0,0,0,10,0,0,0,0,0,11
SL050,34073737255,0,0,0,0,3,0,0,0,0,0,0,0,0,0,1,0,0,0,0,0,0,0,0,0,4,0,0,0,0,0,4
SL050,34073737256,4,0,1,0,0,0,0,0,0,0,4,0,1,0,1,0,0,0,0,0,8,0,2,0,1,0,0,0,0,0,11
SL050,34073737257,0,0,0,0,0,0,0,0,0,0,2,0,0,0,0,0,0,0,0,0,2,0,0,0,0,0,0,0,0,0,2
SL050,34073737258,12,0,6,0,3,0,0,0,0,0,17,0,0,0,4,0,0,0,0,0,29,0,6,0,7,0,0,0,0,0,42
SL050,34073737260,0,0,0,0,0,0,0,0,0,0,2,0,0,0,0,0,0,0,0,0,2,0,0,0,0,0,0,0,0,0,2
SL050,34073737261,1,0,0,0,0,0,0,0,0,0,3,0,0,0,1,0,0,0,0,0,4,0,0,0,1,0,0,0,0,0,5
SL050,34073737262,0,0,0,0,0,0,0,0,0,0,1,0,0,0,0,0,0,0,0,0,1,0,0,0,0,0,0,0,0,0,1
SL050,34073737263,3,0,0,0,1,0,0,0,0,0,5,0,0,0,0,0,0,0,0,0,8,0,0,0,1,0,0,0,0,0,9
SL050,34073737264,0,0,0,0,0,0,0,0,0,0,1,0,0,0,0,0,0,0,0,0,1,0,0,0,0,0,0,0,0,0,1
SL050,34073737265,1,0,0,0,0,0,0,0,0,0,2,0,0,0,3,0,0,0,0,0,3,0,0,0,3,0,0,0,0,0,6
SL050,34073737266,1,0,0,0,0,0,0,0,0,0,1,0,0,0,0,0,0,0,0,0,2,0,0,0,0,0,0,0,0,0,2
SL050,34073737267,1,1,0,0,0,0,0,0,0,0,0,0,0,0,2,0,0,0,0,0,1,1,0,0,2,0,0,0,0,0,4
SL050,34073737268,1,0,0,0,0,0,0,0,0,0,0,0,0,0,1,0,0,0,0,0,1,0,0,0,1,0,0,0,0,0,2
SL050,34073737269,21,0,1,0,0,0,0,0,0,0,21,3,1,0,1,0,0,0,0,0,42,3,2,0,1,0,0,0,0,0,48
SL050,34073737270,3,0,0,0,0,0,0,0,0,0,1,0,0,0,1,2,0,0,0,0,4,0,0,0,1,2,0,0,0,0,7
SL050,34073737271,6,0,0,0,0,0,0,0,0,0,5,0,0,0,1,0,0,0,0,0,11,0,0,0,1,0,0,0,0,0,12
SL050,34073737272,0,0,0,0,0,0,0,0,0,0,1,0,0,0,1,0,0,0,0,0,1,0,0,0,1,0,0,0,0,0,2
SL050,34073737273,1,0,0,0,0,0,0,0,0,0,1,0,0,0,0,0,0,0,0,0,2,0,0,0,0,0,0,0,0,0,2
SL050,34073737274,926,318,657,241,2552,64,65,208,90,8,1226,410,520,163,3759,90,39,338,84,4,2152,728,1177,404,6311,154,104,546,174,12,11762
SL050,34073737275,0,0,0,0,0,0,0,0,0,0,0,0,0,0,1,0,0,0,0,0,0,0,0,0,1,0,0,0,0,0,1
SL050,34073737276,1,0,0,0,1,0,0,0,0,0,1,0,0,0,0,0,0,0,0,0,2,0,0,0,1,0,0,0,0,0,3
SL050,34073737277,0,0,1,0,0,0,0,0,0,0,0,0,1,0,0,0,0,0,0,0,0,0,2,0,0,0,0,0,0,0,2
SL050,34073737278,18,2,2,0,18,0,0,0,1,0,17,2,2,0,11,1,0,2,3,0,35,4,4,0,29,1,0,2,4,0,79
SL050,34073737279,16,4,0,0,0,0,0,0,0,0,16,4,0,0,3,0,0,0,0,0,32,8,0,0,3,0,0,0,0,0,43
SL050,34073737282,3,0,0,0,0,0,0,0,0,0,2,0,0,0,3,0,0,0,0,0,5,0,0,0,3,0,0,0,0,0,8
SL050,34073737284,2,2,1,0,2,0,0,0,1,0,2,1,0,0,7,0,0,0,1,0,4,3,1,0,9,0,0,0,2,0,19
SL050,34073737285,6,0,0,0,2,0,0,0,0,0,4,1,0,2,5,0,0,0,0,0,10,1,0,2,7,0,0,0,0,0,20
SL050,34073737286,2,0,0,1,0,1,0,0,0,0,2,0,0,0,1,0,0,0,1,0,4,0,0,1,1,1,0,0,1,0,8
SL050,34073737287,1,2,0,0,3,0,0,0,0,0,3,1,1,0,1,0,0,0,0,0,4,3,1,0,4,0,0,0,0,0,12
SL050,34073737288,6,0,0,0,0,0,0,0,0,0,7,0,0,0,2,0,0,0,0,0,13,0,0,0,2,0,0,0,0,0,15
SL050,34073737289,2,0,0,0,2,0,0,0,0,0,2,0,0,0,4,0,0,0,0,0,4,0,0,0,6,0,0,0,0,0,10
SL050,34073737290,0,0,0,0,2,0,0,0,0,0,1,0,0,0,1,0,0,0,0,0,1,0,0,0,3,0,0,0,0,0,4
SL050,34073737291,4,0,0,0,0,0,0,0,0,0,2,0,0,0,0,1,0,0,0,0,6,0,0,0,0,1,0,0,0,0,7
SL050,34073737292,0,0,0,0,0,0,0,0,0,0,0,0,0,0,1,0,0,0,0,0,0,0,0,0,1,0,0,0,0,0,1
SL050,34073737293,1,0,0,0,1,0,0,0,0,0,0,1,0,0,2,0,0,0,0,0,1,1,0,0,3,0,0,0,0,0,5
SL050,34073737294,142,33,45,13,147,4,6,12,2,1,169,45,48,17,262,10,9,19,6,1,311,78,93,30,409,14,15,31,8,2,991
SL050,34073737296,1,3,0,0,0,0,0,0,0,0,0,1,0,0,5,0,0,0,1,0,1,4,0,0,5,0,0,0,1,0,11
SL050,34073737297,6,0,0,0,4,0,0,0,0,0,9,0,0,0,5,0,0,0,0,0,15,0,0,0,9,0,0,0,0,0,24
SL050,34073737298,3,1,0,0,0,0,0,0,0,0,0,4,0,0,0,0,0,0,0,0,3,5,0,0,0,0,0,0,0,0,8
SL050,34073737299,2,1,0,0,0,0,0,0,0,0,1,3,0,0,1,0,0,0,0,0,3,4,0,0,1,0,0,0,0,0,8
SL050,34073737300,1,0,0,0,1,0,0,0,0,0,1,0,0,0,11,0,0,0,0,0,2,0,0,0,12,0,0,0,0,0,14
SL050,34073737301,0,0,0,0,1,0,0,0,0,0,0,0,0,0,1,0,0,0,0,0,0,0,0,0,2,0,0,0,0,0,2
SL050,34073737302,3,1,0,0,0,0,0,0,0,0,3,0,0,0,1,1,0,0,0,0,6,1,0,0,1,1,0,0,0,0,9
SL050,34073737303,3,0,0,0,0,0,0,0,0,0,1,0,0,0,1,0,0,0,0,0,4,0,0,0,1,0,0,0,0,0,5
SL050,34073737304,1,0,1,0,0,0,0,0,0,0,1,0,1,0,0,0,0,0,0,0,2,0,2,0,0,0,0,0,0,0,4
SL050,34073737305,1,0,0,0,0,0,0,0,0,0,4,1,0,0,4,0,0,0,0,0,5,1,0,0,4,0,0,0,0,0,10
SL050,34073737306,3,1,1,0,0,0,0,0,0,0,1,0,1,1,1,0,0,0,0,0,4,1,2,1,1,0,0,0,0,0,9
SL050,34073737307,0,0,0,0,0,0,0,0,0,0,2,0,0,0,0,0,0,0,0,0,2,0,0,0,0,0,0,0,0,0,2
SL050,34073737310,1,0,0,0,0,0,0,0,0,0,1,0,0,0,0,0,0,0,0,0,2,0,0,0,0,0,0,0,0,0,2
SL050,34073737311,1,0,0,0,0,0,0,0,0,0,0,0,0,0,1,0,0,0,0,0,1,0,0,0,1,0,0,0,0,0,2
SL050,34073737312,0,0,0,0,3,0,0,0,0,0,1,0,0,0,2,0,0,0,0,0,1,0,0,0,5,0,0,0,0,0,6
SL050,34073737313,1,1,0,0,0,0,0,0,0,0,8,0,0,0,1,0,0,0,0,0,9,1,0,0,1,0,0,0,0,0,11
SL050,34073737314,3,0,0,0,0,0,0,0,0,0,3,0,0,0,0,0,1,0,0,0,6,0,0,0,0,0,1,0,0,0,7
SL050,34073737315,1,0,0,0,0,0,0,0,0,0,0,0,0,0,0,0,0,0,0,0,1,0,0,0,0,0,0,0,0,0,1
SL050,34073737316,5,2,1,0,1,0,0,0,0,0,8,0,0,0,1,0,0,0,0,0,13,2,1,0,2,0,0,0,0,0,18
SL050,34073737317,0,0,0,0,0,0,0,0,0,0,1,0,0,0,0,0,0,0,0,0,1,0,0,0,0,0,0,0,0,0,1
SL050,34073737318,3,0,0,0,0,0,0,0,0,0,1,0,0,0,0,0,0,0,0,0,4,0,0,0,0,0,0,0,0,0,4
SL050,34073737319,2,0,0,0,1,0,0,0,0,0,1,0,0,0,0,1,1,0,0,0,3,0,0,0,1,1,1,0,0,0,6
SL050,34073737320,3,0,0,0,1,0,0,0,0,0,0,0,0,0,1,0,0,0,0,0,3,0,0,0,2,0,0,0,0,0,5
SL050,34073737321,0,0,0,0,0,0,0,0,0,0,2,0,0,0,0,0,0,0,0,0,2,0,0,0,0,0,0,0,0,0,2
SL050,34073737322,44,2,26,40,60,1,0,2,0,0,40,6,20,9,76,2,0,1,0,0,84,8,46,49,136,3,0,3,0,0,329
SL050,34073737323,5,0,0,0,1,0,0,0,0,0,3,1,0,0,1,0,0,0,0,0,8,1,0,0,2,0,0,0,0,0,11
SL050,34073737324,2,0,0,0,0,0,0,0,0,0,1,0,1,0,1,0,0,0,0,0,3,0,1,0,1,0,0,0,0,0,5
SL050,34073737325,0,0,0,0,0,0,0,0,0,0,1,0,0,0,1,0,0,0,0,1,1,0,0,0,1,0,0,0,0,1,3
SL050,34073737327,0,0,0,0,0,0,0,0,0,0,0,0,0,0,1,0,0,0,0,0,0,0,0,0,1,0,0,0,0,0,1
SL050,34073737328,4,0,2,0,0,0,0,0,0,0,10,0,0,0,0,0,0,0,0,0,14,0,2,0,0,0,0,0,0,0,16
SL050,34073737329,0,0,0,0,0,0,0,0,0,0,0,0,0,0,1,0,0,0,0,0,0,0,0,0,1,0,0,0,0,0,1
SL050,34073737330,2,1,0,0,0,0,0,0,0,0,0,0,0,0,2,0,0,0,0,0,2,1,0,0,2,0,0,0,0,0,5
SL050,34073737331,0,0,0,0,1,0,0,0,0,0,0,0,0,0,1,0,0,0,0,0,0,0,0,0,2,0,0,0,0,0,2
SL050,34073737332,0,0,0,0,0,0,0,0,0,0,0,0,0,0,1,0,0,0,0,0,0,0,0,0,1,0,0,0,0,0,1
SL050,34073737333,0,0,0,0,1,0,0,0,0,0,0,0,0,0,0,0,0,0,0,0,0,0,0,0,1,0,0,0,0,0,1
SL050,34073737334,1,0,0,0,0,0,0,0,0,0,0,0,0,0,0,0,0,0,0,0,1,0,0,0,0,0,0,0,0,0,1
SL050,34073737335,3,5,1,0,0,0,0,0,0,0,5,4,0,0,2,0,0,0,0,0,8,9,1,0,2,0,0,0,0,0,20
SL050,34073737338,1,0,0,1,3,0,0,0,0,0,3,1,0,0,2,0,0,0,0,0,4,1,0,1,5,0,0,0,0,0,11
SL050,34073737339,1,0,0,0,4,0,0,0,0,0,2,0,0,0,2,0,0,0,0,0,3,0,0,0,6,0,0,0,0,0,9
SL050,34073737341,17,0,0,1,0,0,0,0,0,0,5,0,0,0,0,0,0,0,0,0,22,0,0,1,0,0,0,0,0,0,23
SL050,34073737342,8,0,0,0,0,0,0,0,0,0,6,2,0,0,1,0,0,0,0,0,14,2,0,0,1,0,0,0,0,0,17
SL050,34073737343,0,0,0,0,1,0,0,0,0,0,1,0,0,0,0,0,0,0,0,0,1,0,0,0,1,0,0,0,0,0,2
SL050,34073737344,1,1,0,0,3,0,0,0,0,0,1,0,1,0,7,0,0,0,0,0,2,1,1,0,10,0,0,0,0,0,14
SL050,34073737345,3,0,0,0,1,0,0,0,0,0,5,0,0,0,0,0,0,0,0,0,8,0,0,0,1,0,0,0,0,0,9
SL050,34073737346,1,0,1,0,0,0,0,0,0,0,2,0,1,0,3,0,0,0,0,0,3,0,2,0,3,0,0,0,0,0,8
SL050,34073737347,3,0,0,0,6,0,0,0,0,0,8,0,0,0,10,0,0,1,0,0,11,0,0,0,16,0,0,1,0,0,28
SL050,34073737348,1,1,0,0,0,0,0,0,0,0,1,0,0,0,0,0,0,0,0,0,2,1,0,0,0,0,0,0,0,0,3
SL050,34073737349,2,0,0,0,0,0,0,0,0,0,2,0,0,0,0,0,0,0,0,0,4,0,0,0,0,0,0,0,0,0,4
SL050,34073737350,1,0,0,0,0,0,0,0,0,0,3,0,0,0,1,0,0,0,0,0,4,0,0,0,1,0,0,0,0,0,5
SL050,34073737351,0,0,0,0,0,0,0,0,0,0,1,0,0,0,0,0,0,0,0,2,1,0,0,0,0,0,0,0,0,2,3
SL050,34073737352,1,0,0,0,2,0,0,0,0,0,0,0,0,0,1,0,0,0,0,0,1,0,0,0,3,0,0,0,0,0,4
SL050,34073737353,0,0,0,0,0,0,0,0,0,0,1,0,0,0,1,0,0,0,0,0,1,0,0,0,1,0,0,0,0,0,2
SL050,34073737354,70,18,9,2,51,4,0,9,0,0,95,27,12,5,81,8,0,16,5,0,165,45,21,7,132,12,0,25,5,0,412
SL050,34073737355,0,1,4,0,1,0,0,0,0,0,1,0,6,0,0,0,0,0,0,0,1,1,10,0,1,0,0,0,0,0,13
SL050,34073737356,7,0,0,0,0,0,0,0,0,0,6,0,0,0,0,0,0,0,0,0,13,0,0,0,0,0,0,0,0,0,13
SL050,34073737357,5,0,0,0,1,0,0,0,0,0,4,1,0,0,1,0,0,0,0,0,9,1,0,0,2,0,0,0,0,0,12
SL050,34073737358,0,0,0,27,2,0,0,0,0,0,0,0,0,0,0,0,0,0,0,0,0,0,0,27,2,0,0,0,0,0,29
SL050,34073737359,4,0,0,0,0,0,0,0,0,0,4,0,2,0,0,0,0,0,0,0,8,0,2,0,0,0,0,0,0,0,10
SL050,34073737360,1,0,0,0,0,0,1,0,0,0,3,0,0,0,1,0,0,0,0,0,4,0,0,0,1,0,1,0,0,0,6
SL050,34073737361,0,0,0,0,0,0,0,0,0,0,0,1,0,0,0,0,0,0,0,0,0,1,0,0,0,0,0,0,0,0,1
SL050,34073737362,89,14,9,14,45,2,1,5,1,1,72,16,9,7,77,3,0,13,1,0,161,30,18,21,122,5,1,18,2,1,379
SL050,34073737363,1,0,0,0,0,0,0,0,0,0,1,0,0,0,0,0,0,0,0,0,2,0,0,0,0,0,0,0,0,0,2
SL050,34073737364,7,0,0,0,2,0,0,0,0,0,7,0,0,0,6,0,0,0,0,0,14,0,0,0,8,0,0,0,0,0,22
SL050,34073737365,3,0,0,0,0,1,0,0,0,0,4,0,0,0,0,0,0,1,0,0,7,0,0,0,0,1,0,1,0,0,9
SL050,34073737367,0,1,0,0,0,0,0,0,0,0,0,0,0,0,1,0,0,0,0,0,0,1,0,0,1,0,0,0,0,0,2
SL050,34073737368,1,0,0,0,0,0,0,0,0,0,0,0,0,0,0,0,0,0,0,0,1,0,0,0,0,0,0,0,0,0,1
SL050,34073737369,0,0,0,0,0,0,0,0,0,0,0,0,0,0,3,0,0,0,0,0,0,0,0,0,3,0,0,0,0,0,3
SL050,34073737370,1,0,0,0,3,0,0,0,0,0,0,0,0,0,2,0,0,0,0,0,1,0,0,0,5,0,0,0,0,0,6
SL050,34073737371,12,0,0,0,2,0,0,0,0,0,12,0,0,0,2,0,0,0,0,0,24,0,0,0,4,0,0,0,0,0,28
SL050,34073737372,0,0,0,0,0,0,0,0,0,0,1,1,0,0,1,0,0,0,0,0,1,1,0,0,1,0,0,0,0,0,3
SL050,34073737373,8,0,0,0,2,0,0,0,0,0,7,0,0,0,10,0,0,0,0,0,15,0,0,0,12,0,0,0,0,0,27
SL050,34073737374,8,8,4,1,2,0,0,0,0,0,4,4,4,2,6,0,0,0,0,0,12,12,8,3,8,0,0,0,0,0,43
SL050,34073737375,2,0,12,0,1,0,0,0,0,0,2,0,10,0,5,0,0,0,0,1,4,0,22,0,6,0,0,0,0,1,33
SL050,34073737376,19,3,2,0,7,0,0,2,0,0,19,1,2,3,8,0,0,5,0,0,38,4,4,3,15,0,0,7,0,0,71
SL050,34073737377,0,0,0,0,0,0,0,0,0,0,1,0,0,0,1,0,0,0,0,0,1,0,0,0,1,0,0,0,0,0,2
SL050,34073737378,1,0,0,0,0,0,0,0,0,0,0,0,0,0,0,0,0,0,0,0,1,0,0,0,0,0,0,0,0,0,1
SL050,34073737379,2,1,0,0,0,0,0,0,0,0,2,0,0,0,1,0,0,0,0,0,4,1,0,0,1,0,0,0,0,0,6
SL050,34073737380,1,0,2,0,0,0,0,0,0,0,0,0,1,0,0,0,0,0,0,0,1,0,3,0,0,0,0,0,0,0,4
SL050,34073737381,6,0,0,0,0,0,0,0,0,0,0,0,1,0,1,0,0,0,0,0,6,0,1,0,1,0,0,0,0,0,8
SL050,34073737382,0,0,0,0,0,0,0,0,0,0,1,0,0,0,1,0,0,0,0,0,1,0,0,0,1,0,0,0,0,0,2
SL050,34053838001,6722,870,708,191,2694,46,680,343,114,4,6627,1272,325,62,3057,47,485,325,171,3,13349,2142,1033,253,5751,93,1165,668,285,7,24746
SL050,34053838002,19,2,0,0,16,0,0,0,1,0,19,3,1,0,30,0,0,0,1,0,38,5,1,0,46,0,0,0,2,0,92
SL050,34053838003,100,5,1,19,63,1,0,1,2,0,101,5,0,10,52,0,0,0,5,0,201,10,1,29,115,1,0,1,7,0,365
SL050,34053838004,58,4,7,1,154,2,0,1,1,0,62,2,10,1,184,1,0,0,4,2,120,6,17,2,338,3,0,1,5,2,494
SL050,34053838005,463,14,10,18,302,1,1,6,2,1,439,20,5,5,236,3,1,6,1,0,902,34,15,23,538,4,2,12,3,1,1534
SL050,34053838006,8230,580,1213,1182,6411,59,671,732,89,7,7972,774,670,450,6932,62,342,735,88,13,16202,1354,1883,1632,13343,121,1013,1467,177,20,37212
SL050,34053838007,23,2,1,0,112,0,0,0,2,0,13,3,1,0,129,0,0,0,2,2,36,5,2,0,241,0,0,0,4,2,290
SL050,34053838008,119,7,5,2,276,1,0,7,4,0,139,5,6,1,379,0,0,6,2,0,258,12,11,3,655,1,0,13,6,0,959
SL050,34053838009,175,7,14,4,207,2,1,5,1,2,167,9,11,5,290,0,0,5,4,0,342,16,25,9,497,2,1,10,5,2,909
SL050,34053838010,91,3,7,2,116,2,0,2,1,0,98,4,0,1,143,2,0,2,1,0,189,7,7,3,259,4,0,4,2,0,475
SL050,34053838011,499,33,37,20,1271,15,6,26,8,1,441,54,27,15,1607,19,3,32,7,2,940,87,64,35,2878,34,9,58,15,3,4123
SL050,34053838012,30,3,0,2,91,1,0,3,1,0,26,2,0,1,122,0,0,0,0,0,56,5,0,3,213,1,0,3,1,0,282
SL050,34053838013,163,8,14,9,335,3,0,1,2,1,160,10,10,7,395,4,1,2,3,1,323,18,24,16,730,7,1,3,5,2,1129
SL050,34053838014,53,5,8,0,80,0,0,0,0,0,51,3,2,0,69,1,0,0,0,0,104,8,10,0,149,1,0,0,0,0,272
SL050,34053838015,83,4,2,0,164,1,0,0,0,0,72,7,1,0,175,0,0,0,1,0,155,11,3,0,339,1,0,0,1,0,510
SL050,34053838016,125,16,0,0,65,0,0,0,4,1,121,19,0,2,71,2,0,0,2,0,246,35,0,2,136,2,0,0,6,1,428
SL050,34053838017,2712,199,305,264,4623,31,35,72,13,2,2563,253,196,177,5171,28,21,71,20,3,5275,452,501,441,9794,59,56,143,33,5,16759
SL050,34053838018,58,3,6,0,158,2,0,1,1,0,66,3,4,2,169,2,0,5,0,0,124,6,10,2,327,4,0,6,1,0,480
SL050,34053838019,1335,71,385,22,1112,7,8,9,29,1,1343,85,199,20,1211,5,2,20,22,3,2678,156,584,42,2323,12,10,29,51,4,5889
SL050,34053838020,248,17,24,30,727,5,2,13,6,1,237,22,10,3,831,3,0,21,4,9,485,39,34,33,1558,8,2,34,10,10,2213
SL050,34053838021,45,1,1,1,34,1,0,0,0,0,52,2,1,1,51,0,0,0,0,0,97,3,2,2,85,1,0,0,0,0,190
SL050,34053838022,426,24,7,3,918,9,2,23,2,1,397,22,3,5,1064,11,1,25,7,1,823,46,10,8,1982,20,3,48,9,2,2951
SL050,34053838023,1720,118,288,396,6591,57,25,164,59,8,1936,147,200,220,7858,75,17,184,82,7,3656,265,488,616,14449,132,42,348,141,15,20152
SL050,34053838024,618,44,72,12,1112,7,8,24,5,4,621,46,29,9,1397,12,8,21,11,3,1239,90,101,21,2509,19,16,45,16,7,4063
SL050,34053838025,128,15,4,2,176,5,0,8,0,3,128,21,4,3,226,8,2,11,2,0,256,36,8,5,402,13,2,19,2,3,746
SL050,34053838026,420,28,35,15,1061,14,10,20,2,1,497,43,20,8,1401,24,4,49,9,2,917,71,55,23,2462,38,14,69,11,3,3663
SL050,34053838027,387,30,4,3,243,4,3,2,0,1,409,27,4,4,303,3,0,6,3,0,796,57,8,7,546,7,3,8,3,1,1436
SL050,34053838028,1847,112,87,109,1052,20,151,57,23,5,1939,165,81,48,1333,30,122,69,32,2,3786,277,168,157,2385,50,273,126,55,7,7284
SL050,34053838029,201,9,1,0,107,1,1,0,0,0,193,10,0,0,124,0,0,0,1,1,394,19,1,0,231,1,1,0,1,1,649
SL050,34053838030,55,3,2,1,149,1,0,0,2,1,66,5,2,1,149,1,0,1,0,1,121,8,4,2,298,2,0,1,2,2,440
SL050,34053838031,555,31,16,23,1024,5,1,23,12,2,663,52,15,11,1216,9,3,29,9,1,1218,83,31,34,2240,14,4,52,21,3,3700
SL050,34053838032,334,27,19,16,639,16,2,3,6,1,383,36,10,3,721,10,2,12,10,0,717,63,29,19,1360,26,4,15,16,1,2250
SL050,34053838033,23,1,4,2,181,2,0,2,2,2,23,1,3,3,203,0,0,4,0,1,46,2,7,5,384,2,0,6,2,3,457
SL050,34053838034,46,2,3,0,124,1,0,1,0,0,40,3,0,0,137,1,0,2,0,1,86,5,3,0,261,2,0,3,0,1,361
SL050,34053838035,2248,123,89,71,1270,15,46,73,21,4,2294,147,59,25,1452,10,19,63,38,4,4542,270,148,96,2722,25,65,136,59,8,8071
SL050,34053838036,257,20,9,17,370,1,0,7,2,1,266,21,10,9,436,2,2,6,3,0,523,41,19,26,806,3,2,13,5,1,1439
SL050,34053838037,153,12,27,10,810,5,7,20,4,1,110,11,12,4,1033,4,0,21,6,0,263,23,39,14,1843,9,7,41,10,1,2250
SL050,34053838038,1908,208,463,519,9548,108,257,286,314,14,1810,276,297,266,12272,115,262,317,479,14,3718,484,760,785,21820,223,519,603,793,28,29733
SL050,34053838039,325,29,6,13,719,2,6,10,5,2,360,32,7,10,793,15,2,16,14,0,685,61,13,23,1512,17,8,26,19,2,2366
SL050,34053838040,1431,243,81,7,529,7,32,31,10,0,1504,300,33,6,582,10,20,42,13,0,2935,543,114,13,1111,17,52,73,23,0,4881
SL050,34053838041,232,7,7,3,189,4,1,4,5,1,235,20,6,1,219,10,0,8,4,2,467,27,13,4,408,14,1,12,9,3,958
SL050,34053838042,161,11,6,2,129,0,0,1,2,0,142,11,3,0,120,0,0,1,6,0,303,22,9,2,249,0,0,2,8,0,595
SL050,34053838043,272,16,16,11,479,9,1,23,2,1,271,24,12,14,615,4,2,36,6,0,543,40,28,25,1094,13,3,59,8,1,1814
SL050,34053838044,32,10,6,3,119,0,0,1,0,0,40,5,0,4,144,0,0,1,0,0,72,15,6,7,263,0,0,2,0,0,365
SL050,34053838045,226,11,1,4,89,2,2,0,0,0,225,11,3,1,119,1,0,3,2,0,451,22,4,5,208,3,2,3,2,0,700
SL050,34053838046,79,7,6,11,254,3,0,11,2,3,78,9,6,6,290,7,0,11,2,1,157,16,12,17,544,10,0,22,4,4,786
SL050,34053838047,217,16,3,0,65,3,1,0,0,2,248,17,1,0,76,2,0,0,1,1,465,33,4,0,141,5,1,0,1,3,653
SL050,34053838048,99,10,12,8,277,1,0,0,4,0,99,14,4,4,364,2,0,4,1,0,198,24,16,12,641,3,0,4,5,0,903
SL050,34053838049,536,19,10,3,205,6,4,4,1,0,599,24,5,0,244,6,2,4,3,0,1135,43,15,3,449,12,6,8,4,0,1675
SL050,34053838050,82,7,13,20,65,0,0,1,1,0,72,4,1,1,74,0,0,1,0,0,154,11,14,21,139,0,0,2,1,0,342
SL050,34053838051,82,6,7,3,241,2,0,3,0,0,79,8,3,3,257,3,0,9,4,0,161,14,10,6,498,5,0,12,4,0,710
SL050,34053838052,51,7,3,1,58,0,0,0,3,0,51,7,1,1,65,1,0,1,1,0,102,14,4,2,123,1,0,1,4,0,251
SL050,34053838053,131,1,3,3,214,0,0,0,1,0,143,5,2,2,280,0,2,1,4,0,274,6,5,5,494,0,2,1,5,0,792
SL050,34053838901,67,2,2,0,178,0,0,0,2,0,58,0,0,0,175,0,0,0,0,0,125,2,2,0,353,0,0,0,2,0,484
SL050,34063939001,18,3,2,2,17,1,0,0,0,2,25,3,9,0,27,2,0,0,0,2,43,6,11,2,44,3,0,0,0,4,113
SL050,34063939002,41,2,1,0,41,2,2,1,1,1,37,7,0,0,70,2,1,1,2,1,78,9,1,0,111,4,3,2,3,2,213
SL050,34063939003,1,0,0,0,0,0,0,0,0,0,0,0,0,0,0,0,0,0,0,0,1,0,0,0,0,0,0,0,0,0,1
SL050,34063939004,6,1,3,0,8,0,0,0,0,1,4,4,4,0,15,0,0,0,0,0,10,5,7,0,23,0,0,0,0,1,46
SL050,34063939005,14,8,1,1,17,1,0,0,1,0,15,11,2,1,20,0,0,0,0,1,29,19,3,2,37,1,0,0,1,1,93
SL050,34063939006,8,5,4,0,41,0,1,0,0,0,10,1,4,2,71,0,0,0,0,0,18,6,8,2,112,0,1,0,0,0,147
SL050,34063939007,1,1,0,0,3,0,0,0,0,0,5,2,1,0,3,1,0,0,0,0,6,3,1,0,6,1,0,0,0,0,17
SL050,34063939008,212,61,30,102,285,7,5,13,0,1,168,86,9,39,492,4,3,21,4,2,380,147,39,141,777,11,8,34,4,3,1544
SL050,34063939009,51,10,9,18,67,3,0,5,0,3,45,7,4,6,87,1,1,2,0,0,96,17,13,24,154,4,1,7,0,3,319
SL050,34063939010,5,0,2,0,2,0,0,0,0,0,4,2,2,0,6,0,0,0,0,0,9,2,4,0,8,0,0,0,0,0,23
SL050,34063939011,24,6,4,0,42,0,1,1,3,0,36,7,2,0,54,0,0,0,3,1,60,13,6,0,96,0,1,1,6,1,184
SL050,34063939012,59,5,7,5,74,2,2,8,3,3,60,29,9,5,106,4,0,13,5,0,119,34,16,10,180,6,2,21,8,3,399
SL050,34063939013,9,1,0,0,2,0,0,0,0,0,6,1,1,0,3,0,0,0,2,0,15,2,1,0,5,0,0,0,2,0,25
SL050,34063939014,5,1,0,1,6,1,0,0,0,1,5,0,0,0,9,1,0,0,0,0,10,1,0,1,15,2,0,0,0,1,30
SL050,34063939015,3,3,0,0,14,0,0,0,0,0,6,4,0,0,18,1,0,0,0,0,9,7,0,0,32,1,0,0,0,0,49
SL050,34063939016,235,112,34,32,418,6,23,34,4,2,214,122,13,21,695,16,4,40,7,5,449,234,47,53,1113,22,27,74,11,7,2037
SL050,34063939017,5,2,7,0,1,0,0,0,0,0,11,1,2,0,1,0,0,0,0,0,16,3,9,0,2,0,0,0,0,0,30
SL050,34063939018,50,24,22,4,48,2,0,1,1,0,45,25,15,4,85,2,1,1,1,0,95,49,37,8,133,4,1,2,2,0,331
SL050,34063939019,20,6,18,3,23,2,0,0,1,1,23,6,12,0,50,1,0,0,0,0,43,12,30,3,73,3,0,0,1,1,166
SL050,34063939020,633,60,65,25,661,8,21,31,8,3,557,93,68,14,1181,19,5,47,11,3,1190,153,133,39,1842,27,26,78,19,6,3513
SL050,34063939021,1,0,0,0,0,0,0,0,0,0,3,0,1,0,0,0,0,1,0,0,4,0,1,0,0,0,0,1,0,0,6
SL050,34063939022,50,12,1,0,38,2,0,0,0,0,55,16,1,0,45,1,0,0,0,0,105,28,2,0,83,3,0,0,0,0,221
SL050,34063939023,59,11,12,60,194,1,6,18,0,0,72,12,7,12,288,0,0,14,1,1,131,23,19,72,482,1,6,32,1,1,768
SL050,34063939024,42,2,8,10,25,5,0,0,3,1,40,7,6,2,33,3,0,1,2,0,82,9,14,12,58,8,0,1,5,1,190
SL050,34063939025,144,29,70,4,59,5,3,6,1,2,132,26,38,2,96,4,2,10,0,0,276,55,108,6,155,9,5,16,1,2,633
SL050,34063939026,6,1,10,0,16,0,0,0,0,0,18,0,11,0,24,0,0,0,0,0,24,1,21,0,40,0,0,0,0,0,86
SL050,34063939027,23,4,11,1,13,0,0,0,0,0,19,5,10,0,43,0,0,0,0,0,42,9,21,1,56,0,0,0,0,0,129
SL050,34063939028,41,19,4,4,89,3,0,1,1,1,32,26,3,3,128,2,0,4,0,1,73,45,7,7,217,5,0,5,1,2,362
SL050,34063939029,9,0,9,0,10,0,0,0,0,0,11,1,12,0,14,2,1,1,1,0,20,1,21,0,24,2,1,1,1,0,71
SL050,34063939030,20,11,1,1,29,1,1,1,0,0,22,8,0,1,40,0,0,1,0,0,42,19,1,2,69,1,1,2,0,0,137
SL050,34063939031,20,2,0,0,22,0,0,0,0,1,14,2,1,0,29,0,0,0,1,2,34,4,1,0,51,0,0,0,1,3,94
SL050,34063939032,7,1,0,0,6,0,0,0,1,0,4,2,1,0,9,1,0,0,0,0,11,3,1,0,15,1,0,0,1,0,32
SL050,34063939033,2,0,1,0,4,0,0,0,0,0,3,1,0,0,15,0,0,0,0,0,5,1,1,0,19,0,0,0,0,0,26
SL050,34063939034,2,0,0,0,0,0,0,0,0,0,2,0,1,0,0,0,0,0,0,0,4,0,1,0,0,0,0,0,0,0,5
SL050,34063939035,110,17,20,14,203,1,8,11,3,4,124,20,18,12,302,2,3,19,3,3,234,37,38,26,505,3,11,30,6,7,897
SL050,34063939036,12,1,0,1,6,0,0,1,0,1,12,2,0,1,12,0,0,0,1,1,24,3,0,2,18,0,0,1,1,2,51
SL050,34063939037,17,3,0,1,34,4,0,0,0,0,17,7,0,0,61,4,0,1,1,0,34,10,0,1,95,8,0,1,1,0,150
SL050,34063939038,26,4,5,1,22,0,1,0,0,0,12,7,4,1,28,0,1,3,2,0,38,11,9,2,50,0,2,3,2,0,117
SL050,34063939039,2,0,5,0,3,0,0,0,0,0,3,0,2,0,4,0,0,0,0,0,5,0,7,0,7,0,0,0,0,0,19
SL050,34063939040,27,5,7,2,61,0,0,1,1,1,44,6,5,1,99,2,0,1,0,2,71,11,12,3,160,2,0,2,1,3,265
SL050,34063939041,20,2,0,0,5,0,1,1,0,1,7,4,0,2,17,1,0,1,0,0,27,6,0,2,22,1,1,2,0,1,62
SL050,34063939042,50,23,2,3,144,1,4,4,0,0,55,30,3,4,222,2,0,6,2,1,105,53,5,7,366,3,4,10,2,1,556
SL050,34063939043,27,7,11,5,30,0,0,1,2,1,22,6,9,0,50,0,0,0,1,1,49,13,20,5,80,0,0,1,3,2,173
SL050,34063939044,52,18,10,2,48,2,0,0,0,2,59,21,5,4,74,4,0,0,1,0,111,39,15,6,122,6,0,0,1,2,302
SL050,34063939045,5,0,1,0,1,0,0,0,0,0,2,0,1,0,4,1,0,0,0,0,7,0,2,0,5,1,0,0,0,0,15
SL050,34063939046,9,0,16,0,7,0,0,0,0,0,11,3,9,0,12,1,0,0,0,0,20,3,25,0,19,1,0,0,0,0,68
SL050,34063939047,34,10,8,2,75,2,6,0,0,1,38,10,3,3,94,0,3,1,0,1,72,20,11,5,169,2,9,1,0,2,291
SL050,34063939048,12,1,1,0,16,0,0,0,1,0,11,0,1,1,34,4,0,0,1,0,23,1,2,1,50,4,0,0,2,0,83
SL050,34063939049,2,0,0,0,5,1,0,0,0,0,0,0,1,0,6,3,0,0,0,0,2,0,1,0,11,4,0,0,0,0,18
SL050,34063939050,2,1,0,0,3,0,0,0,0,0,3,1,0,0,3,0,0,0,0,0,5,2,0,0,6,0,0,0,0,0,13
SL050,34063939052,259,96,59,23,306,22,4,7,5,4,247,108,35,11,538,40,1,20,8,4,506,204,94,34,844,62,5,27,13,8,1797
SL050,34063939053,2,0,0,1,1,0,0,0,0,0,0,0,0,0,2,0,0,0,0,0,2,0,0,1,3,0,0,0,0,0,6
SL050,34063939054,44,12,11,9,56,1,0,2,1,3,31,22,7,5,95,1,2,3,0,0,75,34,18,14,151,2,2,5,1,3,305
SL050,34063939055,22,7,5,1,53,1,0,3,0,0,21,6,1,0,68,4,0,1,0,0,43,13,6,1,121,5,0,4,0,0,193
SL050,34063939056,12,6,0,3,22,10,0,2,3,0,15,4,1,1,25,0,0,4,1,0,27,10,1,4,47,10,0,6,4,0,109
SL050,34063939057,31,3,2,0,41,2,0,2,1,0,31,1,2,0,72,0,0,1,0,0,62,4,4,0,113,2,0,3,1,0,189
SL050,34063939058,11,2,0,0,14,0,0,0,0,0,5,5,0,0,12,0,0,0,1,0,16,7,0,0,26,0,0,0,1,0,50
SL050,34063939059,78,13,25,1,72,1,0,8,1,0,88,19,25,0,138,4,0,10,2,0,166,32,50,1,210,5,0,18,3,0,485
SL050,34063939060,45,25,6,4,53,2,0,2,5,1,39,14,14,0,93,6,1,5,2,0,84,39,20,4,146,8,1,7,7,1,317
SL050,34063939061,71,14,5,7,68,8,4,1,4,2,75,12,6,5,133,11,1,2,2,1,146,26,11,12,201,19,5,3,6,3,432
SL050,34063939062,25,4,3,0,29,1,0,1,0,1,16,2,0,1,39,0,8,1,7,0,41,6,3,1,68,1,8,2,7,1,138
SL050,34063939063,4,0,0,1,5,4,0,0,0,0,3,1,0,0,13,3,0,0,0,0,7,1,0,1,18,7,0,0,0,0,34
SL050,34063939064,10,5,2,3,17,1,0,0,0,0,9,6,3,2,27,3,0,1,0,0,19,11,5,5,44,4,0,1,0,0,89
SL050,34063939065,3,0,0,0,0,0,0,0,0,0,1,0,0,0,1,0,0,0,0,0,4,0,0,0,1,0,0,0,0,0,5
SL050,34063939066,10,0,0,2,10,2,1,0,0,0,7,0,1,1,15,1,0,2,0,0,17,0,1,3,25,3,1,2,0,0,52
SL050,34063939067,7,0,0,0,3,0,0,0,0,0,7,1,1,1,4,1,0,0,0,0,14,1,1,1,7,1,0,0,0,0,25
SL050,34063939068,11,2,0,0,3,1,0,0,0,1,15,3,2,0,9,1,0,3,1,1,26,5,2,0,12,2,0,3,1,2,53
SL050,34063939069,20,2,5,1,6,0,0,0,2,0,8,1,5,0,17,1,0,0,2,0,28,3,10,1,23,1,0,0,4,0,70
SL050,34063939070,0,0,0,0,0,0,0,0,0,0,1,0,0,0,0,0,0,0,0,0,1,0,0,0,0,0,0,0,0,0,1
SL050,34063939071,2,0,0,0,2,0,0,0,0,0,2,0,0,0,1,0,0,0,0,0,4,0,0,0,3,0,0,0,0,0,7
SL050,34063939072,1,2,0,1,2,1,0,0,0,0,1,0,0,0,0,1,0,0,0,0,2,2,0,1,2,2,0,0,0,0,9
SL050,34063939073,95,43,19,7,167,5,1,18,4,1,93,67,10,2,286,3,0,18,8,1,188,110,29,9,453,8,1,36,12,2,848
SL050,34063939074,197,15,20,8,102,3,4,4,1,2,111,18,15,2,159,3,2,7,1,0,308,33,35,10,261,6,6,11,2,2,674
SL050,34063939075,1588,1146,384,579,4900,99,127,257,110,19,1672,1433,213,332,6901,105,42,288,141,18,3260,2579,597,911,11801,204,169,545,251,37,20354
SL050,34063939076,34,2,2,5,29,7,0,0,1,3,24,5,2,3,39,1,3,2,0,0,58,7,4,8,68,8,3,2,1,3,162
SL050,34063939077,0,0,1,0,1,0,0,0,0,0,1,0,0,0,3,0,0,0,0,0,1,0,1,0,4,0,0,0,0,0,6
SL050,34063939078,11,1,3,1,5,0,0,0,0,2,8,0,0,0,16,0,0,0,1,1,19,1,3,1,21,0,0,0,1,3,49
SL050,34063939079,96,31,7,60,266,6,10,23,4,3,69,32,11,7,348,9,2,23,3,1,165,63,18,67,614,15,12,46,7,4,1011
SL050,34063939080,21,2,10,5,60,2,0,4,2,0,30,5,7,4,98,2,0,3,4,1,51,7,17,9,158,4,0,7,6,1,260
SL050,34063939081,2,0,0,0,3,0,0,0,0,0,3,0,0,1,6,1,0,0,0,0,5,0,0,1,9,1,0,0,0,0,16
SL050,34063939082,5,1,0,1,11,0,0,0,0,0,9,3,0,0,14,0,0,1,0,1,14,4,0,1,25,0,0,1,0,1,46
SL050,34063939083,1,0,0,0,7,0,0,0,0,0,1,0,0,0,12,0,0,0,0,0,2,0,0,0,19,0,0,0,0,0,21
SL050,34063939084,4,3,14,1,19,0,2,1,0,0,6,1,3,0,19,0,2,0,0,0,10,4,17,1,38,0,4,1,0,0,75
SL050,34063939085,101,11,15,5,105,3,0,4,2,8,100,14,15,6,153,4,0,7,3,6,201,25,30,11,258,7,0,11,5,14,562
SL050,34063939086,2,1,1,2,3,0,0,0,0,0,2,1,0,1,3,0,0,0,0,0,4,2,1,3,6,0,0,0,0,0,16
SL050,34063939087,434,170,377,218,825,12,42,69,59,12,425,226,269,90,1265,17,9,77,34,6,859,396,646,308,2090,29,51,146,93,18,4636
SL050,34063939088,1,0,0,0,2,0,0,0,0,0,0,0,0,0,0,0,0,0,0,0,1,0,0,0,2,0,0,0,0,0,3
SL050,34063939089,0,0,0,0,1,0,0,0,0,0,1,0,0,0,0,0,0,0,0,0,1,0,0,0,1,0,0,0,0,0,2
SL050,34063939090,4,1,1,0,3,2,0,0,0,0,3,0,1,0,6,0,0,0,0,1,7,1,2,0,9,2,0,0,0,1,22
SL050,34063939091,11,1,2,0,9,2,0,0,0,0,12,2,1,0,16,1,0,0,0,0,23,3,3,0,25,3,0,0,0,0,57
SL050,34063939092,9,1,0,0,2,0,0,0,0,0,7,1,0,0,11,0,0,0,0,0,16,2,0,0,13,0,0,0,0,0,31
SL050,34063939093,4,0,3,0,0,0,0,0,0,0,4,0,2,0,3,0,0,0,0,0,8,0,5,0,3,0,0,0,0,0,16
SL050,34063939094,26,2,6,1,3,1,0,0,0,0,16,3,1,0,10,0,0,1,0,0,42,5,7,1,13,1,0,1,0,0,70
SL050,34063939095,23,4,2,2,43,0,4,3,1,0,31,6,2,1,55,0,0,7,0,0,54,10,4,3,98,0,4,10,1,0,184
SL050,34063939096,3,0,0,2,6,0,0,0,0,0,4,2,0,1,8,0,0,0,0,0,7,2,0,3,14,0,0,0,0,0,26
SL050,34063939097,6,0,0,0,2,0,0,0,0,0,3,0,0,0,2,1,0,0,0,0,9,0,0,0,4,1,0,0,0,0,14
SL050,34063939098,11,0,0,0,14,0,1,0,0,0,8,1,0,0,20,0,0,0,0,0,19,1,0,0,34,0,1,0,0,0,55
SL050,34063939099,25,10,3,2,20,1,0,0,1,0,33,10,0,1,50,1,0,3,0,0,58,20,3,3,70,2,0,3,1,0,160
SL050,34063939100,14,1,1,1,4,1,0,0,2,0,4,1,1,1,14,3,0,0,0,0,18,2,2,2,18,4,0,0,2,0,48
SL050,34063939101,6,0,0,0,1,0,0,0,0,0,4,2,0,0,2,0,0,0,0,0,10,2,0,0,3,0,0,0,0,0,15
SL050,34063939102,47,11,3,5,20,0,1,0,1,0,22,20,6,1,44,0,0,1,2,2,69,31,9,6,64,0,1,1,3,2,186
SL050,34074040001,8,0,3,0,4,0,0,0,0,0,4,0,3,0,11,0,0,2,0,0,12,0,6,0,15,0,0,2,0,0,35
SL050,34074040002,1,0,0,0,0,0,0,0,0,0,1,0,0,0,0,0,0,0,0,0,2,0,0,0,0,0,0,0,0,0,2
SL050,34074040003,4,0,0,0,0,0,0,0,0,0,2,0,0,0,0,0,0,0,0,0,6,0,0,0,0,0,0,0,0,0,6
SL050,34074040004,30,1,1,0,10,1,0,0,0,0,30,0,0,0,5,0,0,0,0,0,60,1,1,0,15,1,0,0,0,0,78
SL050,34074040007,0,0,0,0,1,0,0,0,0,0,0,0,0,0,2,0,0,0,0,0,0,0,0,0,3,0,0,0,0,0,3
SL050,34074040008,1,0,0,0,1,0,0,0,0,0,1,0,0,0,0,0,0,0,0,0,2,0,0,0,1,0,0,0,0,0,3
SL050,34074040009,2,0,0,0,0,0,0,0,0,0,0,0,0,0,0,0,0,0,0,0,2,0,0,0,0,0,0,0,0,0,2
SL050,34074040010,1,0,0,0,0,0,0,0,0,0,0,0,0,0,0,0,0,0,0,0,1,0,0,0,0,0,0,0,0,0,1
SL050,34074040012,5,0,0,0,2,0,0,0,0,0,7,0,0,0,4,0,0,0,2,0,12,0,0,0,6,0,0,0,2,0,20
SL050,34074040014,0,0,0,0,1,0,0,0,0,0,0,0,0,0,2,0,0,0,0,0,0,0,0,0,3,0,0,0,0,0,3
SL050,34074040015,1,0,0,0,0,0,0,0,0,0,1,0,0,0,0,0,0,0,0,0,2,0,0,0,0,0,0,0,0,0,2
SL050,34074040016,0,0,1,0,0,0,0,0,0,0,0,0,0,0,0,0,0,0,0,0,0,0,1,0,0,0,0,0,0,0,1
SL050,34074040017,8,0,7,0,0,0,0,0,0,0,8,0,5,0,4,0,0,0,0,0,16,0,12,0,4,0,0,0,0,0,32
SL050,34074040018,0,0,0,0,0,0,0,0,0,0,0,0,0,0,2,0,0,0,0,0,0,0,0,0,2,0,0,0,0,0,2
SL050,34074040019,0,0,0,0,0,0,0,0,0,0,1,0,0,0,3,0,0,0,0,0,1,0,0,0,3,0,0,0,0,0,4
SL050,34074040020,2,0,2,0,1,0,0,0,0,0,3,0,2,0,8,0,0,0,0,0,5,0,4,0,9,0,0,0,0,0,18
SL050,34074040022,0,0,8,0,0,0,0,0,0,0,2,0,3,0,0,0,0,0,0,0,2,0,11,0,0,0,0,0,0,0,13
SL050,34074040024,55,0,12,1,26,0,0,0,0,0,51,0,6,0,21,1,0,0,0,0,106,0,18,1,47,1,0,0,0,0,173
SL050,34074040025,2,0,11,0,0,0,0,0,0,0,0,0,7,0,4,0,0,0,0,0,2,0,18,0,4,0,0,0,0,0,24
SL050,34074040026,1,0,0,0,2,0,0,0,0,0,3,0,0,0,5,0,0,0,0,0,4,0,0,0,7,0,0,0,0,0,11
SL050,34074040028,3,0,0,0,2,0,0,0,0,0,5,0,0,0,0,0,0,0,0,0,8,0,0,0,2,0,0,0,0,0,10
SL050,34074040030,6,0,5,0,2,0,0,0,0,0,9,0,3,0,5,0,0,0,0,0,15,0,8,0,7,0,0,0,0,0,30
SL050,34074040031,21,1,8,0,9,2,0,0,1,0,16,1,7,1,10,0,0,0,0,0,37,2,15,1,19,2,0,0,1,0,77
SL050,34074040032,61,0,44,0,19,0,0,0,0,0,53,0,38,0,25,0,0,0,0,0,114,0,82,0,44,0,0,0,0,0,240
SL050,34074040033,2,0,1,0,1,0,0,0,0,0,2,1,3,0,1,0,0,0,0,0,4,1,4,0,2,0,0,0,0,0,11
SL050,34074040034,0,0,1,0,2,0,0,0,0,0,0,0,0,0,2,0,0,0,0,0,0,0,1,0,4,0,0,0,0,0,5
SL050,34074040035,3,0,3,0,3,0,0,0,0,0,3,0,1,0,3,0,0,1,0,0,6,0,4,0,6,0,0,1,0,0,17
SL050,34074040036,13,0,27,4,7,0,0,0,0,0,13,0,23,4,8,0,0,1,0,0,26,0,50,8,15,0,0,1,0,0,100
SL050,34074040037,0,0,0,0,0,0,0,0,0,0,0,0,0,0,1,0,0,0,0,0,0,0,0,0,1,0,0,0,0,0,1
SL050,34074040039,12,0,3,0,2,0,0,0,0,0,15,0,2,0,3,0,0,0,0,0,27,0,5,0,5,0,0,0,0,0,37
SL050,34074040040,96,2,108,0,72,0,0,1,0,1,115,4,82,1,109,0,0,1,0,0,211,6,190,1,181,0,0,2,0,1,592
SL050,34074040041,59,0,13,0,20,0,0,0,0,1,39,0,10,0,23,0,0,1,0,0,98,0,23,0,43,0,0,1,0,1,166
SL050,34074040043,163,0,2,25,16,0,0,5,0,0,146,2,2,6,20,0,0,2,0,0,309,2,4,31,36,0,0,7,0,0,389
SL050,34074040044,0,1,0,0,1,0,0,0,0,0,0,0,0,0,5,0,0,0,0,0,0,1,0,0,6,0,0,0,0,0,7
SL050,34074040045,0,1,7,0,10,0,0,0,0,0,1,0,10,0,4,0,0,0,0,0,1,1,17,0,14,0,0,0,0,0,33
SL050,34074040046,5,0,7,0,5,0,0,0,0,0,5,1,4,0,11,0,0,0,0,0,10,1,11,0,16,0,0,0,0,0,38
SL050,34074040048,0,0,0,0,0,0,0,0,0,0,0,0,0,0,1,0,0,0,0,0,0,0,0,0,1,0,0,0,0,0,1
SL050,34074040051,0,1,3,0,1,0,0,0,0,0,1,0,0,0,3,0,0,0,0,0,1,1,3,0,4,0,0,0,0,0,9
SL050,34074040052,3,0,1,0,1,0,0,0,0,0,4,0,1,0,4,0,0,0,0,0,7,0,2,0,5,0,0,0,0,0,14
SL050,34074040053,2,0,9,0,0,0,0,0,0,0,2,0,9,0,0,0,0,0,0,0,4,0,18,0,0,0,0,0,0,0,22
SL050,34074040054,7,0,1,0,0,0,0,0,0,0,9,0,2,0,4,0,0,0,0,0,16,0,3,0,4,0,0,0,0,0,23
SL050,34074040056,0,0,0,0,0,0,0,0,0,0,1,0,0,0,0,0,0,0,0,0,1,0,0,0,0,0,0,0,0,0,1
SL050,34074040057,52,0,3,5,9,0,0,0,0,0,58,0,3,0,16,1,0,0,0,0,110,0,6,5,25,1,0,0,0,0,147
SL050,34074040058,0,0,0,0,0,0,0,0,0,0,0,0,0,0,2,0,0,0,0,0,0,0,0,0,2,0,0,0,0,0,2
SL050,34074040059,1,0,0,0,2,0,0,0,0,0,0,0,0,0,2,0,0,0,0,0,1,0,0,0,4,0,0,0,0,0,5
SL050,34074040060,4,1,1,0,0,0,0,0,0,0,2,1,1,0,0,0,0,0,0,0,6,2,2,0,0,0,0,0,0,0,10
SL050,34074040061,3,0,1,0,0,0,0,0,0,0,4,0,1,0,0,0,0,0,0,0,7,0,2,0,0,0,0,0,0,0,9
SL050,34074040062,4,0,0,1,0,0,0,0,0,0,4,1,0,0,1,0,0,0,0,0,8,1,0,1,1,0,0,0,0,0,11
SL050,34074040063,530,10,47,11,70,2,2,5,0,0,538,4,28,2,109,1,1,6,1,0,1068,14,75,13,179,3,3,11,1,0,1367
SL050,34074040065,84,0,0,0,4,0,0,0,0,0,126,0,0,0,12,0,0,0,0,0,210,0,0,0,16,0,0,0,0,0,226
SL050,34074040069,2,0,0,0,0,0,0,0,0,0,1,0,0,0,1,0,0,0,0,0,3,0,0,0,1,0,0,0,0,0,4
SL050,34074040070,8,0,0,0,3,0,0,0,0,0,6,0,0,0,5,0,0,0,0,0,14,0,0,0,8,0,0,0,0,0,22
SL050,34074040071,0,0,0,0,1,0,0,0,0,0,0,0,0,0,2,0,0,0,0,0,0,0,0,0,3,0,0,0,0,0,3
SL050,34074040072,2,0,0,0,5,0,0,1,0,0,3,0,0,0,5,0,0,0,0,0,5,0,0,0,10,0,0,1,0,0,16
SL050,34074040073,24,0,1,1,1,0,0,0,0,0,28,0,1,0,4,0,0,0,0,0,52,0,2,1,5,0,0,0,0,0,60
SL050,34074040074,8,0,0,1,0,0,0,0,0,0,8,0,0,0,1,0,0,0,0,0,16,0,0,1,1,0,0,0,0,0,18
SL050,34074040075,1,0,0,0,0,0,0,0,0,0,3,0,0,0,2,0,0,0,0,0,4,0,0,0,2,0,0,0,0,0,6
SL050,34074040076,193,63,114,7,163,11,0,12,4,0,189,73,94,3,245,7,1,8,3,0,382,136,208,10,408,18,1,20,7,0,1190
SL050,34074040077,28,4,5,0,37,0,0,3,0,0,24,8,7,0,41,1,0,3,0,0,52,12,12,0,78,1,0,6,0,0,161
SL050,34074040078,3,1,0,0,0,0,0,0,0,0,5,0,0,0,0,0,0,0,0,0,8,1,0,0,0,0,0,0,0,0,9
SL050,34074040079,3,0,3,0,2,0,0,0,0,0,4,0,3,0,4,0,0,0,0,0,7,0,6,0,6,0,0,0,0,0,19
SL050,34074040080,3,0,1,0,0,0,0,0,0,0,5,1,0,0,1,0,0,0,0,0,8,1,1,0,1,0,0,0,0,0,11
SL050,34074040082,1,0,0,1,0,0,0,0,0,0,2,0,0,0,1,0,0,0,0,0,3,0,0,1,1,0,0,0,0,0,5
SL050,34074040083,27,0,0,0,2,0,0,0,0,0,63,0,0,0,1,0,0,0,0,0,90,0,0,0,3,0,0,0,0,0,93
SL050,34074040086,28,0,1,0,7,0,0,0,0,0,26,0,2,0,5,0,0,0,0,0,54,0,3,0,12,0,0,0,0,0,69
SL050,34074040087,0,0,0,0,5,0,0,0,0,0,1,0,0,0,3,0,0,0,0,0,1,0,0,0,8,0,0,0,0,0,9
SL050,34074040088,4,0,12,0,5,1,0,0,0,0,4,0,7,0,16,0,0,0,0,0,8,0,19,0,21,1,0,0,0,0,49
SL050,34074040089,2,0,0,0,1,0,0,0,0,0,3,0,1,0,4,0,0,0,0,0,5,0,1,0,5,0,0,0,0,0,11
SL050,34074040091,1,0,0,0,0,0,0,0,0,0,2,0,0,0,1,0,0,0,0,0,3,0,0,0,1,0,0,0,0,0,4
SL050,34074040092,17,0,0,0,0,0,0,0,0,0,6,0,0,0,1,0,0,0,0,0,23,0,0,0,1,0,0,0,0,0,24
SL050,34074040093,2,0,2,0,1,0,0,0,0,0,0,0,3,0,2,0,0,0,0,0,2,0,5,0,3,0,0,0,0,0,10
SL050,34074040094,6,0,2,4,5,0,0,0,0,0,7,0,0,1,11,0,0,0,0,0,13,0,2,5,16,0,0,0,0,0,36
SL050,34074040095,61,0,1,19,14,0,0,0,0,0,53,0,0,0,12,0,0,0,0,0,114,0,1,19,26,0,0,0,0,0,160
SL050,34074040097,23,0,10,0,5,0,0,0,0,0,16,0,5,0,6,0,0,0,0,0,39,0,15,0,11,0,0,0,0,0,65
SL050,34074040099,0,0,3,0,0,0,0,0,0,0,0,0,1,0,0,0,0,0,0,0,0,0,4,0,0,0,0,0,0,0,4
SL050,34074040100,4,0,0,1,2,0,0,0,0,0,2,0,1,0,5,0,0,0,0,0,6,0,1,1,7,0,0,0,0,0,15
SL050,34074040101,40,2,6,1,23,0,0,0,1,0,40,1,9,1,26,2,0,0,0,1,80,3,15,2,49,2,0,0,1,1,153
SL050,34074040103,0,1,0,0,1,0,0,0,0,0,1,0,0,0,4,0,0,0,0,0,1,1,0,0,5,0,0,0,0,0,7
SL050,34074040104,7,1,4,0,6,1,0,0,0,0,16,1,6,0,9,1,0,0,0,0,23,2,10,0,15,2,0,0,0,0,52
SL050,34074040105,0,0,0,0,0,0,0,0,0,0,0,0,0,0,1,0,0,0,0,0,0,0,0,0,1,0,0,0,0,0,1
SL050,34074040106,4,0,0,0,1,0,0,0,0,0,5,0,0,0,2,0,0,0,0,0,9,0,0,0,3,0,0,0,0,0,12
SL050,34074040107,7,0,1,0,0,0,0,0,0,0,10,0,0,0,1,0,0,0,0,0,17,0,1,0,1,0,0,0,0,0,19
SL050,34074040109,0,0,4,0,0,0,0,0,0,0,0,0,1,0,0,0,0,0,0,0,0,0,5,0,0,0,0,0,0,0,5
SL050,34074040110,5,0,0,0,4,0,0,0,0,2,5,0,0,0,1,0,0,0,0,0,10,0,0,0,5,0,0,0,0,2,17
SL050,34074040111,1,0,3,0,1,0,0,0,0,0,0,0,3,0,1,0,0,0,0,0,1,0,6,0,2,0,0,0,0,0,9
SL050,34074040112,85,3,32,1,50,0,0,4,0,0,80,8,23,1,94,2,0,7,0,0,165,11,55,2,144,2,0,11,0,0,390
SL050,34074040113,9,0,2,1,5,0,0,0,0,0,7,0,1,0,9,2,0,0,1,0,16,0,3,1,14,2,0,0,1,0,37
SL050,34074040115,1,0,3,0,0,0,0,0,0,0,1,0,2,0,0,1,0,0,0,0,2,0,5,0,0,1,0,0,0,0,8
SL050,34074040119,11,0,0,0,3,0,0,0,1,0,9,0,0,0,0,0,0,0,0,0,20,0,0,0,3,0,0,0,1,0,24
SL050,34074040120,2,0,0,0,0,0,0,0,0,0,3,0,0,0,3,1,0,0,0,0,5,0,0,0,3,1,0,0,0,0,9
SL050,34074040121,4,0,2,0,3,0,0,0,0,0,7,0,0,0,2,0,0,0,0,0,11,0,2,0,5,0,0,0,0,0,18
SL050,34074040122,15,0,4,0,13,1,0,0,0,0,21,1,1,0,11,0,0,0,0,0,36,1,5,0,24,1,0,0,0,0,67
SL050,34074040123,0,0,10,1,3,0,0,0,0,0,0,0,4,0,9,0,0,0,0,0,0,0,14,1,12,0,0,0,0,0,27
SL050,34074040124,4,0,0,0,0,0,0,0,0,0,5,0,0,0,0,0,0,0,0,0,9,0,0,0,0,0,0,0,0,0,9
SL050,34074040125,2,0,0,0,0,0,0,0,0,0,3,0,0,0,1,0,0,0,0,0,5,0,0,0,1,0,0,0,0,0,6
SL050,34074040126,0,0,0,0,1,0,0,0,0,0,0,0,0,0,1,0,0,0,0,0,0,0,0,0,2,0,0,0,0,0,2
SL050,34074040128,1,0,2,0,1,0,0,0,0,0,0,0,2,0,2,0,0,0,0,0,1,0,4,0,3,0,0,0,0,0,8
SL050,34074040129,1,0,0,0,0,0,0,0,0,0,2,0,0,0,3,0,0,0,0,0,3,0,0,0,3,0,0,0,0,0,6
SL050,34074040130,1,0,2,0,0,0,0,0,0,0,0,0,2,0,0,0,0,0,0,0,1,0,4,0,0,0,0,0,0,0,5
SL050,34074040131,2,0,1,0,0,0,0,0,0,0,1,0,1,0,0,0,0,0,0,0,3,0,2,0,0,0,0,0,0,0,5
SL050,34074040134,42,0,1,42,4,0,0,0,0,0,47,0,1,1,5,2,0,0,0,0,89,0,2,43,9,2,0,0,0,0,145
SL050,34074040135,2,1,3,0,1,0,0,0,3,0,2,0,1,0,1,1,0,0,2,0,4,1,4,0,2,1,0,0,5,0,17
SL050,34074040136,9,0,0,0,2,0,0,0,0,0,11,0,0,0,3,0,0,0,1,0,20,0,0,0,5,0,0,0,1,0,26
SL050,34074040138,120,1,7,5,36,0,0,3,0,0,129,0,4,1,44,1,1,4,0,0,249,1,11,6,80,1,1,7,0,0,356
SL050,34074040139,1,0,0,0,0,0,0,0,0,0,7,0,2,0,3,0,0,0,0,0,8,0,2,0,3,0,0,0,0,0,13
SL050,34074040140,8,0,0,0,4,1,0,0,0,0,6,0,0,0,4,0,0,0,0,0,14,0,0,0,8,1,0,0,0,0,23
SL050,34074040141,38,1,3,5,6,0,0,0,0,0,57,0,0,0,6,0,0,0,0,0,95,1,3,5,12,0,0,0,0,0,116
SL050,34074040143,1,0,0,0,0,0,0,0,0,0,0,0,0,0,0,0,0,0,0,0,1,0,0,0,0,0,0,0,0,0,1
SL050,34074040144,0,0,2,0,1,0,0,0,0,0,0,0,2,0,1,0,0,0,0,0,0,0,4,0,2,0,0,0,0,0,6
SL050,34074040145,40,0,0,0,8,0,0,0,0,0,30,0,1,0,11,0,0,0,0,0,70,0,1,0,19,0,0,0,0,0,90
SL050,34074040146,14,0,2,0,9,0,0,0,0,0,10,0,2,0,19,0,0,0,0,0,24,0,4,0,28,0,0,0,0,0,56
SL050,34074040148,7,0,2,0,0,0,0,0,0,0,3,1,2,0,2,0,0,1,0,0,10,1,4,0,2,0,0,1,0,0,18
SL050,34074040149,7,0,0,0,2,0,0,0,0,0,14,0,0,0,0,0,0,0,0,0,21,0,0,0,2,0,0,0,0,0,23
SL050,34074040151,1,0,4,0,1,0,0,0,0,0,0,0,3,0,0,0,0,0,0,0,1,0,7,0,1,0,0,0,0,0,9
SL050,34074040152,11,0,11,0,12,0,0,0,0,0,14,1,12,0,12,0,0,1,0,0,25,1,23,0,24,0,0,1,0,0,74
SL050,34074040155,91,4,14,2,52,0,1,1,0,0,103,3,11,0,72,1,0,1,1,0,194,7,25,2,124,1,1,2,1,0,357
SL050,34074040156,4,0,1,1,6,0,0,0,2,0,7,0,2,0,11,1,0,0,3,0,11,0,3,1,17,1,0,0,5,0,38
SL050,34074040159,18,0,1,2,2,0,0,0,0,0,18,0,1,0,2,0,0,0,0,0,36,0,2,2,4,0,0,0,0,0,44
SL050,34074040160,0,0,0,0,1,0,0,0,0,0,0,0,0,0,0,0,0,0,0,0,0,0,0,0,1,0,0,0,0,0,1
SL050,34074040161,5,0,4,0,0,0,2,0,0,0,1,0,4,0,0,0,0,0,0,0,6,0,8,0,0,0,2,0,0,0,16
SL050,34074040162,6,0,18,2,7,0,0,0,1,0,11,0,20,0,17,0,0,0,0,0,17,0,38,2,24,0,0,0,1,0,82
SL050,34074040163,0,0,1,0,0,0,0,0,0,0,0,0,1,0,0,0,0,0,0,0,0,0,2,0,0,0,0,0,0,0,2
SL050,34074040164,0,0,0,0,1,0,1,0,0,0,0,0,0,0,5,0,7,0,0,0,0,0,0,0,6,0,8,0,0,0,14
SL050,34074040165,1,0,0,0,0,0,0,0,0,0,1,0,0,0,0,1,0,0,0,0,2,0,0,0,0,1,0,0,0,0,3
SL050,34074040166,11,0,1,0,0,0,0,0,0,0,6,0,0,0,0,0,0,0,0,0,17,0,1,0,0,0,0,0,0,0,18
SL050,34074040170,155,2,72,3,36,0,1,1,1,0,161,7,40,1,38,1,0,2,0,0,316,9,112,4,74,1,1,3,1,0,521
SL050,34074040171,0,0,0,0,2,0,0,0,0,0,0,0,0,0,1,0,0,0,0,0,0,0,0,0,3,0,0,0,0,0,3
SL050,34074040172,0,0,0,0,0,0,0,0,0,0,0,0,0,0,2,0,0,0,0,0,0,0,0,0,2,0,0,0,0,0,2
SL050,34074040173,4,0,0,0,8,0,0,0,0,0,5,0,0,0,11,0,0,0,0,0,9,0,0,0,19,0,0,0,0,0,28
SL050,34074040174,11,0,0,0,2,0,0,0,0,0,6,0,0,0,8,0,0,1,0,0,17,0,0,0,10,0,0,1,0,0,28
SL050,34074040176,20,0,0,0,2,0,0,0,0,0,17,0,1,1,4,0,0,0,0,0,37,0,1,1,6,0,0,0,0,0,45
SL050,34074040177,3,0,0,0,0,0,0,0,0,0,2,0,0,0,0,0,0,0,0,0,5,0,0,0,0,0,0,0,0,0,5
SL050,34074040179,68,0,1,6,12,1,2,0,0,0,74,1,0,1,22,0,0,0,0,0,142,1,1,7,34,1,2,0,0,0,188
SL050,34074040180,9,0,1,0,2,0,0,0,0,0,7,0,1,0,5,0,0,0,0,0,16,0,2,0,7,0,0,0,0,0,25
SL050,34074040181,48,6,45,4,58,1,0,2,0,0,56,12,35,1,74,9,0,3,0,0,104,18,80,5,132,10,0,5,0,0,354
SL050,34074040182,17,0,3,0,2,0,0,0,0,0,20,0,1,0,2,0,0,0,0,0,37,0,4,0,4,0,0,0,0,0,45
SL050,34074040183,0,0,1,0,1,0,0,0,0,0,2,0,0,0,1,0,0,0,0,0,2,0,1,0,2,0,0,0,0,0,5
SL050,34074040184,2,0,4,0,2,0,0,0,0,0,1,0,4,0,4,0,0,0,0,0,3,0,8,0,6,0,0,0,0,0,17
SL050,34074040185,31,2,12,1,7,0,0,0,0,0,30,2,9,0,7,0,0,0,0,0,61,4,21,1,14,0,0,0,0,0,101
SL050,34074040186,6,0,0,0,0,0,0,0,0,0,3,0,0,0,0,0,0,0,0,0,9,0,0,0,0,0,0,0,0,0,9
SL050,34074040188,2,0,0,0,0,1,0,0,0,0,4,1,0,0,0,0,0,0,0,0,6,1,0,0,0,1,0,0,0,0,8
SL050,34074040189,8,0,1,0,2,0,0,0,0,0,10,0,2,0,4,0,0,0,0,0,18,0,3,0,6,0,0,0,0,0,27
SL050,34074040190,1,0,0,0,0,0,0,0,0,0,0,0,0,0,1,0,0,0,1,0,1,0,0,0,1,0,0,0,1,0,3
SL050,34074040191,14,0,3,0,1,0,0,0,0,0,12,0,2,0,4,0,0,0,0,0,26,0,5,0,5,0,0,0,0,0,36
SL050,34074040192,0,0,0,0,1,0,0,0,0,0,0,0,0,0,0,0,0,0,0,0,0,0,0,0,1,0,0,0,0,0,1
SL050,34074040193,2,0,1,0,2,0,0,0,0,0,6,0,1,0,4,0,0,0,0,0,8,0,2,0,6,0,0,0,0,0,16
SL050,34074040194,1004,55,640,39,1098,28,40,46,27,0,1075,66,481,26,1755,44,28,57,29,2,2079,121,1121,65,2853,72,68,103,56,2,6540
SL050,34074040195,25,1,17,0,29,0,1,0,0,0,20,1,12,0,36,2,0,0,0,0,45,2,29,0,65,2,1,0,0,0,144
SL050,34074040196,0,0,1,0,0,0,0,0,0,0,0,0,0,0,0,0,0,0,0,0,0,0,1,0,0,0,0,0,0,0,1
SL050,34074040198,0,0,0,0,0,0,0,0,0,0,1,0,0,0,0,0,0,0,0,0,1,0,0,0,0,0,0,0,0,0,1
SL050,34074040199,1,0,0,0,0,0,0,0,0,0,1,0,0,0,0,1,0,0,0,0,2,0,0,0,0,1,0,0,0,0,3
SL050,34074040200,5,0,0,0,1,0,0,0,0,0,4,0,0,0,1,1,0,0,0,0,9,0,0,0,2,1,0,0,0,0,12
SL050,34074040201,1,0,0,0,0,0,0,0,0,0,1,0,0,0,1,0,0,0,0,0,2,0,0,0,1,0,0,0,0,0,3
SL050,34074040203,38,10,17,5,13,1,0,0,1,0,30,9,12,5,19,1,0,0,2,0,68,19,29,10,32,2,0,0,3,0,163
SL050,34074040204,13,0,0,0,0,0,0,0,0,0,18,0,0,0,0,0,0,0,0,0,31,0,0,0,0,0,0,0,0,0,31
SL050,34074040205,6,0,0,0,2,0,0,0,0,0,6,0,0,0,3,0,0,0,0,0,12,0,0,0,5,0,0,0,0,0,17
SL050,34074040206,1,0,0,0,0,0,0,0,0,0,0,0,0,0,4,1,0,0,0,0,1,0,0,0,4,1,0,0,0,0,6
SL050,34074040207,8,2,1,1,13,1,0,0,1,0,2,1,0,0,13,0,1,1,0,0,10,3,1,1,26,1,1,1,1,0,45
SL050,34074040208,25,1,3,0,51,0,0,0,0,0,20,0,2,0,84,2,0,0,0,0,45,1,5,0,135,2,0,0,0,0,188
SL050,34074040210,0,0,0,0,0,0,0,0,0,0,0,0,0,0,1,0,0,0,0,0,0,0,0,0,1,0,0,0,0,0,1
SL050,34074040211,2,0,0,0,2,0,0,0,0,0,2,0,0,0,1,0,0,0,0,0,4,0,0,0,3,0,0,0,0,0,7
SL050,34074040213,0,0,0,0,4,0,0,0,0,0,0,0,0,0,3,0,0,0,0,0,0,0,0,0,7,0,0,0,0,0,7
SL050,34074040214,12,0,0,0,4,0,0,0,0,0,7,0,0,0,1,0,0,0,0,0,19,0,0,0,5,0,0,0,0,0,24
SL050,34074040216,25,0,11,1,13,1,0,1,0,0,30,0,7,0,28,1,0,3,1,0,55,0,18,1,41,2,0,4,1,0,122
SL050,34074040219,24,0,2,0,15,0,0,0,0,0,20,0,1,0,7,0,0,0,0,0,44,0,3,0,22,0,0,0,0,0,69
SL050,34074040220,1,0,0,0,3,0,0,0,0,0,1,0,0,0,2,0,0,0,0,0,2,0,0,0,5,0,0,0,0,0,7
SL050,34074040221,0,0,0,0,0,0,0,0,0,0,0,0,0,0,1,0,0,0,0,0,0,0,0,0,1,0,0,0,0,0,1
SL050,34074040222,19,0,2,0,12,0,0,0,0,0,9,0,2,0,13,0,0,0,0,0,28,0,4,0,25,0,0,0,0,0,57
SL050,34074040223,7,0,5,0,5,0,0,0,0,0,5,1,3,0,6,0,0,0,0,0,12,1,8,0,11,0,0,0,0,0,32
SL050,34074040224,0,0,0,0,0,0,0,0,0,0,1,0,0,0,0,0,0,0,0,0,1,0,0,0,0,0,0,0,0,0,1
SL050,34074040225,66,1,29,0,15,0,0,2,0,0,57,0,18,0,33,0,0,1,0,0,123,1,47,0,48,0,0,3,0,0,222
SL050,34074040228,23,0,0,0,4,0,0,0,0,0,29,1,0,0,3,0,0,0,0,0,52,1,0,0,7,0,0,0,0,0,60
SL050,34074040230,4,0,1,0,1,0,0,0,0,0,3,0,2,0,0,0,0,0,0,0,7,0,3,0,1,0,0,0,0,0,11
SL050,34074040231,9,0,0,0,0,0,0,0,0,0,11,0,0,0,0,0,0,0,0,0,20,0,0,0,0,0,0,0,0,0,20
SL050,34074040233,1,3,8,0,9,0,0,0,0,0,3,1,6,0,17,0,0,0,0,0,4,4,14,0,26,0,0,0,0,0,48
SL050,34074040234,0,0,0,0,1,0,0,0,0,0,1,0,0,0,5,0,0,0,0,0,1,0,0,0,6,0,0,0,0,0,7
SL050,34074040901,6,0,1,0,6,0,0,0,0,0,4,0,1,0,7,0,0,0,0,0,10,0,2,0,13,0,0,0,0,0,25
SL050,34074040902,0,0,0,0,0,0,0,0,0,0,2,0,0,0,2,0,0,0,0,0,2,0,0,0,2,0,0,0,0,0,4
SL050,34074040903,4,0,0,3,0,0,0,0,0,0,5,0,0,1,2,0,0,0,0,0,9,0,0,4,2,0,0,0,0,0,15
SL050,34074040904,3,0,1,1,6,2,0,0,0,0,7,1,0,0,5,1,0,0,0,0,10,1,1,1,11,3,0,0,0,0,27
SL050,34074040905,0,0,0,0,0,0,0,0,0,0,0,0,0,0,1,0,0,0,0,0,0,0,0,0,1,0,0,0,0,0,1
SL050,34074040906,74,2,20,1,40,0,0,0,0,0,86,6,15,0,57,0,1,3,2,0,160,8,35,1,97,0,1,3,2,0,307
SL050,34014141001,39,1,5,0,7,1,0,0,0,0,42,1,3,0,18,0,0,1,0,0,81,2,8,0,25,1,0,1,0,0,118
SL050,34014141002,7,0,4,0,0,0,0,0,1,0,10,0,4,0,7,0,0,0,2,0,17,0,8,0,7,0,0,0,3,0,35
SL050,34014141003,22,1,13,1,10,1,0,4,0,0,17,2,13,1,32,0,0,3,0,0,39,3,26,2,42,1,0,7,0,0,120
SL050,34014141004,391,72,230,55,522,27,14,56,19,1,389,94,181,42,737,17,4,52,15,2,780,166,411,97,1259,44,18,108,34,3,2920
SL050,34014141005,78,4,16,6,31,0,4,2,0,0,81,9,11,4,78,1,2,6,0,0,159,13,27,10,109,1,6,8,0,0,333
SL050,34014141006,4,1,3,1,4,0,0,2,0,0,3,0,5,0,3,0,0,1,0,0,7,1,8,1,7,0,0,3,0,0,27
SL050,34014141007,169,14,42,10,66,0,4,6,4,0,175,11,23,3,120,1,1,11,3,0,344,25,65,13,186,1,5,17,7,0,663
SL050,34014141008,12,3,2,0,0,1,0,0,0,0,10,2,0,0,2,2,0,0,0,0,22,5,2,0,2,3,0,0,0,0,34
SL050,34014141009,8,0,1,1,5,0,0,0,0,0,8,0,1,0,4,1,0,0,0,0,16,0,2,1,9,1,0,0,0,0,29
SL050,34014141010,53,7,15,3,40,2,1,2,3,0,29,12,8,2,71,5,1,6,0,0,82,19,23,5,111,7,2,8,3,0,260
SL050,34014141011,48,2,46,4,32,1,2,13,0,1,55,2,37,1,47,0,0,16,0,0,103,4,83,5,79,1,2,29,0,1,307
SL050,34014141012,64,7,38,4,28,2,0,3,0,0,67,9,29,4,60,3,0,2,0,0,131,16,67,8,88,5,0,5,0,0,320
SL050,34014141013,31,1,26,2,2,0,0,0,0,0,31,2,29,2,10,2,0,2,0,0,62,3,55,4,12,2,0,2,0,0,140
SL050,34014141014,12,0,1,1,8,0,0,0,0,0,17,0,3,0,9,0,0,1,0,0,29,0,4,1,17,0,0,1,0,0,52
SL050,34014141015,42,7,28,3,27,0,0,2,4,0,41,9,14,1,40,0,0,4,1,0,83,16,42,4,67,0,0,6,5,0,223
SL050,34014141016,123,15,17,8,86,4,2,8,1,0,121,22,17,0,139,4,0,11,1,0,244,37,34,8,225,8,2,19,2,0,579
SL050,34014141017,194,28,58,11,226,18,6,29,11,2,185,39,61,13,328,15,6,44,8,1,379,67,119,24,554,33,12,73,19,3,1283
SL050,34014141018,316,47,97,4,55,0,3,9,3,0,291,32,52,3,78,0,0,10,4,0,607,79,149,7,133,0,3,19,7,0,1004
SL050,34014141019,59,6,48,2,56,1,1,4,1,0,73,11,36,0,87,0,0,5,1,0,132,17,84,2,143,1,1,9,2,0,391
SL050,34014141020,38,4,45,2,20,0,1,4,1,0,50,4,49,2,39,1,0,5,0,0,88,8,94,4,59,1,1,9,1,0,265
SL050,34014141021,177,39,150,39,276,11,8,32,4,0,208,58,114,16,429,13,2,43,5,0,385,97,264,55,705,24,10,75,9,0,1624
SL050,34014141022,37,0,19,0,15,0,0,2,0,0,25,3,16,1,25,1,0,3,0,0,62,3,35,1,40,1,0,5,0,0,147
SL050,34014141023,339,6,25,3,28,0,0,4,0,0,282,4,15,4,44,0,0,5,0,0,621,10,40,7,72,0,0,9,0,0,759
SL050,34014141024,184,21,96,6,138,10,5,14,3,1,186,35,62,18,211,11,4,16,5,0,370,56,158,24,349,21,9,30,8,1,1026
SL050,34014141025,12,2,20,2,15,0,1,0,0,0,18,2,12,0,19,0,0,0,0,0,30,4,32,2,34,0,1,0,0,0,103
SL050,34014141026,70,3,41,29,13,1,0,1,0,0,79,3,33,2,21,2,0,1,0,0,149,6,74,31,34,3,0,2,0,0,299
SL050,34014141027,52,2,28,2,20,0,0,2,0,0,36,4,23,0,28,0,0,1,0,0,88,6,51,2,48,0,0,3,0,0,198
SL050,34014141028,20,4,4,0,11,5,0,2,4,0,19,4,3,2,20,4,0,2,0,0,39,8,7,2,31,9,0,4,4,0,104
SL050,34014141029,103,62,81,11,170,14,12,11,7,0,105,90,87,9,300,10,8,19,7,0,208,152,168,20,470,24,20,30,14,0,1106
SL050,34014141030,9,0,4,0,4,0,0,0,0,0,5,0,5,0,7,0,0,0,0,0,14,0,9,0,11,0,0,0,0,0,34
SL050,34014141031,10,0,2,1,6,1,0,0,0,0,9,0,1,5,19,0,0,2,0,0,19,0,3,6,25,1,0,2,0,0,56
SL050,34014141032,21,5,5,2,12,0,0,3,0,0,18,3,9,0,33,2,0,5,0,1,39,8,14,2,45,2,0,8,0,1,119
SL050,34014141033,25,1,7,0,7,1,0,0,0,2,24,5,3,2,9,1,2,1,0,1,49,6,10,2,16,2,2,1,0,3,91
SL050,34014141034,234,45,216,39,299,5,10,25,2,0,198,45,137,16,481,5,6,31,2,0,432,90,353,55,780,10,16,56,4,0,1796
SL050,34014141035,10,0,0,0,1,0,0,0,0,0,12,0,1,0,6,0,0,0,2,0,22,0,1,0,7,0,0,0,2,0,32
SL050,34014141036,16,0,44,0,4,2,0,5,1,0,12,3,17,4,12,0,0,2,0,0,28,3,61,4,16,2,0,7,1,0,122
SL050,34014141037,20,3,8,3,3,0,1,2,0,0,18,1,13,2,4,0,0,2,0,0,38,4,21,5,7,0,1,4,0,0,80
SL050,34014141038,718,115,320,80,889,59,17,124,14,2,734,203,310,41,1367,57,4,167,14,1,1452,318,630,121,2256,116,21,291,28,3,5236
SL050,34014141039,211,31,42,7,150,6,3,21,2,0,265,23,32,1,223,4,3,26,0,1,476,54,74,8,373,10,6,47,2,1,1051
SL050,34014141040,246,18,39,58,138,20,5,26,13,6,221,29,40,17,213,15,0,27,9,1,467,47,79,75,351,35,5,53,22,7,1141
SL050,34014141041,100,1,123,3,40,4,3,3,0,1,100,5,87,4,72,3,4,9,0,0,200,6,210,7,112,7,7,12,0,1,562
SL050,34014141042,27,5,33,2,24,1,5,1,4,0,24,8,30,1,28,1,1,1,4,0,51,13,63,3,52,2,6,2,8,0,200
SL050,34014141043,3,0,0,1,5,0,0,0,0,0,4,3,0,0,9,0,0,0,0,0,7,3,0,1,14,0,0,0,0,0,25
SL050,34014141044,95,11,34,4,64,6,0,3,6,1,97,25,22,4,94,15,0,4,7,1,192,36,56,8,158,21,0,7,13,2,493
SL050,34014141045,50,8,10,3,59,2,1,2,1,1,32,13,8,2,83,4,0,5,2,0,82,21,18,5,142,6,1,7,3,1,286
SL050,34014141046,33,0,35,1,4,0,0,2,0,0,30,1,21,0,13,0,0,3,0,0,63,1,56,1,17,0,0,5,0,0,143
SL050,34014141047,95,14,39,4,109,8,2,17,4,1,98,20,42,1,139,6,2,21,3,0,193,34,81,5,248,14,4,38,7,1,625
SL050,34014141048,15,1,5,0,6,0,0,0,0,0,10,1,1,0,9,0,0,0,0,0,25,2,6,0,15,0,0,0,0,0,48
SL050,34014141049,154,11,62,8,73,3,0,1,1,0,145,19,36,5,123,8,0,5,3,0,299,30,98,13,196,11,0,6,4,0,657
SL050,34014141050,27,1,19,14,24,1,0,4,0,0,29,0,12,7,40,0,0,4,0,0,56,1,31,21,64,1,0,8,0,0,182
SL050,34014141051,23,3,5,0,11,0,0,0,0,0,20,5,9,0,16,0,0,1,0,0,43,8,14,0,27,0,0,1,0,0,93
SL050,34014141052,4,0,7,0,4,0,0,1,0,0,7,0,6,0,11,0,0,2,0,0,11,0,13,0,15,0,0,3,0,0,42
SL050,34014141053,109,6,101,7,75,1,2,17,0,0,103,10,89,7,132,6,0,20,0,0,212,16,190,14,207,7,2,37,0,0,685
SL050,34014141054,19,0,0,0,1,0,0,0,0,0,20,0,2,0,3,0,0,1,0,0,39,0,2,0,4,0,0,1,0,0,46
SL050,34014141055,139,11,33,3,18,1,11,12,0,0,151,10,26,7,31,2,4,12,0,0,290,21,59,10,49,3,15,24,0,0,471
SL050,34014141056,18,1,9,0,6,0,0,3,0,0,16,3,6,1,17,0,0,3,1,0,34,4,15,1,23,0,0,6,1,0,84
SL050,34014141057,1,1,0,0,0,0,0,0,0,0,2,0,0,0,4,0,0,0,0,0,3,1,0,0,4,0,0,0,0,0,8
SL050,34014141058,100,17,157,10,98,10,6,20,3,0,121,28,86,12,151,6,4,21,5,0,221,45,243,22,249,16,10,41,8,0,855
SL050,34014141059,325,68,140,32,524,37,21,35,19,6,327,132,127,14,772,38,4,59,13,5,652,200,267,46,1296,75,25,94,32,11,2698
SL050,34014141060,120,8,90,17,57,0,13,8,0,1,140,8,70,28,96,2,9,9,2,0,260,16,160,45,153,2,22,17,2,1,678
SL050,34014141061,8,0,5,4,1,0,0,0,0,0,13,0,3,0,7,1,0,0,0,0,21,0,8,4,8,1,0,0,0,0,42
SL050,34014141062,26,0,22,0,0,0,0,0,0,0,26,1,8,0,10,0,0,1,0,0,52,1,30,0,10,0,0,1,0,0,94
SL050,34014141063,24,2,8,2,7,3,0,0,2,0,14,4,1,0,13,1,0,0,0,0,38,6,9,2,20,4,0,0,2,0,81
SL050,34014141064,20,1,8,0,14,0,0,2,0,0,25,2,13,0,24,0,0,2,0,0,45,3,21,0,38,0,0,4,0,0,111
SL050,34014141065,76,21,45,12,74,22,14,11,1,1,92,22,46,24,123,17,10,18,0,1,168,43,91,36,197,39,24,29,1,2,630
SL050,34014141066,3,0,1,0,1,0,0,0,0,0,2,0,1,0,8,0,0,0,0,0,5,0,2,0,9,0,0,0,0,0,16
SL050,34014141067,69,28,30,3,34,2,8,3,2,0,76,38,25,3,59,6,2,4,3,0,145,66,55,6,93,8,10,7,5,0,395
SL050,34014141068,58,9,20,3,37,5,8,6,1,0,61,6,16,10,117,2,0,8,0,0,119,15,36,13,154,7,8,14,1,0,367
SL050,34014141069,167,10,95,1,61,2,0,13,0,0,167,13,72,2,119,4,0,21,0,1,334,23,167,3,180,6,0,34,0,1,748
SL050,34014141070,57,11,33,5,54,6,2,3,1,0,68,15,20,0,89,7,1,6,1,0,125,26,53,5,143,13,3,9,2,0,379
SL050,34014141071,25,2,13,0,16,0,2,4,0,0,31,4,12,2,31,0,0,4,0,0,56,6,25,2,47,0,2,8,0,0,146
SL050,34014141072,100,0,11,1,3,1,1,4,0,0,102,2,9,0,19,1,0,3,0,0,202,2,20,1,22,2,1,7,0,0,257
SL050,34014141073,7,1,3,0,3,0,1,0,0,0,14,2,3,0,8,1,0,1,0,0,21,3,6,0,11,1,1,1,0,0,44
SL050,34014141074,12,2,4,1,6,0,0,1,0,1,14,1,4,0,13,0,0,3,0,0,26,3,8,1,19,0,0,4,0,1,62
SL050,34014141075,357,14,86,3,60,1,7,6,1,0,348,12,57,3,98,2,5,10,0,0,705,26,143,6,158,3,12,16,1,0,1070
SL050,34014141076,48,1,3,0,7,0,0,0,0,0,37,0,4,1,11,0,0,0,0,0,85,1,7,1,18,0,0,0,0,0,112
SL050,34014141077,73,4,54,2,13,1,4,3,0,0,70,5,36,2,32,1,2,0,0,0,143,9,90,4,45,2,6,3,0,0,302
SL050,34014141078,17,2,8,0,3,1,0,1,0,0,23,2,4,0,6,0,0,1,0,0,40,4,12,0,9,1,0,2,0,0,68
SL050,34014141079,82,10,29,7,77,2,1,2,0,0,94,13,12,6,127,4,1,3,0,0,176,23,41,13,204,6,2,5,0,0,470
SL050,34014141080,11,0,3,0,3,0,0,0,0,0,4,1,3,0,5,0,0,0,0,0,15,1,6,0,8,0,0,0,0,0,30
SL050,34014141081,220,40,138,12,162,8,12,35,11,1,243,58,99,12,318,13,4,43,2,3,463,98,237,24,480,21,16,78,13,4,1434
SL050,34014141082,57,1,21,1,4,0,1,1,0,0,57,4,12,1,16,1,0,3,0,0,114,5,33,2,20,1,1,4,0,0,180
SL050,34014141083,8,0,2,0,4,0,0,0,0,0,8,0,3,0,10,0,0,0,0,0,16,0,5,0,14,0,0,0,0,0,35
SL050,34014141084,31,0,2,0,15,0,0,1,0,0,24,2,2,0,25,0,0,2,0,1,55,2,4,0,40,0,0,3,0,1,105
SL050,34014141085,30,0,22,4,49,1,0,4,0,0,34,8,16,3,87,4,0,5,0,0,64,8,38,7,136,5,0,9,0,0,267
SL050,34014141086,138,46,208,41,440,5,7,36,7,0,160,91,136,13,813,11,2,38,8,0,298,137,344,54,1253,16,9,74,15,0,2200
SL050,34014141087,145,17,58,11,104,4,0,4,6,1,138,27,58,13,161,3,1,11,1,4,283,44,116,24,265,7,1,15,7,5,767
SL050,34014141088,3,0,0,0,3,0,0,0,0,0,3,0,1,0,3,0,0,0,0,0,6,0,1,0,6,0,0,0,0,0,13
SL050,34014141089,30,1,35,6,66,4,3,2,3,0,27,15,23,6,90,2,1,8,1,0,57,16,58,12,156,6,4,10,4,0,323
SL050,34014141090,36,2,7,0,16,0,1,3,0,0,36,3,5,0,19,1,0,5,0,0,72,5,12,0,35,1,1,8,0,0,134
SL050,34014141091,4148,1159,3461,1656,8935,433,260,1577,569,55,4666,2140,3028,786,14470,586,131,1800,500,35,8814,3299,6489,2442,23405,1019,391,3377,1069,90,50395
SL050,34014141092,59,3,27,2,18,1,3,5,0,0,66,4,8,1,32,0,3,6,0,0,125,7,35,3,50,1,6,11,0,0,238
SL050,34014141093,140,24,62,9,281,24,6,23,17,1,157,50,75,6,408,26,7,37,11,1,297,74,137,15,689,50,13,60,28,2,1365
SL050,34014141094,70,2,19,2,68,4,0,3,1,0,71,12,20,1,109,2,0,3,0,0,141,14,39,3,177,6,0,6,1,0,387
SL050,34014141095,205,38,105,23,209,44,6,37,2,1,229,56,96,29,338,35,0,41,7,0,434,94,201,52,547,79,6,78,9,1,1501
SL050,34014141096,55,8,18,2,41,7,1,3,0,0,79,12,24,3,79,16,2,11,2,0,134,20,42,5,120,23,3,14,2,0,363
SL050,34014141097,196,2,9,1,9,1,1,3,0,0,205,3,8,0,11,0,1,1,0,0,401,5,17,1,20,1,2,4,0,0,451
SL050,34014141098,56,6,10,1,42,0,1,2,0,1,49,9,12,1,78,4,2,2,0,1,105,15,22,2,120,4,3,4,0,2,277
SL050,34014141099,35,0,5,0,4,0,0,1,0,1,48,4,4,0,10,0,0,2,1,0,83,4,9,0,14,0,0,3,1,1,115
SL050,34014141100,3,0,0,0,0,0,0,0,0,0,3,0,2,2,2,0,0,0,0,0,6,0,2,2,2,0,0,0,0,0,12
SL050,34014141101,112,4,20,2,10,0,0,2,2,0,110,5,21,1,30,0,0,2,0,0,222,9,41,3,40,0,0,4,2,0,321
SL050,34014141102,86,19,148,1,48,3,2,12,5,1,76,27,117,0,95,4,0,6,1,0,162,46,265,1,143,7,2,18,6,1,651
SL050,34014141901,14,0,2,0,3,0,0,0,0,0,6,1,1,0,5,0,0,1,0,0,20,1,3,0,8,0,0,1,0,0,33
SL050,34014141902,36,3,17,0,8,0,1,2,0,0,47,8,11,1,12,0,0,2,0,0,83,11,28,1,20,0,1,4,0,0,148
SL050,34014141903,25,0,76,0,46,0,4,2,0,0,19,5,65,0,54,0,0,5,0,0,44,5,141,0,100,0,4,7,0,0,301
SL050,34074242001,10,1,1,0,5,0,0,0,0,0,9,0,0,0,7,0,0,0,0,0,19,1,1,0,12,0,0,0,0,0,33
SL050,34074242004,75,2,86,1,28,2,1,2,0,0,56,1,57,0,67,2,0,2,1,0,131,3,143,1,95,4,1,4,1,0,383
SL050,34074242006,2,0,5,0,0,0,0,0,0,0,2,0,4,0,1,0,0,0,0,0,4,0,9,0,1,0,0,0,0,0,14
SL050,34074242007,0,0,2,0,1,0,0,0,0,0,0,0,0,0,2,0,0,0,0,0,0,0,2,0,3,0,0,0,0,0,5
SL050,34074242008,1,0,0,0,0,0,0,0,0,0,0,0,0,0,0,0,0,0,0,0,1,0,0,0,0,0,0,0,0,0,1
SL050,34074242009,1,0,1,0,0,0,0,0,0,0,5,0,1,0,0,0,0,0,1,0,6,0,2,0,0,0,0,0,1,0,9
SL050,34074242010,1,0,4,0,0,0,0,0,0,0,1,0,3,0,0,0,0,0,0,0,2,0,7,0,0,0,0,0,0,0,9
SL050,34074242011,0,0,0,0,3,0,0,0,0,0,0,0,0,0,2,0,0,0,0,0,0,0,0,0,5,0,0,0,0,0,5
SL050,34074242012,1,0,0,0,0,0,0,0,0,0,1,0,0,0,0,0,0,0,0,0,2,0,0,0,0,0,0,0,0,0,2
SL050,34074242013,0,0,0,0,0,0,0,0,0,0,0,0,0,0,1,0,0,0,0,0,0,0,0,0,1,0,0,0,0,0,1
SL050,34074242014,1,0,0,0,0,0,0,0,0,0,0,0,0,0,0,0,0,0,0,0,1,0,0,0,0,0,0,0,0,0,1
SL050,34074242016,0,0,0,0,0,0,0,0,0,0,0,0,0,0,1,0,0,0,0,0,0,0,0,0,1,0,0,0,0,0,1
SL050,34074242017,7,0,6,0,3,0,0,0,0,0,4,0,7,0,9,0,0,0,0,0,11,0,13,0,12,0,0,0,0,0,36
SL050,34074242018,3,0,0,0,0,0,0,0,0,0,1,1,0,0,0,0,0,0,0,0,4,1,0,0,0,0,0,0,0,0,5
SL050,34074242019,8,0,3,0,9,2,0,0,0,0,2,0,3,0,8,1,0,2,0,0,10,0,6,0,17,3,0,2,0,0,38
SL050,34074242020,92,3,116,25,140,1,4,5,0,0,96,4,83,3,165,0,2,5,0,0,188,7,199,28,305,1,6,10,0,0,744
SL050,34074242022,0,0,2,0,1,0,0,0,0,0,0,0,4,0,1,0,0,0,0,0,0,0,6,0,2,0,0,0,0,0,8
SL050,34074242025,54,4,21,1,35,1,0,1,1,0,44,2,14,0,37,0,0,1,1,0,98,6,35,1,72,1,0,2,2,0,217
SL050,34074242028,2,0,0,0,0,0,0,0,0,0,4,0,0,0,2,0,0,0,0,0,6,0,0,0,2,0,0,0,0,0,8
SL050,34074242029,2,0,1,0,1,0,0,0,0,0,1,0,1,0,1,0,0,0,0,0,3,0,2,0,2,0,0,0,0,0,7
SL050,34074242030,1,0,0,0,1,0,0,0,0,0,1,0,0,0,1,0,0,0,0,0,2,0,0,0,2,0,0,0,0,0,4
SL050,34074242032,0,0,0,0,0,0,0,0,0,0,1,0,0,0,0,0,0,0,0,0,1,0,0,0,0,0,0,0,0,0,1
SL050,34074242034,0,0,0,0,1,0,0,0,0,0,0,0,0,0,1,0,0,0,0,0,0,0,0,0,2,0,0,0,0,0,2
SL050,34074242035,11,2,0,0,8,0,0,0,0,0,17,0,0,0,28,0,0,1,0,0,28,2,0,0,36,0,0,1,0,0,67
SL050,34074242037,0,0,0,0,0,0,0,0,0,0,0,0,0,0,1,0,0,0,0,0,0,0,0,0,1,0,0,0,0,0,1
SL050,34074242039,0,0,3,0,0,0,0,0,0,0,5,0,3,0,0,0,0,0,0,0,5,0,6,0,0,0,0,0,0,0,11
SL050,34074242042,0,0,0,0,1,0,0,0,0,0,0,0,0,0,1,0,0,0,0,0,0,0,0,0,2,0,0,0,0,0,2
SL050,34074242043,123,19,14,1,64,2,0,7,0,0,113,27,9,0,132,0,0,5,0,0,236,46,23,1,196,2,0,12,0,0,516
SL050,34074242044,0,0,0,0,0,0,0,0,0,0,0,0,0,0,1,0,0,0,0,0,0,0,0,0,1,0,0,0,0,0,1
SL050,34074242045,8,0,24,0,2,0,0,0,0,0,5,0,12,0,5,0,0,0,0,0,13,0,36,0,7,0,0,0,0,0,56
SL050,34074242046,1,0,0,0,0,0,0,0,0,0,1,0,0,0,0,0,0,0,0,0,2,0,0,0,0,0,0,0,0,0,2
SL050,34074242049,1,0,5,0,0,0,0,0,0,0,1,0,3,0,0,0,0,0,0,0,2,0,8,0,0,0,0,0,0,0,10
SL050,34074242057,8,0,0,0,1,0,0,0,0,0,4,0,0,0,0,0,0,0,0,0,12,0,0,0,1,0,0,0,0,0,13
SL050,34074242058,0,0,0,0,0,0,0,0,0,0,0,0,0,0,1,0,0,0,0,0,0,0,0,0,1,0,0,0,0,0,1
SL050,34074242059,0,0,0,0,0,0,0,0,0,0,0,0,0,0,1,0,0,0,0,0,0,0,0,0,1,0,0,0,0,0,1
SL050,34074242061,1,0,0,1,1,0,0,0,0,0,0,0,1,0,4,0,0,0,0,0,1,0,1,1,5,0,0,0,0,0,8
SL050,34074242063,0,0,0,0,1,0,0,0,0,0,0,0,0,0,1,0,0,0,0,0,0,0,0,0,2,0,0,0,0,0,2
SL050,34074242064,0,0,0,0,1,0,0,0,0,0,0,0,0,0,1,0,0,0,0,0,0,0,0,0,2,0,0,0,0,0,2
SL050,34074242068,1,0,0,0,0,0,0,0,0,0,0,1,0,0,0,0,0,0,0,0,1,1,0,0,0,0,0,0,0,0,2
SL050,34074242069,9,4,9,1,3,0,0,0,0,0,6,4,8,0,10,1,0,0,0,0,15,8,17,1,13,1,0,0,0,0,55
SL050,34074242070,0,0,0,0,1,0,0,0,0,0,0,0,0,0,0,0,0,0,0,0,0,0,0,0,1,0,0,0,0,0,1
SL050,34074242071,14,0,0,0,1,0,0,0,0,0,14,0,0,0,1,0,0,0,0,0,28,0,0,0,2,0,0,0,0,0,30
SL050,34074242075,0,0,0,0,0,0,0,0,0,0,0,0,0,0,2,0,0,0,0,0,0,0,0,0,2,0,0,0,0,0,2
SL050,34074242076,3,0,0,0,1,0,0,0,0,0,2,0,1,0,4,0,0,0,0,0,5,0,1,0,5,0,0,0,0,0,11
SL050,34074242078,1,0,1,1,2,0,0,0,0,0,2,0,1,0,10,0,0,0,0,0,3,0,2,1,12,0,0,0,0,0,18
SL050,34074242080,2,0,0,0,0,0,0,0,0,0,1,1,0,0,2,0,0,0,0,0,3,1,0,0,2,0,0,0,0,0,6
SL050,34074242081,2,0,0,0,1,0,0,0,0,0,0,0,0,0,2,0,0,0,0,0,2,0,0,0,3,0,0,0,0,0,5
SL050,34074242085,0,1,0,0,0,0,0,0,0,0,0,0,0,0,0,0,0,0,0,0,0,1,0,0,0,0,0,0,0,0,1
SL050,34074242088,0,0,0,0,0,0,0,0,0,0,1,0,0,0,1,0,0,0,0,0,1,0,0,0,1,0,0,0,0,0,2
SL050,34074242089,0,1,1,0,0,0,0,0,0,0,0,0,0,0,0,0,0,0,0,0,0,1,1,0,0,0,0,0,0,0,2
SL050,34074242092,0,0,0,0,1,0,0,0,0,0,0,0,0,0,1,0,0,0,0,0,0,0,0,0,2,0,0,0,0,0,2
SL050,34074242093,2,0,1,0,0,0,0,0,0,0,2,0,1,0,0,0,0,0,0,0,4,0,2,0,0,0,0,0,0,0,6
SL050,34074242094,5,1,2,1,2,0,0,0,0,0,3,3,0,1,11,0,0,0,0,0,8,4,2,2,13,0,0,0,0,0,29
SL050,34074242095,27,3,0,1,31,0,3,7,1,0,31,1,2,0,36,1,0,6,0,0,58,4,2,1,67,1,3,13,1,0,150
SL050,34074242096,3,0,13,0,2,0,0,0,0,0,4,1,12,0,4,0,0,0,0,0,7,1,25,0,6,0,0,0,0,0,39
SL050,34074242097,0,0,1,0,0,0,0,0,0,0,1,0,1,0,0,0,0,0,0,0,1,0,2,0,0,0,0,0,0,0,3
SL050,34074242103,49,1,3,0,12,0,0,0,0,0,27,0,0,2,8,0,0,1,0,0,76,1,3,2,20,0,0,1,0,0,103
SL050,34074242108,0,0,0,0,0,0,0,0,0,0,0,0,0,0,1,0,0,0,0,0,0,0,0,0,1,0,0,0,0,0,1
SL050,34074242110,2,0,1,0,3,0,0,0,0,0,2,0,0,0,2,0,0,0,0,0,4,0,1,0,5,0,0,0,0,0,10
SL050,34074242111,2,0,1,0,1,0,0,0,0,0,0,0,2,0,2,0,0,0,0,0,2,0,3,0,3,0,0,0,0,0,8
SL050,34074242113,26,1,16,0,22,0,0,1,0,0,30,2,11,0,37,0,0,2,0,0,56,3,27,0,59,0,0,3,0,0,148
SL050,34074242115,4,0,0,0,0,0,0,0,0,0,0,0,0,0,1,0,0,0,0,0,4,0,0,0,1,0,0,0,0,0,5
SL050,34074242116,0,0,0,0,0,0,0,0,1,0,0,0,0,0,1,0,0,0,1,0,0,0,0,0,1,0,0,0,2,0,3
SL050,34074242117,2,0,0,0,0,0,0,0,0,0,2,0,0,0,1,0,0,0,0,0,4,0,0,0,1,0,0,0,0,0,5
SL050,34074242118,0,0,0,0,0,0,0,0,0,0,0,0,1,0,0,0,0,0,0,0,0,0,1,0,0,0,0,0,0,0,1
SL050,34074242119,4,0,11,0,0,0,0,0,0,0,3,0,12,0,2,0,0,0,0,0,7,0,23,0,2,0,0,0,0,0,32
SL050,34074242120,7,0,1,1,0,0,0,0,0,0,6,0,0,0,1,0,0,0,0,0,13,0,1,1,1,0,0,0,0,0,16
SL050,34074242121,0,0,0,0,0,0,0,0,0,0,0,0,0,0,1,0,0,0,0,0,0,0,0,0,1,0,0,0,0,0,1
SL050,34074242123,16,0,0,0,0,0,0,0,0,0,10,0,0,0,1,0,0,0,0,0,26,0,0,0,1,0,0,0,0,0,27
SL050,34074242124,1,0,0,0,0,0,0,0,0,0,1,0,0,0,1,0,0,0,0,0,2,0,0,0,1,0,0,0,0,0,3
SL050,34074242125,2,0,0,0,0,0,0,0,0,0,0,0,0,0,1,0,0,0,0,0,2,0,0,0,1,0,0,0,0,0,3
SL050,34074242129,6,1,3,0,13,0,0,0,0,0,6,0,2,0,11,0,0,0,0,0,12,1,5,0,24,0,0,0,0,0,42
SL050,34074242132,3,0,0,0,0,0,0,0,0,0,2,0,0,0,0,0,0,0,0,0,5,0,0,0,0,0,0,0,0,0,5
SL050,34074242134,165,1,32,2,112,1,0,1,1,0,142,0,33,0,134,0,0,1,0,0,307,1,65,2,246,1,0,2,1,0,625
SL050,34074242135,0,0,0,0,1,0,0,0,0,0,0,0,0,0,0,0,0,0,0,0,0,0,0,0,1,0,0,0,0,0,1
SL050,34074242141,1,0,0,0,0,0,0,0,0,0,0,0,0,0,0,0,0,0,0,0,1,0,0,0,0,0,0,0,0,0,1
SL050,34074242142,1,0,0,0,1,0,0,0,0,0,1,0,0,0,3,1,0,0,0,0,2,0,0,0,4,1,0,0,0,0,7
SL050,34074242144,9,0,4,0,8,1,0,0,0,0,6,1,3,0,14,0,0,0,0,0,15,1,7,0,22,1,0,0,0,0,46
SL050,34074242145,2,0,2,0,1,0,0,0,0,0,2,0,1,0,2,0,0,0,0,0,4,0,3,0,3,0,0,0,0,0,10
SL050,34074242149,6,2,3,1,10,0,0,0,0,0,9,2,4,1,10,0,0,0,0,0,15,4,7,2,20,0,0,0,0,0,48
SL050,34074242152,4,0,0,0,1,0,0,0,0,0,2,0,0,0,5,0,0,0,0,0,6,0,0,0,6,0,0,0,0,0,12
SL050,34074242154,3,0,1,0,0,0,0,0,0,0,0,0,1,0,0,0,0,0,0,0,3,0,2,0,0,0,0,0,0,0,5
SL050,34074242155,2,0,1,0,1,0,0,0,0,0,2,0,1,0,1,0,0,0,0,0,4,0,2,0,2,0,0,0,0,0,8
SL050,34074242156,0,0,0,0,0,0,0,0,0,0,1,0,0,0,0,0,0,0,0,0,1,0,0,0,0,0,0,0,0,0,1
SL050,34074242158,3,0,4,1,2,0,0,0,0,0,2,0,4,2,1,0,0,0,0,0,5,0,8,3,3,0,0,0,0,0,19
SL050,34074242159,0,0,0,0,1,0,0,0,0,0,0,0,0,0,1,0,0,0,0,0,0,0,0,0,2,0,0,0,0,0,2
SL050,34074242160,1,0,0,0,1,0,0,0,0,0,0,0,0,0,6,0,0,0,0,0,1,0,0,0,7,0,0,0,0,0,8
SL050,34074242162,145,0,43,1,30,0,0,4,7,0,108,0,28,0,53,1,0,3,0,0,253,0,71,1,83,1,0,7,7,0,423
SL050,34074242163,1,0,0,0,1,0,0,0,0,0,1,1,0,0,2,0,0,0,0,0,2,1,0,0,3,0,0,0,0,0,6
SL050,34074242164,93,1,7,1,14,0,0,1,0,0,99,1,2,2,29,0,0,3,0,2,192,2,9,3,43,0,0,4,0,2,255
SL050,34074242165,25,0,38,1,35,0,0,0,0,0,19,1,17,0,32,0,0,0,0,0,44,1,55,1,67,0,0,0,0,0,168
SL050,34074242167,1,0,2,1,3,0,0,0,0,0,0,2,4,0,0,1,0,0,0,0,1,2,6,1,3,1,0,0,0,0,14
SL050,34074242168,0,0,0,0,0,0,0,0,0,0,1,0,0,0,0,0,0,0,0,0,1,0,0,0,0,0,0,0,0,0,1
SL050,34074242171,0,0,6,0,2,0,0,0,0,0,0,0,8,0,2,0,0,0,0,0,0,0,14,0,4,0,0,0,0,0,18
SL050,34074242173,568,68,298,292,1242,8,18,66,26,0,494,79,257,69,1531,23,6,72,30,0,1062,147,555,361,2773,31,24,138,56,0,5147
SL050,34074242174,3,0,0,0,4,0,0,0,0,0,1,1,0,0,3,0,0,0,0,0,4,1,0,0,7,0,0,0,0,0,12
SL050,34074242175,0,0,0,0,0,1,0,0,0,0,0,0,0,0,2,1,0,0,0,0,0,0,0,0,2,2,0,0,0,0,4
SL050,34074242177,0,0,0,0,0,1,0,0,0,0,0,0,0,0,1,0,0,0,0,0,0,0,0,0,1,1,0,0,0,0,2
SL050,34074242178,2,0,0,0,0,0,0,0,0,0,3,0,0,0,1,0,0,0,0,0,5,0,0,0,1,0,0,0,0,0,6
SL050,34074242181,6,0,2,0,2,0,0,0,0,0,3,0,2,1,3,1,0,0,0,0,9,0,4,1,5,1,0,0,0,0,20
SL050,34074242183,1,1,1,0,0,0,0,0,0,0,0,0,2,0,1,0,0,0,0,0,1,1,3,0,1,0,0,0,0,0,6
SL050,34074242184,0,0,0,0,0,0,0,0,0,0,0,0,0,0,1,0,0,0,0,0,0,0,0,0,1,0,0,0,0,0,1
SL050,34074242187,1,0,2,1,0,0,0,0,0,0,0,0,2,0,0,0,0,0,0,0,1,0,4,1,0,0,0,0,0,0,6
SL050,34074242188,4,0,0,0,1,0,0,0,0,0,3,1,0,0,0,0,0,0,0,0,7,1,0,0,1,0,0,0,0,0,9
SL050,34074242189,0,0,0,0,0,0,0,0,0,0,1,0,0,0,0,0,0,0,0,0,1,0,0,0,0,0,0,0,0,0,1
SL050,34074242190,1,0,0,0,0,0,0,0,0,0,0,0,0,0,0,0,0,0,0,0,1,0,0,0,0,0,0,0,0,0,1
SL050,34074242191,1,0,0,0,2,0,0,0,0,0,0,0,0,0,3,0,0,0,0,0,1,0,0,0,5,0,0,0,0,0,6
SL050,34074242192,0,0,0,0,0,0,0,0,0,0,0,0,1,0,0,0,0,0,0,0,0,0,1,0,0,0,0,0,0,0,1
SL050,34074242193,0,0,0,0,0,0,0,0,0,2,0,0,0,0,1,0,0,0,0,2,0,0,0,0,1,0,0,0,0,4,5
SL050,34074242194,1,0,1,0,0,0,0,0,0,0,1,2,2,0,0,0,0,0,0,0,2,2,3,0,0,0,0,0,0,0,7
SL050,34074242195,3,0,4,0,0,0,0,0,0,0,3,0,2,0,0,0,0,0,0,0,6,0,6,0,0,0,0,0,0,0,12
SL050,34074242196,0,0,0,0,1,0,0,0,0,0,0,0,0,0,0,0,0,0,0,0,0,0,0,0,1,0,0,0,0,0,1
SL050,34074242197,1,0,0,0,0,0,0,0,0,0,0,0,0,0,0,0,0,0,0,0,1,0,0,0,0,0,0,0,0,0,1
SL050,34074242200,0,0,4,0,0,0,0,0,0,0,0,0,4,0,0,0,0,0,0,0,0,0,8,0,0,0,0,0,0,0,8
SL050,34074242201,0,0,0,0,1,0,0,0,0,0,0,0,0,0,1,0,0,0,0,0,0,0,0,0,2,0,0,0,0,0,2
SL050,34074242202,0,0,0,0,1,0,0,0,0,0,0,0,0,0,1,0,0,0,0,0,0,0,0,0,2,0,0,0,0,0,2
SL050,34074242204,0,0,0,0,0,0,0,0,0,0,0,1,0,0,0,0,0,0,0,0,0,1,0,0,0,0,0,0,0,0,1
SL050,34074242205,0,0,0,0,0,0,0,0,0,0,1,1,0,0,1,0,0,0,0,0,1,1,0,0,1,0,0,0,0,0,3
SL050,34074242208,1,0,0,0,0,0,0,0,0,0,0,0,0,0,0,0,0,0,0,0,1,0,0,0,0,0,0,0,0,0,1
SL050,34074242209,0,0,1,0,1,0,0,0,0,0,0,0,1,0,0,0,0,0,0,0,0,0,2,0,1,0,0,0,0,0,3
SL050,34074242211,0,0,0,0,0,0,0,0,0,0,0,0,1,0,0,0,0,0,0,0,0,0,1,0,0,0,0,0,0,0,1
SL050,34074242212,2,0,0,0,0,0,0,0,0,0,0,0,0,0,1,0,0,0,0,0,2,0,0,0,1,0,0,0,0,0,3
SL050,34074242213,0,0,2,0,0,0,0,0,0,0,0,0,2,0,0,0,0,0,0,0,0,0,4,0,0,0,0,0,0,0,4
SL050,34074242215,3,1,0,0,5,0,0,0,0,0,5,0,5,0,8,0,0,1,0,0,8,1,5,0,13,0,0,1,0,0,28
SL050,34074242216,2,0,0,0,0,0,0,0,0,0,0,0,0,0,0,0,0,0,0,0,2,0,0,0,0,0,0,0,0,0,2
SL050,34074242218,1,0,5,0,3,0,0,0,0,0,1,0,2,0,2,0,0,0,0,0,2,0,7,0,5,0,0,0,0,0,14
SL050,34074242219,0,0,0,0,0,1,0,0,0,0,0,0,0,0,0,0,0,0,0,0,0,0,0,0,0,1,0,0,0,0,1
SL050,34094343001,14,5,17,2,7,0,1,1,0,0,11,1,9,1,14,1,0,0,0,0,25,6,26,3,21,1,1,1,0,0,84
SL050,34094343002,37,7,33,0,25,0,3,0,0,0,26,9,13,2,38,1,3,1,2,0,63,16,46,2,63,1,6,1,2,0,200
SL050,34094343003,6,0,2,0,9,0,0,0,0,0,7,1,1,0,7,0,0,0,0,0,13,1,3,0,16,0,0,0,0,0,33
SL050,34094343004,527,182,152,3,89,3,10,3,2,0,527,167,103,4,89,2,3,2,2,0,1054,349,255,7,178,5,13,5,4,0,1870
SL050,34094343005,146,11,93,5,53,1,4,4,2,0,141,17,74,1,60,3,2,9,1,0,287,28,167,6,113,4,6,13,3,0,627
SL050,34094343006,25,0,10,0,4,0,1,0,0,0,24,2,6,0,3,1,0,0,0,0,49,2,16,0,7,1,1,0,0,0,76
SL050,34094343007,21,12,17,1,3,0,0,0,0,0,19,9,9,1,8,0,0,2,0,0,40,21,26,2,11,0,0,2,0,0,102
SL050,34094343008,4,1,1,0,3,0,0,0,0,0,8,2,0,0,5,0,0,0,1,0,12,3,1,0,8,0,0,0,1,0,25
SL050,34094343009,58,2,7,0,11,2,0,0,0,0,48,4,6,0,17,1,0,1,1,0,106,6,13,0,28,3,0,1,1,0,158
SL050,34094343010,5,0,6,0,0,0,0,0,1,0,7,2,4,0,2,0,0,0,0,0,12,2,10,0,2,0,0,0,1,0,27
SL050,34094343011,14,0,4,0,10,1,0,1,2,0,15,4,2,0,17,1,0,1,0,0,29,4,6,0,27,2,0,2,2,0,72
SL050,34094343012,95,13,106,1,81,9,7,9,5,0,113,19,95,7,103,7,6,14,5,3,208,32,201,8,184,16,13,23,10,3,698
SL050,34094343013,384,62,171,66,79,2,10,12,3,0,401,87,144,22,104,2,4,11,1,0,785,149,315,88,183,4,14,23,4,0,1565
SL050,34094343014,510,74,335,54,478,3,285,69,2,0,530,91,271,15,636,5,98,73,2,0,1040,165,606,69,1114,8,383,142,4,0,3531
SL050,34094343015,2,0,0,0,1,1,0,0,0,0,3,1,0,0,0,0,0,0,0,0,5,1,0,0,1,1,0,0,0,0,8
SL050,34094343016,242,18,269,9,71,0,18,7,2,2,208,24,198,5,89,0,11,8,2,0,450,42,467,14,160,0,29,15,4,2,1183
SL050,34094343017,2,0,0,0,0,0,0,0,0,0,3,0,0,0,2,0,0,0,0,0,5,0,0,0,2,0,0,0,0,0,7
SL050,34094343018,9,0,0,0,0,0,0,0,0,0,4,0,1,0,9,0,0,0,0,0,13,0,1,0,9,0,0,0,0,0,23
SL050,34094343019,10,0,43,0,18,0,0,0,0,0,10,2,39,0,25,0,0,0,0,0,20,2,82,0,43,0,0,0,0,0,147
SL050,34094343020,52,7,58,1,33,2,0,0,1,0,57,9,42,0,54,0,1,1,0,0,109,16,100,1,87,2,1,1,1,0,318
SL050,34094343021,20,0,6,2,4,1,0,0,0,0,19,0,5,2,4,0,0,0,0,0,39,0,11,4,8,1,0,0,0,0,63
SL050,34094343022,82,10,1,0,4,0,0,0,0,0,82,9,2,0,6,0,0,0,1,0,164,19,3,0,10,0,0,0,1,0,197
SL050,34094343023,17,1,1,1,1,0,0,0,0,0,17,1,1,0,1,0,0,0,0,0,34,2,2,1,2,0,0,0,0,0,41
SL050,34094343024,25,3,61,2,31,0,1,0,0,0,24,10,36,1,40,0,0,2,1,0,49,13,97,3,71,0,1,2,1,0,237
SL050,34094343025,29,1,0,1,0,0,0,0,0,0,29,0,2,0,2,1,0,0,0,0,58,1,2,1,2,1,0,0,0,0,65
SL050,34094343026,61,2,35,37,1,0,23,0,0,0,59,3,7,2,6,0,3,2,0,0,120,5,42,39,7,0,26,2,0,0,241
SL050,34094343027,5,0,2,2,0,2,0,1,0,0,4,0,3,0,0,0,0,0,0,0,9,0,5,2,0,2,0,1,0,0,19
SL050,34094343028,71,12,17,0,34,0,0,0,0,0,51,12,14,3,53,0,1,0,1,0,122,24,31,3,87,0,1,0,1,0,269
SL050,34094343029,4,0,9,0,1,0,0,0,0,0,5,1,2,0,1,0,0,0,0,1,9,1,11,0,2,0,0,0,0,1,24
SL050,34094343030,6,2,28,0,12,1,0,0,0,0,6,9,23,0,9,1,0,1,1,0,12,11,51,0,21,2,0,1,1,0,99
SL050,34094343031,28,6,54,2,26,0,3,1,0,0,39,15,44,1,26,0,0,1,0,0,67,21,98,3,52,0,3,2,0,0,246
SL050,34094343032,5,0,0,0,3,1,18,0,0,0,5,0,0,0,4,2,8,0,0,0,10,0,0,0,7,3,26,0,0,0,46
SL050,34094343033,19,3,28,1,13,0,0,0,0,0,25,4,7,0,16,0,0,0,0,0,44,7,35,1,29,0,0,0,0,0,116
SL050,34094343034,7,5,28,1,4,0,0,0,0,0,9,6,21,1,4,0,0,0,0,0,16,11,49,2,8,0,0,0,0,0,86
SL050,34094343035,1,1,10,1,1,0,0,0,0,0,3,0,4,0,0,1,0,0,0,0,4,1,14,1,1,1,0,0,0,0,22
SL050,34094343036,10,12,16,5,23,0,0,0,1,0,13,10,10,2,32,0,0,0,0,0,23,22,26,7,55,0,0,0,1,0,134
SL050,34094343037,551,196,695,46,987,18,93,38,26,1,490,266,582,20,1328,20,21,48,23,3,1041,462,1277,66,2315,38,114,86,49,4,5452
SL050,34094343038,823,443,518,138,1068,16,184,55,51,4,952,633,476,63,1411,20,63,89,70,0,1775,1076,994,201,2479,36,247,144,121,4,7077
SL050,34094343040,3,0,6,8,0,0,0,0,0,0,5,1,4,1,2,0,0,0,0,0,8,1,10,9,2,0,0,0,0,0,30
SL050,34094343041,1,0,0,0,0,0,0,0,0,0,3,0,0,0,3,0,0,0,0,0,4,0,0,0,3,0,0,0,0,0,7
SL050,34094343042,43,9,1,2,11,2,0,1,0,0,33,5,4,2,27,2,1,6,2,0,76,14,5,4,38,4,1,7,2,0,151
SL050,34094343043,97,12,17,6,60,3,0,6,0,0,114,18,9,4,89,1,0,5,1,1,211,30,26,10,149,4,0,11,1,1,443
SL050,34094343044,307,4,106,2,21,0,1,1,1,1,298,9,75,1,39,0,0,3,1,0,605,13,181,3,60,0,1,4,2,1,870
SL050,34094343045,3,0,1,0,2,0,0,0,0,0,1,0,0,0,5,1,0,0,0,0,4,0,1,0,7,1,0,0,0,0,13
SL050,34094343046,0,1,0,0,0,0,1,0,0,0,2,0,0,0,0,0,0,0,0,0,2,1,0,0,0,0,1,0,0,0,4
SL050,34094343047,90,12,372,20,197,1,23,3,1,0,80,18,275,12,199,0,4,2,0,0,170,30,647,32,396,1,27,5,1,0,1309
SL050,34094343048,17,1,1,0,2,0,56,0,0,0,28,1,2,0,5,0,20,1,1,0,45,2,3,0,7,0,76,1,1,0,135
SL050,34094343049,31,5,4,0,15,1,0,0,0,0,33,3,1,0,17,2,0,0,1,0,64,8,5,0,32,3,0,0,1,0,113
SL050,34094343050,49,17,142,1,62,1,0,3,0,0,51,15,120,3,70,1,0,4,3,0,100,32,262,4,132,2,0,7,3,0,542
SL050,34094343051,188,65,305,9,357,2,25,21,10,0,212,97,268,5,495,2,8,22,9,0,400,162,573,14,852,4,33,43,19,0,2100
SL050,34094343052,20,0,11,1,9,1,1,1,0,0,21,1,6,0,17,1,3,0,0,0,41,1,17,1,26,2,4,1,0,0,93
SL050,34094343053,4,0,10,0,3,0,0,0,0,0,5,0,3,0,6,0,0,0,0,0,9,0,13,0,9,0,0,0,0,0,31
SL050,34094343054,106,15,47,4,28,0,1,5,2,0,98,23,48,1,49,0,0,9,4,0,204,38,95,5,77,0,1,14,6,0,440
SL050,34094343055,92,7,97,6,23,3,0,1,1,1,83,9,67,3,38,2,0,4,2,0,175,16,164,9,61,5,0,5,3,1,439
SL050,34094343056,11,1,0,0,8,0,0,0,0,0,8,0,1,0,9,0,0,0,0,0,19,1,1,0,17,0,0,0,0,0,38
SL050,34094343057,0,0,0,0,1,0,0,0,0,0,1,0,0,0,1,0,0,0,0,0,1,0,0,0,2,0,0,0,0,0,3
SL050,34094343058,5,0,0,0,1,0,0,0,0,0,1,0,1,0,1,0,0,0,0,0,6,0,1,0,2,0,0,0,0,0,9
SL050,34094343059,4,1,0,5,1,0,0,0,0,0,4,1,0,0,2,0,0,0,0,0,8,2,0,5,3,0,0,0,0,0,18
SL050,34094343060,92,14,30,14,25,1,33,1,1,0,84,24,21,3,45,1,9,2,2,0,176,38,51,17,70,2,42,3,3,0,402
SL050,34094343061,0,0,0,0,0,0,0,0,0,0,0,0,0,0,1,0,0,0,0,0,0,0,0,0,1,0,0,0,0,0,1
SL050,34094343062,18,19,2,0,1,0,2,0,0,0,12,13,1,0,2,0,0,0,0,0,30,32,3,0,3,0,2,0,0,0,70
SL050,34094343063,30,1,16,0,9,0,0,0,0,0,36,1,3,0,11,0,0,1,0,0,66,2,19,0,20,0,0,1,0,0,108
SL050,34094343064,232,7,28,2,29,0,2,9,0,0,200,8,17,1,49,0,3,3,0,0,432,15,45,3,78,0,5,12,0,0,590
SL050,34094343065,29,1,10,0,1,0,7,0,0,0,22,1,5,0,10,0,0,1,0,0,51,2,15,0,11,0,7,1,0,0,87
SL050,34094343066,2,0,1,0,0,0,1,0,0,0,2,0,2,0,0,0,0,0,0,0,4,0,3,0,0,0,1,0,0,0,8
SL050,34094343067,70,0,8,0,1,0,0,0,1,0,55,2,6,0,3,1,0,0,0,0,125,2,14,0,4,1,0,0,1,0,147
SL050,34094343068,14,2,3,0,3,0,0,0,0,0,18,0,0,0,3,0,0,0,0,0,32,2,3,0,6,0,0,0,0,0,43
SL050,34094343069,11,0,0,0,8,1,0,0,0,0,7,0,2,0,8,0,0,0,0,0,18,0,2,0,16,1,0,0,0,0,37
SL050,34094343070,1,1,0,0,0,0,0,0,0,0,4,1,0,0,2,0,0,0,0,0,5,2,0,0,2,0,0,0,0,0,9
SL050,34094343071,54,1,1,0,2,1,0,0,0,0,41,3,0,0,8,3,0,0,0,0,95,4,1,0,10,4,0,0,0,0,114
SL050,34094343072,1,0,0,0,1,0,0,0,0,0,1,0,1,3,0,0,0,0,0,0,2,0,1,3,1,0,0,0,0,0,7
SL050,34094343073,2,2,0,1,4,0,0,0,0,0,1,0,0,0,2,0,0,0,0,0,3,2,0,1,6,0,0,0,0,0,12
SL050,34094343074,24,2,22,1,11,0,0,4,0,1,29,3,10,4,33,0,0,2,0,0,53,5,32,5,44,0,0,6,0,1,146
SL050,34094343075,3,0,0,0,3,0,0,0,0,0,3,1,0,0,1,0,0,0,0,0,6,1,0,0,4,0,0,0,0,0,11
SL050,34094343076,14,1,17,0,11,1,0,0,0,0,10,1,7,0,5,2,0,2,0,0,24,2,24,0,16,3,0,2,0,0,71
SL050,34094343077,30,0,0,1,1,0,0,0,0,0,25,0,0,0,3,0,0,0,0,0,55,0,0,1,4,0,0,0,0,0,60
SL050,34094343078,16,1,23,0,13,0,1,1,0,0,20,5,6,1,13,0,0,0,1,0,36,6,29,1,26,0,1,1,1,0,101
SL050,34094343079,16,0,19,1,3,0,0,0,1,0,10,1,12,0,6,0,0,1,1,0,26,1,31,1,9,0,0,1,2,0,71
SL050,34094343080,3,0,0,0,2,0,0,0,0,0,0,0,0,0,3,0,0,0,0,0,3,0,0,0,5,0,0,0,0,0,8
SL050,34094343081,8,1,1,0,2,0,0,0,0,0,6,3,0,1,8,0,0,0,1,0,14,4,1,1,10,0,0,0,1,0,31
SL050,34094343082,26,0,25,2,0,2,0,0,0,0,17,1,7,1,2,0,0,0,0,0,43,1,32,3,2,2,0,0,0,0,83
SL050,34094343083,2,0,0,0,2,0,0,0,0,0,2,0,0,0,0,0,0,0,0,0,4,0,0,0,2,0,0,0,0,0,6
SL050,34094343084,17,0,21,1,1,0,9,0,0,0,17,0,17,1,1,0,5,1,0,0,34,0,38,2,2,0,14,1,0,0,91
SL050,34094343085,11,8,2,0,1,0,0,0,0,0,5,3,0,0,1,0,0,1,0,0,16,11,2,0,2,0,0,1,0,0,32
SL050,34094343086,156,47,135,59,62,3,11,53,1,0,156,53,108,27,91,3,6,52,0,0,312,100,243,86,153,6,17,105,1,0,1023
SL050,34094343088,56,8,42,3,33,0,1,4,3,0,60,11,24,2,57,0,0,1,4,0,116,19,66,5,90,0,1,5,7,0,309
SL050,34094343089,5,1,9,0,2,0,0,0,0,0,6,1,2,0,6,0,0,0,0,0,11,2,11,0,8,0,0,0,0,0,32
SL050,34094343090,19,4,9,2,23,1,4,0,2,0,11,4,3,0,33,1,1,0,0,0,30,8,12,2,56,2,5,0,2,0,117
SL050,34094343091,7,0,0,3,4,2,0,0,0,0,1,1,0,1,3,1,0,1,1,1,8,1,0,4,7,3,0,1,1,1,26
SL050,34094343092,715,180,492,32,288,5,10,12,7,0,699,207,297,18,356,3,4,21,7,1,1414,387,789,50,644,8,14,33,14,1,3354
SL050,34094343093,151,23,239,13,39,0,9,8,5,2,185,44,174,4,52,1,4,7,5,0,336,67,413,17,91,1,13,15,10,2,965
SL050,34094343094,144,4,94,4,30,1,9,0,1,0,148,9,58,0,34,0,7,0,1,0,292,13,152,4,64,1,16,0,2,0,544
SL050,34094343095,57,12,59,4,66,1,30,1,0,0,71,20,50,2,89,0,12,4,0,0,128,32,109,6,155,1,42,5,0,0,478
SL050,34094343096,16,0,8,1,0,0,0,0,0,0,12,0,8,0,1,0,0,0,0,0,28,0,16,1,1,0,0,0,0,0,46
SL050,34094343097,13,0,8,0,2,4,0,0,0,0,15,1,7,0,8,0,1,0,0,0,28,1,15,0,10,4,1,0,0,0,59
SL050,34094343098,8,1,6,0,6,0,0,0,0,0,5,0,8,0,5,0,0,0,0,0,13,1,14,0,11,0,0,0,0,0,39
SL050,34094343099,8,1,3,1,6,0,0,0,0,0,7,3,3,1,1,1,0,0,0,0,15,4,6,2,7,1,0,0,0,0,35
SL050,34094343100,36,8,5,8,32,1,1,1,0,0,43,12,3,3,56,1,0,8,0,0,79,20,8,11,88,2,1,9,0,0,218
SL050,34094343101,5,0,0,0,1,0,0,0,0,0,5,0,0,0,0,0,0,0,0,0,10,0,0,0,1,0,0,0,0,0,11
SL050,34094343102,9,0,0,1,0,0,0,0,0,0,11,2,0,1,2,0,0,0,0,0,20,2,0,2,2,0,0,0,0,0,26
SL050,34094343103,16,1,8,2,19,2,0,0,0,0,20,5,3,1,31,0,0,1,0,0,36,6,11,3,50,2,0,1,0,0,109
SL050,34094343104,314,24,33,3,17,3,0,0,1,0,284,22,22,2,27,3,0,0,0,1,598,46,55,5,44,6,0,0,1,1,756
SL050,34094343105,2,3,0,0,3,0,0,0,0,0,5,2,0,0,1,0,0,0,0,0,7,5,0,0,4,0,0,0,0,0,16
SL050,34094343106,34,0,0,0,0,2,0,0,0,0,31,2,0,0,4,0,0,0,0,0,65,2,0,0,4,2,0,0,0,0,73
SL050,34094343107,8,1,3,0,3,0,0,0,0,0,5,2,1,0,1,0,0,2,0,0,13,3,4,0,4,0,0,2,0,0,26
SL050,34094343108,24,4,22,18,17,1,0,0,0,0,25,8,25,2,26,0,0,1,0,0,49,12,47,20,43,1,0,1,0,0,173
SL050,34094343109,68,12,27,7,78,0,3,7,2,0,69,17,32,4,101,0,1,6,1,0,137,29,59,11,179,0,4,13,3,0,435
SL050,34094343110,5,0,2,3,10,0,0,0,0,0,4,0,2,0,8,0,0,0,0,0,9,0,4,3,18,0,0,0,0,0,34
SL050,34094343111,42,14,43,1,54,1,0,0,1,0,52,11,39,2,72,2,0,2,1,1,94,25,82,3,126,3,0,2,2,1,338
SL050,34094343112,4,1,15,3,3,0,0,0,0,0,3,1,5,0,5,0,0,0,0,0,7,2,20,3,8,0,0,0,0,0,40
SL050,34094343113,5,0,18,1,7,0,0,0,0,0,6,0,11,1,4,1,0,0,0,0,11,0,29,2,11,1,0,0,0,0,54
SL050,34094343114,4,0,1,4,3,0,0,0,0,0,8,1,2,2,5,0,0,0,0,0,12,1,3,6,8,0,0,0,0,0,30
SL050,34094343115,2,0,0,0,0,0,0,0,0,0,3,0,0,0,4,0,0,0,0,0,5,0,0,0,4,0,0,0,0,0,9
SL050,34094343116,14,0,4,4,8,0,0,0,1,0,22,0,2,0,9,0,0,0,0,0,36,0,6,4,17,0,0,0,1,0,64
SL050,34094343117,1,0,0,0,6,0,1,0,0,0,0,0,0,0,6,0,0,0,0,0,1,0,0,0,12,0,1,0,0,0,14
SL050,34094343118,77,8,28,0,7,1,0,0,0,0,74,13,14,1,3,2,0,0,0,0,151,21,42,1,10,3,0,0,0,0,228
SL050,34094343119,9,3,9,3,13,0,6,0,0,0,17,5,8,3,14,0,0,2,0,0,26,8,17,6,27,0,6,2,0,0,92
SL050,34094343120,3,1,2,0,13,0,0,2,3,0,5,4,1,0,5,0,0,2,2,0,8,5,3,0,18,0,0,4,5,0,43
SL050,34094343121,38,8,1,0,4,0,0,0,1,0,37,7,0,0,3,1,2,1,0,0,75,15,1,0,7,1,2,1,1,0,103
SL050,34094343122,4,0,0,0,1,0,1,0,0,0,2,0,0,0,3,1,0,0,1,0,6,0,0,0,4,1,1,0,1,0,13
SL050,34094343123,1611,300,3159,272,2492,30,175,249,24,0,1737,447,2805,146,3296,33,84,277,36,2,3348,747,5964,418,5788,63,259,526,60,2,17175
SL050,34094343124,2,3,6,6,4,0,0,1,0,0,2,2,4,0,6,0,0,1,0,0,4,5,10,6,10,0,0,2,0,0,37
SL050,34094343125,49,1,2,3,3,0,0,1,0,0,25,1,3,0,9,0,0,0,0,0,74,2,5,3,12,0,0,1,0,0,97
SL050,34094343126,30,3,42,1,10,1,0,0,0,0,23,1,33,0,31,0,0,0,0,0,53,4,75,1,41,1,0,0,0,0,175
SL050,34094343127,32,3,59,2,9,0,0,0,0,0,41,6,16,0,15,0,0,0,2,0,73,9,75,2,24,0,0,0,2,0,185
SL050,34094343128,29,4,9,2,16,0,0,1,0,0,27,5,7,0,21,0,0,0,0,0,56,9,16,2,37,0,0,1,0,0,121
SL050,34094343129,163,11,204,2,41,1,2,5,0,0,149,17,144,2,66,0,2,7,0,0,312,28,348,4,107,1,4,12,0,0,816
SL050,34094343130,1,1,8,2,4,0,0,0,0,0,1,0,4,1,2,0,0,1,0,0,2,1,12,3,6,0,0,1,0,0,25
SL050,34094343131,91,34,201,3,115,7,7,3,3,0,93,50,148,2,164,4,2,5,2,0,184,84,349,5,279,11,9,8,5,0,934
SL050,34094343132,3,0,24,0,4,0,0,0,0,0,4,3,14,0,3,0,0,1,0,0,7,3,38,0,7,0,0,1,0,0,56
SL050,34094343133,135,32,394,30,78,2,30,3,0,0,135,37,266,12,110,2,3,2,0,0,270,69,660,42,188,4,33,5,0,0,1271
SL050,34094343134,11,0,10,1,4,0,0,0,0,0,13,1,5,0,2,0,0,0,0,0,24,1,15,1,6,0,0,0,0,0,47
SL050,34094343135,14,2,42,5,3,0,0,3,0,0,16,2,31,0,6,0,0,3,0,0,30,4,73,5,9,0,0,6,0,0,127
SL050,34094343136,581,71,194,43,226,6,39,17,8,0,601,77,144,34,332,3,16,20,4,0,1182,148,338,77,558,9,55,37,12,0,2416
SL050,34094343137,30,7,42,1,14,2,0,2,0,0,39,10,19,0,25,0,0,4,1,0,69,17,61,1,39,2,0,6,1,0,196
SL050,34094343138,120,4,96,18,39,1,4,6,1,0,134,5,88,2,52,0,0,6,0,0,254,9,184,20,91,1,4,12,1,0,576
SL050,34094343139,29,11,56,0,33,1,0,1,1,0,39,7,34,0,49,1,0,1,0,0,68,18,90,0,82,2,0,2,1,0,263
SL050,34094343140,34,7,92,0,39,1,5,2,0,0,32,11,57,1,60,0,1,3,0,0,66,18,149,1,99,1,6,5,0,0,345
SL050,34094343141,0,0,0,0,2,0,0,0,1,0,2,0,0,0,1,0,0,0,0,0,2,0,0,0,3,0,0,0,1,0,6
SL050,34094343142,11,39,39,1,20,1,6,0,0,0,12,31,40,0,30,1,4,0,0,0,23,70,79,1,50,2,10,0,0,0,235
SL050,34094343143,1,0,0,0,3,0,0,0,0,0,0,0,0,0,1,0,0,0,0,0,1,0,0,0,4,0,0,0,0,0,5
SL050,34094343144,24,12,30,4,17,0,1,0,0,0,20,13,13,2,34,0,1,2,2,0,44,25,43,6,51,0,2,2,2,0,175
SL050,34094343145,94,6,40,11,37,2,1,3,2,0,90,12,31,5,59,3,1,7,5,1,184,18,71,16,96,5,2,10,7,1,410
SL050,34094343147,2,0,7,0,7,0,0,0,0,0,5,0,3,1,11,0,0,0,0,0,7,0,10,1,18,0,0,0,0,0,36
SL050,34094343148,1826,602,4025,947,3557,86,540,491,189,6,2089,828,2994,505,4798,78,181,617,236,8,3915,1430,7019,1452,8355,164,721,1108,425,14,24603
SL050,34094343149,24,7,24,0,7,0,0,0,0,0,25,10,15,0,13,0,0,0,0,0,49,17,39,0,20,0,0,0,0,0,125
SL050,34094343150,52,20,1,3,10,0,8,0,2,0,43,28,1,3,18,2,3,0,1,0,95,48,2,6,28,2,11,0,3,0,195
SL050,34094343151,2,0,1,0,1,0,0,0,0,0,1,0,1,0,1,0,0,0,1,0,3,0,2,0,2,0,0,0,1,0,8
SL050,34094343152,18,1,53,1,1,0,0,0,0,0,9,0,38,0,7,0,0,0,0,0,27,1,91,1,8,0,0,0,0,0,128
SL050,34094343153,329,89,528,44,485,2,17,28,17,2,372,119,446,18,653,5,3,40,11,1,701,208,974,62,1138,7,20,68,28,3,3209
SL050,34094343154,4,1,0,0,0,0,0,0,0,0,6,1,0,0,1,1,0,0,0,0,10,2,0,0,1,1,0,0,0,0,14
SL050,34094343155,543,261,1252,231,587,17,501,100,6,0,608,309,869,48,825,11,237,96,9,2,1151,570,2121,279,1412,28,738,196,15,2,6512
SL050,34094343156,375,70,263,4,41,0,30,5,1,0,362,61,159,3,51,3,13,3,5,0,737,131,422,7,92,3,43,8,6,0,1449
SL050,34094343157,2,1,1,1,5,0,0,0,0,0,1,0,1,0,10,0,0,0,0,0,3,1,2,1,15,0,0,0,0,0,22
SL050,34094343158,0,1,0,0,0,0,0,0,0,0,0,1,1,0,0,0,0,0,0,0,0,2,1,0,0,0,0,0,0,0,3
SL050,34094343159,3,0,0,0,0,0,0,0,0,0,5,0,0,0,1,0,0,0,0,0,8,0,0,0,1,0,0,0,0,0,9
SL050,34094343160,43,8,8,1,19,1,0,0,1,0,44,8,9,1,33,0,0,1,0,0,87,16,17,2,52,1,0,1,1,0,177
SL050,34094343161,281,159,827,173,459,5,70,26,3,0,265,146,532,59,577,4,12,33,11,1,546,305,1359,232,1036,9,82,59,14,1,3643
SL050,34094343162,182,68,107,7,132,2,7,12,0,0,210,65,86,17,180,2,1,12,3,0,392,133,193,24,312,4,8,24,3,0,1093
SL050,34094343163,562,201,1233,43,963,18,116,72,14,4,569,267,1010,27,1238,12,39,72,20,0,1131,468,2243,70,2201,30,155,144,34,4,6480
SL050,34094343164,11,0,4,1,10,0,0,0,1,0,13,2,1,0,8,1,0,0,1,0,24,2,5,1,18,1,0,0,2,0,53
SL050,34094343165,8,14,23,1,0,0,0,0,0,0,4,14,11,2,4,0,0,0,1,0,12,28,34,3,4,0,0,0,1,0,82
SL050,34094343166,63,5,18,13,26,0,0,2,0,0,55,6,18,4,48,0,0,1,2,0,118,11,36,17,74,0,0,3,2,0,261
SL050,34094343167,20,1,10,0,4,0,0,0,0,0,25,0,4,0,9,0,1,0,0,0,45,1,14,0,13,0,1,0,0,0,74
SL050,34094343168,1,2,0,0,0,0,0,0,0,0,1,1,0,0,4,0,0,2,0,0,2,3,0,0,4,0,0,2,0,0,11
SL050,34094343169,21,2,14,0,1,0,0,0,2,0,11,5,7,0,0,1,0,1,1,0,32,7,21,0,1,1,0,1,3,0,66
SL050,34094343170,27,3,72,2,6,0,1,0,0,1,26,6,45,1,8,0,0,1,0,0,53,9,117,3,14,0,1,1,0,1,199
SL050,34094343171,336,192,431,174,648,6,78,57,7,0,372,268,351,78,748,9,27,52,12,3,708,460,782,252,1396,15,105,109,19,3,3849
SL050,34094343172,10,0,4,1,6,0,0,1,0,0,11,0,1,0,6,0,0,0,0,0,21,0,5,1,12,0,0,1,0,0,40
SL050,34094343173,2,0,4,0,0,0,0,0,0,0,1,1,1,0,1,1,0,0,0,0,3,1,5,0,1,1,0,0,0,0,11
SL050,34094343174,8,0,5,0,4,0,0,0,0,0,5,1,0,0,2,0,0,0,1,0,13,1,5,0,6,0,0,0,1,0,26
SL050,34094343175,7,0,0,0,1,0,0,0,0,0,10,0,0,0,0,0,0,0,0,0,17,0,0,0,1,0,0,0,0,0,18
SL050,34094343176,12,1,12,0,7,0,0,0,0,0,12,4,6,0,4,0,1,2,0,0,24,5,18,0,11,0,1,2,0,0,61
SL050,34094343177,11,0,33,2,2,0,0,0,0,0,7,1,24,0,4,0,0,0,0,0,18,1,57,2,6,0,0,0,0,0,84
SL050,34094343178,41,6,59,0,27,1,6,0,2,0,62,11,35,2,35,2,2,1,1,0,103,17,94,2,62,3,8,1,3,0,293
SL050,34094343901,226,35,165,21,70,0,59,10,1,0,221,53,90,5,130,1,17,10,0,0,447,88,255,26,200,1,76,20,1,0,1114
SL050,34094343902,39,10,23,1,12,0,22,1,1,0,62,19,15,1,31,0,4,3,1,0,101,29,38,2,43,0,26,4,2,0,245
SL050,34094343903,134,27,47,1,17,0,12,1,0,0,129,25,50,0,26,0,3,2,2,1,263,52,97,1,43,0,15,3,2,1,477
SL050,34094343904,97,20,132,43,37,0,135,3,1,0,94,22,84,2,56,0,43,4,1,0,191,42,216,45,93,0,178,7,2,0,774
SL050,34094343905,954,613,414,816,1534,17,832,81,24,7,1116,947,272,217,1714,19,294,66,41,1,2070,1560,686,1033,3248,36,1126,147,65,8,9979
SL050,34094343906,219,78,29,10,41,5,31,6,1,0,236,91,16,4,79,5,4,5,1,2,455,169,45,14,120,10,35,11,2,2,863
SL050,34094343907,34,7,63,9,82,0,2,9,0,0,41,14,45,6,126,1,1,9,0,0,75,21,108,15,208,1,3,18,0,0,449
SL050,34024444001,0,0,2,0,0,0,0,0,0,0,1,0,0,0,0,0,0,0,0,0,1,0,2,0,0,0,0,0,0,0,3
SL050,34024444003,0,0,0,0,0,0,0,0,0,0,0,0,0,0,1,0,0,0,0,0,0,0,0,0,1,0,0,0,0,0,1
SL050,34024444004,28,0,1,0,19,0,0,0,0,0,33,0,1,0,13,0,0,0,0,0,61,0,2,0,32,0,0,0,0,0,95
SL050,34024444005,0,0,6,0,0,0,0,0,0,0,0,0,4,0,1,0,0,0,0,0,0,0,10,0,1,0,0,0,0,0,11
SL050,34024444006,0,0,11,0,0,0,0,0,0,0,0,0,7,0,1,0,0,0,0,0,0,0,18,0,1,0,0,0,0,0,19
SL050,34024444007,1,0,6,0,2,0,0,0,0,0,0,0,4,0,3,0,0,0,0,0,1,0,10,0,5,0,0,0,0,0,16
SL050,34024444008,31,1,49,6,9,0,0,0,0,0,39,1,21,2,20,0,0,2,0,0,70,2,70,8,29,0,0,2,0,0,181
SL050,34024444009,18,4,13,0,31,1,0,0,0,0,13,3,14,0,48,3,0,0,0,0,31,7,27,0,79,4,0,0,0,0,148
SL050,34024444010,2,0,21,0,8,0,0,0,0,0,2,0,13,0,13,0,0,0,0,0,4,0,34,0,21,0,0,0,0,0,59
SL050,34024444011,3,0,1,0,0,0,0,0,0,0,3,0,0,0,0,0,0,0,0,0,6,0,1,0,0,0,0,0,0,0,7
SL050,34024444012,3,2,0,1,6,1,0,0,0,1,1,1,0,0,6,0,0,0,0,0,4,3,0,1,12,1,0,0,0,1,22
SL050,34024444013,513,16,297,47,107,2,16,17,2,1,602,27,212,38,159,3,10,12,0,2,1115,43,509,85,266,5,26,29,2,3,2083
SL050,34024444014,59,3,61,7,25,0,3,3,0,0,51,3,50,2,54,2,0,2,0,0,110,6,111,9,79,2,3,5,0,0,325
SL050,34024444016,6,0,10,0,4,0,0,0,0,0,7,1,6,0,9,0,0,0,0,0,13,1,16,0,13,0,0,0,0,0,43
SL050,34024444017,7,0,7,1,5,0,0,0,0,0,7,0,5,0,4,0,1,0,0,0,14,0,12,1,9,0,1,0,0,0,37
SL050,34024444019,1,0,0,0,0,0,0,0,0,0,0,0,0,0,0,0,0,0,0,0,1,0,0,0,0,0,0,0,0,0,1
SL050,34024444021,1,0,2,0,0,0,0,0,0,0,2,0,1,0,0,0,0,0,0,0,3,0,3,0,0,0,0,0,0,0,6
SL050,34024444022,10,0,8,0,1,0,0,0,0,0,11,0,8,0,8,0,0,0,0,0,21,0,16,0,9,0,0,0,0,0,46
SL050,34024444023,0,0,0,0,0,0,5,0,0,0,0,0,0,0,0,0,6,0,0,0,0,0,0,0,0,0,11,0,0,0,11
SL050,34024444025,175,0,92,3,45,2,32,3,4,1,177,2,55,2,66,0,20,5,1,0,352,2,147,5,111,2,52,8,5,1,685
SL050,34024444026,0,0,0,0,0,1,0,0,0,0,1,0,0,0,2,0,0,0,0,0,1,0,0,0,2,1,0,0,0,0,4
SL050,34024444027,16,2,0,2,0,1,0,0,0,1,17,1,0,0,0,0,0,0,0,0,33,3,0,2,0,1,0,0,0,1,40
SL050,34024444028,0,0,1,0,4,0,0,0,0,0,0,0,1,0,8,0,0,0,0,0,0,0,2,0,12,0,0,0,0,0,14
SL050,34024444029,32,0,3,0,7,0,0,0,0,0,30,0,2,0,3,0,0,0,0,0,62,0,5,0,10,0,0,0,0,0,77
SL050,34024444031,1,0,0,0,1,0,0,0,0,0,2,2,0,0,0,0,0,0,1,0,3,2,0,0,1,0,0,0,1,0,7
SL050,34024444033,10,0,3,0,1,0,0,0,0,0,18,0,0,0,3,0,0,0,0,0,28,0,3,0,4,0,0,0,0,0,35
SL050,34024444034,1,1,2,0,0,0,0,0,0,0,0,0,2,0,1,0,0,0,0,0,1,1,4,0,1,0,0,0,0,0,7
SL050,34024444035,3,0,0,0,2,0,0,0,0,0,0,0,0,0,3,0,0,0,0,0,3,0,0,0,5,0,0,0,0,0,8
SL050,34024444036,0,0,2,0,0,1,0,0,0,0,2,0,0,0,0,1,0,0,0,0,2,0,2,0,0,2,0,0,0,0,6
SL050,34024444037,9,0,1,0,1,0,0,0,0,0,12,1,1,0,2,0,0,0,0,0,21,1,2,0,3,0,0,0,0,0,27
SL050,34024444038,2,0,1,0,1,0,0,0,0,0,2,0,0,0,2,0,0,0,0,0,4,0,1,0,3,0,0,0,0,0,8
SL050,34024444039,1,0,1,0,3,0,0,0,0,0,0,0,2,0,6,0,0,0,0,0,1,0,3,0,9,0,0,0,0,0,13
SL050,34024444040,1,0,10,0,2,0,0,0,0,0,1,0,6,0,2,0,0,0,0,0,2,0,16,0,4,0,0,0,0,0,22
SL050,34024444041,1,0,3,0,1,0,0,0,0,0,0,1,2,0,0,0,0,0,0,0,1,1,5,0,1,0,0,0,0,0,8
SL050,34024444042,0,0,2,0,1,0,0,0,0,0,0,0,1,0,5,0,0,0,0,0,0,0,3,0,6,0,0,0,0,0,9
SL050,34024444043,0,0,0,0,0,0,0,0,0,0,2,0,0,0,0,0,0,0,0,0,2,0,0,0,0,0,0,0,0,0,2
SL050,34024444044,3,0,0,0,1,0,1,0,0,0,2,0,0,0,4,0,2,0,0,0,5,0,0,0,5,0,3,0,0,0,13
SL050,34024444045,2,0,8,0,10,1,0,0,0,0,4,0,2,0,8,0,0,0,0,0,6,0,10,0,18,1,0,0,0,0,35
SL050,34024444046,2,0,5,0,0,0,0,0,0,0,1,0,0,0,0,0,0,0,0,0,3,0,5,0,0,0,0,0,0,0,8
SL050,34024444047,7,1,0,0,0,0,0,0,1,0,3,0,0,0,2,0,0,0,0,0,10,1,0,0,2,0,0,0,1,0,14
SL050,34024444048,1,0,0,0,0,0,0,0,0,0,1,0,1,0,0,0,0,0,0,0,2,0,1,0,0,0,0,0,0,0,3
SL050,34024444049,26,0,21,0,2,0,0,0,0,0,10,5,14,1,6,0,1,0,2,0,36,5,35,1,8,0,1,0,2,0,88
SL050,34024444050,151,2,93,9,64,2,0,2,0,0,182,2,68,0,88,1,0,2,0,0,333,4,161,9,152,3,0,4,0,0,666
SL050,34024444051,186,1,124,0,41,0,7,3,0,0,231,1,54,0,54,0,4,1,0,0,417,2,178,0,95,0,11,4,0,0,707
SL050,34024444053,0,0,3,0,1,0,0,0,0,0,2,0,3,0,1,0,0,0,0,0,2,0,6,0,2,0,0,0,0,0,10
SL050,34024444054,0,0,0,0,0,0,0,0,0,0,0,0,0,0,2,0,0,0,0,0,0,0,0,0,2,0,0,0,0,0,2
SL050,34024444055,0,0,9,0,0,0,0,0,0,0,0,0,6,0,0,0,0,0,0,0,0,0,15,0,0,0,0,0,0,0,15
SL050,34024444056,28,2,21,0,2,0,0,0,0,0,27,4,17,0,3,0,0,0,0,0,55,6,38,0,5,0,0,0,0,0,104
SL050,34024444059,17,0,0,0,8,0,22,0,0,0,12,0,0,0,5,0,13,0,0,0,29,0,0,0,13,0,35,0,0,0,77
SL050,34024444061,4,0,0,0,0,0,0,0,0,0,2,0,0,0,1,0,0,0,0,0,6,0,0,0,1,0,0,0,0,0,7
SL050,34024444062,0,0,1,0,0,0,0,0,0,0,0,0,0,0,0,0,0,0,0,0,0,0,1,0,0,0,0,0,0,0,1
SL050,34024444063,0,0,11,0,0,0,0,0,0,0,0,0,7,0,3,0,0,0,0,0,0,0,18,0,3,0,0,0,0,0,21
SL050,34024444064,0,0,0,0,0,0,0,0,0,0,2,0,0,0,1,0,0,0,0,0,2,0,0,0,1,0,0,0,0,0,3
SL050,34024444065,1,0,0,0,0,0,0,0,0,0,0,0,0,0,1,0,0,0,0,0,1,0,0,0,1,0,0,0,0,0,2
SL050,34024444066,0,0,0,0,1,0,0,0,0,0,0,0,0,0,0,0,0,0,0,0,0,0,0,0,1,0,0,0,0,0,1
SL050,34024444067,3,0,5,0,1,0,0,0,0,0,2,2,6,0,2,0,0,0,0,0,5,2,11,0,3,0,0,0,0,0,21
SL050,34024444068,13,0,7,1,3,0,2,0,0,0,14,0,4,0,7,0,1,1,0,0,27,0,11,1,10,0,3,1,0,0,53
SL050,34024444071,14,0,3,0,5,0,2,0,0,0,16,1,4,0,13,0,0,0,0,0,30,1,7,0,18,0,2,0,0,0,58
SL050,34024444074,31,2,10,1,11,1,0,0,0,0,29,3,9,0,20,1,0,0,0,0,60,5,19,1,31,2,0,0,0,0,118
SL050,34024444075,2,0,21,0,0,0,0,0,0,0,1,0,12,0,0,0,0,0,0,0,3,0,33,0,0,0,0,0,0,0,36
SL050,34024444076,41,12,49,0,12,1,0,0,0,0,39,7,25,0,23,0,0,0,0,0,80,19,74,0,35,1,0,0,0,0,209
SL050,34024444077,1,0,2,0,5,0,0,0,0,0,1,0,3,0,5,0,0,1,0,0,2,0,5,0,10,0,0,1,0,0,18
SL050,34024444080,6,0,10,0,1,0,0,0,0,0,3,0,3,0,0,0,0,0,0,0,9,0,13,0,1,0,0,0,0,0,23
SL050,34024444082,0,0,4,0,0,0,0,0,0,0,1,0,1,0,0,0,0,0,0,0,1,0,5,0,0,0,0,0,0,0,6
SL050,34024444084,0,0,1,0,0,0,0,0,0,0,0,1,1,0,2,0,0,0,0,0,0,1,2,0,2,0,0,0,0,0,5
SL050,34024444085,0,0,0,0,0,0,0,0,0,0,0,0,0,0,1,0,0,0,0,0,0,0,0,0,1,0,0,0,0,0,1
SL050,34024444086,25,0,4,1,0,0,0,0,0,0,24,1,1,0,6,2,0,0,0,0,49,1,5,1,6,2,0,0,0,0,64
SL050,34024444088,6,0,2,0,0,0,0,1,0,0,4,0,0,0,0,0,0,0,0,0,10,0,2,0,0,0,0,1,0,0,13
SL050,34024444089,0,0,0,0,1,0,0,0,0,0,0,1,0,0,2,0,0,0,0,0,0,1,0,0,3,0,0,0,0,0,4
SL050,34024444090,3,0,1,0,1,0,0,0,0,0,1,0,0,0,1,0,0,0,0,0,4,0,1,0,2,0,0,0,0,0,7
SL050,34024444092,0,0,0,0,0,0,0,0,0,0,1,0,1,0,6,0,0,0,0,0,1,0,1,0,6,0,0,0,0,0,8
SL050,34024444093,2,0,12,0,0,0,0,0,0,0,3,0,7,0,0,0,0,0,0,0,5,0,19,0,0,0,0,0,0,0,24
SL050,34024444094,0,0,2,0,0,0,0,0,0,0,0,0,1,0,1,0,0,0,0,0,0,0,3,0,1,0,0,0,0,0,4
SL050,34024444096,2,1,5,0,2,0,0,0,0,0,3,1,5,0,1,0,0,0,0,0,5,2,10,0,3,0,0,0,0,0,20
SL050,34024444097,1,0,1,0,1,0,0,0,0,0,2,0,1,0,4,0,0,0,0,0,3,0,2,0,5,0,0,0,0,0,10
SL050,34024444099,7,0,32,0,1,0,35,0,0,0,5,0,21,0,5,0,21,0,0,0,12,0,53,0,6,0,56,0,0,0,127
SL050,34024444100,1,0,15,0,0,0,0,0,0,0,1,0,5,0,1,0,0,0,0,0,2,0,20,0,1,0,0,0,0,0,23
SL050,34024444101,1,0,0,0,0,0,0,0,0,0,0,0,0,0,1,0,0,0,0,0,1,0,0,0,1,0,0,0,0,0,2
SL050,34024444103,5,0,1,0,1,0,0,0,0,0,8,0,0,0,2,0,0,0,0,0,13,0,1,0,3,0,0,0,0,0,17
SL050,34024444105,2,0,0,0,0,0,0,0,0,0,0,0,0,0,1,0,0,0,0,0,2,0,0,0,1,0,0,0,0,0,3
SL050,34024444106,7,0,7,0,0,0,0,0,0,0,6,0,4,0,1,0,0,0,0,0,13,0,11,0,1,0,0,0,0,0,25
SL050,34024444107,2,0,1,0,3,1,0,0,0,0,1,1,0,0,8,1,0,0,0,0,3,1,1,0,11,2,0,0,0,0,18
SL050,34024444108,46,6,0,0,1,1,10,0,0,0,34,3,0,1,3,0,2,0,0,0,80,9,0,1,4,1,12,0,0,0,107
SL050,34024444109,0,0,1,0,1,0,0,0,2,0,0,0,1,0,0,0,0,0,3,0,0,0,2,0,1,0,0,0,5,0,8
SL050,34024444111,1,0,4,0,0,0,0,0,0,0,4,0,2,0,0,0,0,0,0,0,5,0,6,0,0,0,0,0,0,0,11
SL050,34024444112,5,0,2,0,3,0,0,0,0,0,3,0,2,0,5,0,0,0,0,0,8,0,4,0,8,0,0,0,0,0,20
SL050,34024444113,6,0,9,0,1,1,0,0,0,0,4,0,5,0,3,0,0,0,0,0,10,0,14,0,4,1,0,0,0,0,29
SL050,34024444114,8,2,2,1,1,0,0,0,0,0,9,1,0,0,3,0,0,0,0,0,17,3,2,1,4,0,0,0,0,0,27
SL050,34024444115,2,0,15,0,0,0,0,0,0,0,2,0,17,0,0,0,0,0,0,0,4,0,32,0,0,0,0,0,0,0,36
SL050,34024444116,1,0,1,0,1,0,0,0,0,0,1,0,1,0,1,0,0,0,0,0,2,0,2,0,2,0,0,0,0,0,6
SL050,34024444117,5,1,1,0,8,0,0,0,0,0,1,0,5,0,8,0,0,0,0,0,6,1,6,0,16,0,0,0,0,0,29
SL050,34024444118,2,0,4,0,1,0,0,0,0,0,5,1,2,0,2,0,0,0,0,0,7,1,6,0,3,0,0,0,0,0,17
SL050,34024444119,4,0,0,0,0,0,0,0,0,0,6,0,0,0,0,0,0,0,0,0,10,0,0,0,0,0,0,0,0,0,10
SL050,34024444120,0,0,0,0,0,0,0,0,0,1,1,0,0,0,1,0,0,0,0,0,1,0,0,0,1,0,0,0,0,1,3
SL050,34024444121,0,0,2,0,0,0,0,0,0,0,0,0,1,0,0,0,0,0,0,0,0,0,3,0,0,0,0,0,0,0,3
SL050,34024444122,18,0,76,1,19,0,0,2,0,0,18,2,46,4,21,0,0,1,0,0,36,2,122,5,40,0,0,3,0,0,208
SL050,34024444123,3,0,3,0,0,0,0,0,0,0,5,0,2,0,0,0,0,0,0,0,8,0,5,0,0,0,0,0,0,0,13
SL050,34024444124,0,0,0,0,0,0,0,0,0,0,0,0,0,0,1,0,0,0,0,0,0,0,0,0,1,0,0,0,0,0,1
SL050,34024444125,1,0,1,0,0,0,0,0,0,0,0,0,0,0,2,0,0,0,0,0,1,0,1,0,2,0,0,0,0,0,4
SL050,34024444126,5,0,14,0,3,0,17,0,0,0,5,0,8,0,5,0,15,0,0,0,10,0,22,0,8,0,32,0,0,0,72
SL050,34024444127,0,0,4,0,1,0,0,0,0,0,0,0,1,0,1,0,0,0,0,0,0,0,5,0,2,0,0,0,0,0,7
SL050,34024444128,0,0,0,0,0,0,0,0,0,0,0,1,1,0,0,0,0,0,0,0,0,1,1,0,0,0,0,0,0,0,2
SL050,34024444129,0,0,1,0,0,0,0,0,0,0,0,0,0,0,1,0,0,0,0,0,0,0,1,0,1,0,0,0,0,0,2
SL050,34024444130,0,0,0,0,0,0,0,0,0,0,0,0,0,0,1,0,0,0,0,0,0,0,0,0,1,0,0,0,0,0,1
SL050,34024444131,1,0,3,0,0,0,0,0,0,0,1,0,2,0,0,0,0,0,0,0,2,0,5,0,0,0,0,0,0,0,7
SL050,34024444132,1,0,5,0,0,0,0,0,0,0,1,0,3,0,0,0,0,0,0,0,2,0,8,0,0,0,0,0,0,0,10
SL050,34024444133,0,0,2,0,0,0,0,0,0,0,0,0,2,0,0,0,0,0,0,0,0,0,4,0,0,0,0,0,0,0,4
SL050,34024444135,1,0,0,0,0,0,0,0,0,0,0,0,0,0,1,0,0,0,0,0,1,0,0,0,1,0,0,0,0,0,2
SL050,34024444136,1,0,1,0,0,0,0,0,0,0,1,0,0,0,0,0,0,0,0,0,2,0,1,0,0,0,0,0,0,0,3
SL050,34024444137,20,1,4,0,0,0,0,0,0,0,9,0,0,0,0,0,0,0,0,0,29,1,4,0,0,0,0,0,0,0,34
SL050,34024444138,2,0,0,0,3,0,0,0,0,0,2,0,0,0,6,0,0,0,0,0,4,0,0,0,9,0,0,0,0,0,13
SL050,34024444141,10,0,2,0,1,0,0,0,0,0,8,0,0,0,1,0,0,0,0,0,18,0,2,0,2,0,0,0,0,0,22
SL050,34024444142,0,0,0,0,0,0,0,0,0,0,1,0,0,0,0,0,0,0,0,0,1,0,0,0,0,0,0,0,0,0,1
SL050,34024444143,23,0,5,0,16,0,0,0,0,0,17,0,5,0,26,0,0,1,0,0,40,0,10,0,42,0,0,1,0,0,93
SL050,34024444144,5,2,9,0,3,2,0,0,0,0,1,0,11,0,6,0,0,1,0,0,6,2,20,0,9,2,0,1,0,0,40
SL050,34024444145,40,1,30,0,9,0,0,0,0,0,36,0,18,0,15,0,0,0,0,0,76,1,48,0,24,0,0,0,0,0,149
SL050,34024444146,14,0,18,0,8,0,0,0,0,0,10,0,9,0,9,0,0,0,0,0,24,0,27,0,17,0,0,0,0,0,68
SL050,34024444147,6,0,38,0,4,0,5,0,0,0,2,0,19,0,11,1,1,1,0,0,8,0,57,0,15,1,6,1,0,0,88
SL050,34024444148,0,0,6,0,0,0,0,0,0,0,1,0,3,0,0,0,0,0,0,0,1,0,9,0,0,0,0,0,0,0,10
SL050,34024444149,3,0,0,0,0,0,0,0,0,0,0,0,0,0,1,0,0,0,0,0,3,0,0,0,1,0,0,0,0,0,4
SL050,34024444150,0,0,1,0,1,0,0,0,0,0,0,0,2,0,0,0,0,0,0,0,0,0,3,0,1,0,0,0,0,0,4
SL050,34024444151,13,0,8,0,1,0,0,0,0,0,11,1,5,0,3,0,0,0,0,0,24,1,13,0,4,0,0,0,0,0,42
SL050,34024444153,76,3,68,0,17,1,0,2,4,0,74,1,52,0,45,2,0,1,2,0,150,4,120,0,62,3,0,3,6,0,348
SL050,34024444154,9,0,10,2,4,0,0,0,0,0,5,0,2,0,5,1,0,0,0,0,14,0,12,2,9,1,0,0,0,0,38
SL050,34024444155,3,0,10,0,1,0,1,0,0,0,7,0,7,0,6,1,0,0,0,0,10,0,17,0,7,1,1,0,0,0,36
SL050,34024444156,1,0,0,0,0,0,0,0,0,0,1,0,0,0,0,0,0,0,0,0,2,0,0,0,0,0,0,0,0,0,2
SL050,34024444158,24,2,37,0,45,0,0,3,1,0,20,0,35,0,43,0,0,3,0,0,44,2,72,0,88,0,0,6,1,0,213
SL050,34024444159,1,0,1,0,0,0,0,0,0,0,2,0,0,0,0,0,0,0,0,0,3,0,1,0,0,0,0,0,0,0,4
SL050,34024444160,3,0,14,0,1,0,10,0,0,0,1,0,0,0,1,0,10,2,0,0,4,0,14,0,2,0,20,2,0,0,42
SL050,34024444161,5,0,56,1,0,0,0,0,0,0,3,0,36,0,2,0,0,0,0,0,8,0,92,1,2,0,0,0,0,0,103
SL050,34024444163,0,0,1,0,1,0,0,0,0,0,0,0,0,0,2,0,0,0,0,0,0,0,1,0,3,0,0,0,0,0,4
SL050,34024444165,11,0,2,0,0,0,0,0,0,0,9,0,3,0,1,0,0,0,0,0,20,0,5,0,1,0,0,0,0,0,26
SL050,34024444167,0,0,4,0,0,0,0,0,0,0,1,0,2,0,1,0,0,0,0,0,1,0,6,0,1,0,0,0,0,0,8
SL050,34024444168,2,0,2,0,3,0,0,0,0,0,3,0,0,0,1,0,0,0,0,0,5,0,2,0,4,0,0,0,0,0,11
SL050,34024444169,0,1,1,0,7,0,0,0,0,0,0,0,4,0,12,0,0,0,0,0,0,1,5,0,19,0,0,0,0,0,25
SL050,34024444171,3,0,1,0,2,0,0,0,0,0,4,1,0,0,5,0,0,0,0,1,7,1,1,0,7,0,0,0,0,1,17
SL050,34024444172,8,0,5,0,7,0,0,0,0,0,2,0,4,1,12,0,0,0,0,0,10,0,9,1,19,0,0,0,0,0,39
SL050,34024444173,0,1,2,0,0,0,0,0,0,0,0,0,2,0,0,0,0,0,0,0,0,1,4,0,0,0,0,0,0,0,5
SL050,34024444174,7,1,14,0,2,0,0,0,0,0,4,0,6,0,4,0,0,0,0,0,11,1,20,0,6,0,0,0,0,0,38
SL050,34024444175,4,0,1,0,0,0,0,0,0,0,4,0,2,0,0,0,0,0,0,0,8,0,3,0,0,0,0,0,0,0,11
SL050,34024444176,0,0,1,0,0,0,5,0,0,0,0,0,0,0,0,0,2,0,0,0,0,0,1,0,0,0,7,0,0,0,8
SL050,34024444177,0,0,2,0,0,0,0,0,0,0,1,0,1,0,0,0,0,0,0,0,1,0,3,0,0,0,0,0,0,0,4
SL050,34024444178,0,0,0,0,0,0,0,0,0,0,1,0,0,0,0,0,0,0,0,0,1,0,0,0,0,0,0,0,0,0,1
SL050,34024444179,5,0,35,2,0,0,0,0,1,0,3,1,16,1,0,0,0,0,0,0,8,1,51,3,0,0,0,0,1,0,64
SL050,34024444180,0,0,0,0,0,0,0,0,0,0,0,0,0,0,1,0,0,0,0,0,0,0,0,0,1,0,0,0,0,0,1
SL050,34024444181,0,0,2,0,0,0,0,0,0,0,2,0,2,0,1,0,0,0,0,0,2,0,4,0,1,0,0,0,0,0,7
SL050,34024444182,1,0,9,0,2,0,0,0,0,0,1,0,5,0,3,0,0,0,0,0,2,0,14,0,5,0,0,0,0,0,21
SL050,34024444183,0,0,1,2,0,0,0,0,0,0,0,0,1,0,0,0,0,0,0,0,0,0,2,2,0,0,0,0,0,0,4
SL050,34024444184,0,0,1,0,0,0,0,0,0,0,0,0,1,0,0,0,0,0,0,0,0,0,2,0,0,0,0,0,0,0,2
SL050,34024444185,0,0,5,0,0,0,0,0,0,0,0,0,3,0,0,0,0,0,0,0,0,0,8,0,0,0,0,0,0,0,8
SL050,34024444187,6,0,0,0,1,0,0,0,0,0,7,0,0,0,1,0,0,0,0,0,13,0,0,0,2,0,0,0,0,0,15
SL050,34024444189,0,0,0,0,0,0,0,0,0,0,1,0,0,0,1,0,0,0,0,0,1,0,0,0,1,0,0,0,0,0,2
SL050,34024444190,0,0,0,0,0,0,0,0,0,0,1,0,0,0,1,0,0,0,0,0,1,0,0,0,1,0,0,0,0,0,2
SL050,34024444191,10,0,12,4,8,0,0,0,0,0,10,1,8,3,12,0,0,1,0,0,20,1,20,7,20,0,0,1,0,0,69
SL050,34024444192,19,0,7,2,3,0,0,0,0,0,14,0,3,1,5,0,0,0,0,0,33,0,10,3,8,0,0,0,0,0,54
SL050,34024444193,8,0,0,0,4,0,3,0,0,0,8,0,0,0,4,0,5,0,0,0,16,0,0,0,8,0,8,0,0,0,32
SL050,34024444194,4,0,10,0,0,0,0,0,0,0,3,0,4,0,2,1,0,0,0,0,7,0,14,0,2,1,0,0,0,0,24
SL050,34024444195,1,0,0,0,0,0,0,0,0,0,0,0,0,0,0,0,0,0,0,0,1,0,0,0,0,0,0,0,0,0,1
SL050,34024444196,1,0,2,0,0,0,0,0,0,0,0,0,3,0,0,0,0,0,0,0,1,0,5,0,0,0,0,0,0,0,6
SL050,34024444197,3,0,1,0,0,0,0,0,0,0,4,0,0,0,0,0,0,0,0,0,7,0,1,0,0,0,0,0,0,0,8
SL050,34024444198,0,1,0,0,0,0,0,0,0,0,2,0,0,0,1,0,0,0,0,0,2,1,0,0,1,0,0,0,0,0,4
SL050,34024444199,2,0,0,0,0,0,0,0,0,0,2,0,0,0,0,0,0,0,0,0,4,0,0,0,0,0,0,0,0,0,4
SL050,34024444201,23,0,4,0,9,1,0,0,0,0,19,1,3,2,8,0,0,0,0,0,42,1,7,2,17,1,0,0,0,0,70
SL050,34024444203,0,0,0,0,0,0,5,0,0,0,0,0,0,0,0,0,1,0,0,0,0,0,0,0,0,0,6,0,0,0,6
SL050,34024444205,5,2,22,0,0,0,1,0,2,0,3,1,16,0,1,0,1,0,2,0,8,3,38,0,1,0,2,0,4,0,56
SL050,34024444206,7,0,0,0,4,0,0,0,0,0,3,0,0,0,2,0,0,0,0,0,10,0,0,0,6,0,0,0,0,0,16
SL050,34024444207,2,0,0,0,0,0,0,0,0,0,0,0,0,0,0,0,0,0,0,0,2,0,0,0,0,0,0,0,0,0,2
SL050,34024444208,1,0,0,0,0,0,0,0,0,0,2,0,0,0,3,0,0,0,0,0,3,0,0,0,3,0,0,0,0,0,6
SL050,34024444209,19,0,43,12,3,1,0,0,0,0,18,0,32,3,15,0,0,0,0,0,37,0,75,15,18,1,0,0,0,0,146
SL050,34024444210,12,1,96,0,7,0,0,0,2,0,19,0,59,0,11,0,0,0,1,0,31,1,155,0,18,0,0,0,3,0,208
SL050,34024444211,0,0,0,0,0,0,0,0,0,0,1,0,0,0,0,0,0,0,0,0,1,0,0,0,0,0,0,0,0,0,1
SL050,34024444212,0,0,1,0,0,0,0,0,0,0,1,0,0,0,1,0,0,0,0,0,1,0,1,0,1,0,0,0,0,0,3
SL050,34024444213,2,0,5,0,0,0,0,0,0,0,0,0,6,0,2,0,0,0,0,0,2,0,11,0,2,0,0,0,0,0,15
SL050,34024444215,6,2,1,0,0,0,0,0,0,0,2,1,0,0,2,0,0,0,0,0,8,3,1,0,2,0,0,0,0,0,14
SL050,34024444216,667,61,263,32,730,6,93,30,32,3,741,74,199,7,1059,18,63,31,21,0,1408,135,462,39,1789,24,156,61,53,3,4130
SL050,34024444217,0,1,1,0,0,0,0,0,0,0,0,0,0,0,0,0,0,0,0,0,0,1,1,0,0,0,0,0,0,0,2
SL050,34024444218,1,0,0,0,0,1,0,0,0,0,0,0,0,0,0,0,0,0,0,0,1,0,0,0,0,1,0,0,0,0,2
SL050,34024444219,8,0,0,0,0,0,0,0,0,0,7,0,0,0,2,0,0,0,0,0,15,0,0,0,2,0,0,0,0,0,17
SL050,34024444220,5,0,11,0,0,0,0,0,0,0,5,0,6,0,0,0,0,0,0,0,10,0,17,0,0,0,0,0,0,0,27
SL050,34024444221,2,0,0,0,1,0,0,0,0,0,8,0,1,0,7,0,0,0,0,0,10,0,1,0,8,0,0,0,0,0,19
SL050,34024444222,0,0,0,0,0,0,0,0,0,0,3,0,0,0,0,0,0,0,0,0,3,0,0,0,0,0,0,0,0,0,3
SL050,34024444223,0,0,4,0,3,0,0,0,0,0,0,0,2,0,1,0,0,0,0,0,0,0,6,0,4,0,0,0,0,0,10
SL050,34024444224,0,0,2,0,0,0,0,0,0,0,0,0,4,0,0,0,0,0,0,0,0,0,6,0,0,0,0,0,0,0,6
SL050,34024444225,9,0,1,0,2,0,0,0,0,0,5,0,0,0,1,0,0,0,1,0,14,0,1,0,3,0,0,0,1,0,19
SL050,34024444226,0,0,6,0,2,0,0,0,0,0,0,0,7,0,7,0,0,0,0,0,0,0,13,0,9,0,0,0,0,0,22
SL050,34024444227,0,0,5,0,0,0,0,0,0,0,2,0,3,0,1,0,0,0,0,0,2,0,8,0,1,0,0,0,0,0,11
SL050,34024444228,0,0,6,0,0,0,0,0,0,0,0,0,3,0,0,0,0,0,0,0,0,0,9,0,0,0,0,0,0,0,9
SL050,34024444229,2,4,5,2,2,0,0,0,0,0,0,3,5,0,7,0,0,0,0,0,2,7,10,2,9,0,0,0,0,0,30
SL050,34024444230,1,0,10,0,0,0,0,0,0,0,2,0,4,0,0,0,0,0,0,0,3,0,14,0,0,0,0,0,0,0,17
SL050,34024444231,0,0,0,0,0,0,0,0,0,0,0,0,0,0,1,0,0,0,0,0,0,0,0,0,1,0,0,0,0,0,1
SL050,34024444232,18,0,11,0,7,0,0,0,0,0,15,0,9,0,9,0,0,0,0,0,33,0,20,0,16,0,0,0,0,0,69
SL050,34024444234,0,0,0,0,0,0,0,0,0,0,0,1,0,0,0,0,0,0,0,0,0,1,0,0,0,0,0,0,0,0,1
SL050,34024444235,0,0,3,0,0,0,0,0,0,0,0,0,2,0,2,0,0,0,0,0,0,0,5,0,2,0,0,0,0,0,7
SL050,34024444236,1,0,0,0,0,0,0,0,0,0,2,0,0,0,0,0,0,0,1,0,3,0,0,0,0,0,0,0,1,0,4
SL050,34024444237,3,0,12,0,4,0,0,0,0,0,4,0,8,0,4,0,0,0,0,0,7,0,20,0,8,0,0,0,0,0,35
SL050,34024444238,55,2,68,1,9,1,27,4,0,0,53,2,50,0,13,0,16,5,0,0,108,4,118,1,22,1,43,9,0,0,306
SL050,34024444240,1,0,0,0,6,0,0,0,0,0,2,0,0,0,6,0,0,0,0,0,3,0,0,0,12,0,0,0,0,0,15
SL050,34024444241,14,0,0,0,3,0,4,0,3,0,8,0,1,0,2,0,2,0,2,0,22,0,1,0,5,0,6,0,5,0,39
SL050,34024444243,4,0,1,0,0,0,0,0,0,0,3,0,0,0,0,0,0,0,0,0,7,0,1,0,0,0,0,0,0,0,8
SL050,34024444244,1,0,1,0,0,0,0,0,0,0,1,0,1,0,0,0,0,0,0,0,2,0,2,0,0,0,0,0,0,0,4
SL050,34024444245,2,0,4,0,1,0,0,0,0,0,1,0,2,0,3,0,0,0,0,0,3,0,6,0,4,0,0,0,0,0,13
SL050,34024444246,124,17,40,43,25,0,0,1,2,0,107,22,28,8,28,1,0,2,2,0,231,39,68,51,53,1,0,3,4,0,450
SL050,34024444247,1,0,0,0,2,0,0,0,0,0,3,1,0,0,1,0,0,0,0,0,4,1,0,0,3,0,0,0,0,0,8
SL050,34024444249,2,0,0,0,0,0,0,0,0,0,0,0,0,0,0,0,0,0,0,0,2,0,0,0,0,0,0,0,0,0,2
SL050,34024444250,0,0,0,0,0,0,0,0,0,0,1,0,0,0,0,0,0,0,0,0,1,0,0,0,0,0,0,0,0,0,1
SL050,34024444251,1,0,12,0,1,0,0,0,0,0,0,0,9,0,3,0,0,0,0,0,1,0,21,0,4,0,0,0,0,0,26
SL050,34024444252,5,0,0,0,1,0,0,0,0,0,4,0,0,0,2,0,0,0,0,0,9,0,0,0,3,0,0,0,0,0,12
SL050,34024444256,0,0,1,0,0,0,0,0,0,0,0,0,1,0,0,0,0,0,0,0,0,0,2,0,0,0,0,0,0,0,2
SL050,34024444257,1,0,0,0,2,0,0,0,0,0,1,0,0,0,1,0,0,0,0,0,2,0,0,0,3,0,0,0,0,0,5
SL050,34024444260,6,0,3,1,0,0,2,0,0,0,7,0,3,0,2,0,2,0,0,0,13,0,6,1,2,0,4,0,0,0,26
SL050,34024444261,14,0,7,1,10,2,0,0,0,0,9,2,5,0,11,2,0,0,0,0,23,2,12,1,21,4,0,0,0,0,63
SL050,34024444262,0,0,1,0,0,0,0,0,0,0,0,0,0,0,0,0,0,0,0,0,0,0,1,0,0,0,0,0,0,0,1
SL050,34024444263,13,0,7,0,13,0,0,0,0,0,6,1,3,0,14,0,0,0,0,0,19,1,10,0,27,0,0,0,0,0,57
SL050,34024444264,2,0,25,0,1,0,0,0,0,0,2,0,19,0,7,0,0,0,0,0,4,0,44,0,8,0,0,0,0,0,56
SL050,34024444265,23,0,7,1,0,0,0,0,0,0,15,0,5,0,0,0,0,0,0,0,38,0,12,1,0,0,0,0,0,0,51
SL050,34024444266,1,0,2,1,0,0,0,0,0,0,1,0,4,0,0,0,0,0,0,0,2,0,6,1,0,0,0,0,0,0,9
SL050,34024444267,0,0,3,0,1,0,1,0,0,0,0,0,0,0,0,0,0,0,0,0,0,0,3,0,1,0,1,0,0,0,5
SL050,34084545001,38,0,10,2,12,0,0,1,0,0,18,1,5,1,16,0,0,2,0,0,56,1,15,3,28,0,0,3,0,0,106
SL050,34084545002,28,1,100,1,33,0,1,15,3,0,31,1,79,1,45,0,1,8,8,0,59,2,179,2,78,0,2,23,11,0,356
SL050,34084545003,12,2,11,0,2,0,0,0,0,0,7,3,10,0,8,0,0,2,0,0,19,5,21,0,10,0,0,2,0,0,57
SL050,34084545004,3,2,8,2,4,0,0,0,1,0,5,1,2,1,7,0,0,0,1,0,8,3,10,3,11,0,0,0,2,0,37
SL050,34084545005,6,0,2,0,4,0,0,0,0,0,7,0,2,0,4,0,0,0,0,0,13,0,4,0,8,0,0,0,0,0,25
SL050,34084545006,38,1,0,0,6,0,0,2,0,0,36,0,1,0,7,0,0,3,1,0,74,1,1,0,13,0,0,5,1,0,95
SL050,34084545007,8,0,7,0,7,0,0,0,0,0,3,0,4,0,6,1,0,0,0,0,11,0,11,0,13,1,0,0,0,0,36
SL050,34084545008,9,0,0,0,3,0,0,0,0,0,3,0,0,0,3,0,0,0,0,0,12,0,0,0,6,0,0,0,0,0,18
SL050,34084545009,5,0,0,0,2,0,0,0,0,0,9,0,0,0,8,0,0,0,0,0,14,0,0,0,10,0,0,0,0,0,24
SL050,34084545010,17,0,3,1,1,0,0,0,0,0,13,0,3,0,1,0,0,0,0,0,30,0,6,1,2,0,0,0,0,0,39
SL050,34084545011,0,1,0,0,4,0,0,0,0,0,1,1,1,0,2,0,0,0,0,0,1,2,1,0,6,0,0,0,0,0,10
SL050,34084545012,8,1,19,0,7,0,0,0,0,0,19,1,17,0,12,0,0,1,1,0,27,2,36,0,19,0,0,1,1,0,86
SL050,34084545013,20,0,87,0,17,0,0,1,0,2,21,3,63,0,29,0,0,1,1,3,41,3,150,0,46,0,0,2,1,5,248
SL050,34084545014,35,5,60,2,21,0,2,1,1,0,35,6,37,1,45,0,1,2,2,0,70,11,97,3,66,0,3,3,3,0,256
SL050,34084545015,22,2,3,0,16,0,0,0,0,0,27,3,4,1,25,0,0,0,0,0,49,5,7,1,41,0,0,0,0,0,103
SL050,34084545016,90,6,32,5,106,5,12,7,0,1,94,9,27,1,167,2,15,11,0,0,184,15,59,6,273,7,27,18,0,1,590
SL050,34084545017,2,0,0,0,0,0,0,0,0,0,1,0,0,0,0,0,0,0,0,0,3,0,0,0,0,0,0,0,0,0,3
SL050,34084545018,22,3,16,4,25,0,0,5,0,0,20,2,9,5,41,0,0,3,1,0,42,5,25,9,66,0,0,8,1,0,156
SL050,34084545019,167,6,109,11,159,1,6,26,0,0,131,12,91,3,198,3,4,22,1,0,298,18,200,14,357,4,10,48,1,0,950
SL050,34084545020,34,0,0,0,49,0,0,1,0,0,32,0,1,0,44,0,0,2,0,0,66,0,1,0,93,0,0,3,0,0,163
SL050,34084545021,118,1,88,0,68,0,1,2,0,0,115,4,43,2,97,1,1,3,0,0,233,5,131,2,165,1,2,5,0,0,544
SL050,34084545022,6,1,0,0,1,1,0,0,0,0,4,0,0,0,4,0,0,0,0,0,10,1,0,0,5,1,0,0,0,0,17
SL050,34084545023,45,3,4,1,22,1,2,6,2,1,47,4,6,0,42,0,2,9,1,0,92,7,10,1,64,1,4,15,3,1,198
SL050,34084545024,7,1,3,0,5,0,0,3,0,0,10,2,5,0,14,0,0,1,0,0,17,3,8,0,19,0,0,4,0,0,51
SL050,34084545025,43,9,46,38,32,0,0,7,1,0,29,8,38,9,45,0,0,4,0,0,72,17,84,47,77,0,0,11,1,0,309
SL050,34084545026,6,0,0,0,0,0,0,0,0,0,7,0,0,0,0,0,0,0,0,0,13,0,0,0,0,0,0,0,0,0,13
SL050,34084545027,16,0,0,0,0,0,0,0,0,0,6,1,0,0,1,0,0,0,0,0,22,1,0,0,1,0,0,0,0,0,24
SL050,34084545028,119,4,9,0,19,0,0,2,0,0,106,1,8,0,45,0,0,4,0,0,225,5,17,0,64,0,0,6,0,0,317
SL050,34084545029,1,0,0,0,2,0,0,0,0,0,2,0,0,0,5,0,0,0,0,0,3,0,0,0,7,0,0,0,0,0,10
SL050,34084545030,2,0,3,0,6,0,0,2,0,0,4,0,3,0,3,0,2,2,0,0,6,0,6,0,9,0,2,4,0,0,27
SL050,34084545031,63,17,41,18,63,0,0,0,0,0,57,14,28,22,89,3,0,4,0,0,120,31,69,40,152,3,0,4,0,0,419
SL050,34084545032,12,4,2,0,17,0,0,0,0,0,11,5,0,0,10,0,0,0,0,0,23,9,2,0,27,0,0,0,0,0,61
SL050,34084545033,3,0,2,0,0,0,0,0,0,0,5,0,6,0,1,0,0,0,0,0,8,0,8,0,1,0,0,0,0,0,17
SL050,34084545034,54,1,37,0,16,0,0,0,0,0,47,2,34,0,20,0,0,0,0,0,101,3,71,0,36,0,0,0,0,0,211
SL050,34084545035,6,1,0,2,7,0,0,0,0,0,6,1,0,2,9,0,0,0,1,0,12,2,0,4,16,0,0,0,1,0,35
SL050,34084545036,4,0,2,0,2,0,0,0,0,0,10,0,6,0,11,0,0,0,0,0,14,0,8,0,13,0,0,0,0,0,35
SL050,34084545037,22,0,31,0,4,0,0,1,2,0,20,0,28,3,8,0,0,2,2,0,42,0,59,3,12,0,0,3,4,0,123
SL050,34084545038,69,11,43,3,69,1,0,1,0,3,75,17,39,7,75,5,1,6,1,2,144,28,82,10,144,6,1,7,1,5,428
SL050,34084545039,5,0,4,0,0,0,0,0,0,0,3,0,2,0,2,0,0,0,0,0,8,0,6,0,2,0,0,0,0,0,16
SL050,34084545040,61,2,12,5,89,1,0,1,0,0,67,1,8,6,95,1,0,0,0,0,128,3,20,11,184,2,0,1,0,0,349
SL050,34084545041,102,19,123,17,178,0,4,10,6,2,91,24,100,18,205,0,2,15,2,0,193,43,223,35,383,0,6,25,8,2,918
SL050,34084545042,1,1,1,0,6,0,0,0,0,0,3,2,0,0,9,0,0,0,0,0,4,3,1,0,15,0,0,0,0,0,23
SL050,34084545043,32,1,4,0,4,0,0,0,0,0,26,0,5,0,14,0,0,0,0,0,58,1,9,0,18,0,0,0,0,0,86
SL050,34084545045,42,2,23,0,19,1,5,2,0,0,31,2,9,0,24,0,1,3,0,0,73,4,32,0,43,1,6,5,0,0,164
SL050,34084545046,154,3,2,0,3,0,0,4,1,0,141,2,1,0,10,0,0,2,0,0,295,5,3,0,13,0,0,6,1,0,323
SL050,34084545047,40,6,76,37,60,0,0,4,2,1,49,9,58,21,81,1,1,5,2,0,89,15,134,58,141,1,1,9,4,1,453
SL050,34084545048,22,0,1,0,3,0,0,0,0,0,14,0,1,0,5,0,0,0,0,0,36,0,2,0,8,0,0,0,0,0,46
SL050,34084545049,4,0,9,0,1,0,0,0,0,0,5,0,7,0,2,0,0,0,0,0,9,0,16,0,3,0,0,0,0,0,28
SL050,34084545050,3,0,1,0,5,0,0,0,0,0,2,0,0,0,13,0,0,0,0,0,5,0,1,0,18,0,0,0,0,0,24
SL050,34084545051,18,1,42,11,24,0,0,2,0,0,23,0,41,5,38,0,0,6,1,0,41,1,83,16,62,0,0,8,1,0,212
SL050,34084545052,39,0,2,2,24,2,0,5,2,1,39,6,3,1,29,0,0,3,3,0,78,6,5,3,53,2,0,8,5,1,161
SL050,34084545053,222,4,43,0,37,0,6,6,2,0,182,4,24,0,45,1,1,6,1,0,404,8,67,0,82,1,7,12,3,0,584
SL050,34084545054,288,1,117,0,17,2,2,5,0,0,225,1,62,2,30,0,0,1,0,0,513,2,179,2,47,2,2,6,0,0,753
SL050,34084545055,32,0,43,0,6,0,0,2,0,0,30,0,16,0,12,0,0,2,0,0,62,0,59,0,18,0,0,4,0,0,143
SL050,34084545056,62,19,169,6,177,1,2,1,0,1,86,26,104,9,190,2,0,3,1,0,148,45,273,15,367,3,2,4,1,1,859
SL050,34084545057,4,0,0,0,0,0,0,0,0,0,4,0,1,0,0,0,0,0,0,0,8,0,1,0,0,0,0,0,0,0,9
SL050,34084545058,6,0,0,0,3,1,0,0,0,0,6,0,0,0,3,0,0,0,0,0,12,0,0,0,6,1,0,0,0,0,19
SL050,34084545059,45,0,58,0,14,1,0,1,0,0,50,1,31,0,11,0,0,2,0,0,95,1,89,0,25,1,0,3,0,0,214
SL050,34084545060,3,2,3,0,2,0,0,0,0,0,5,1,2,0,5,0,0,0,0,0,8,3,5,0,7,0,0,0,0,0,23
SL050,34084545061,95,5,11,0,63,1,0,7,0,0,97,11,8,1,79,0,0,10,1,0,192,16,19,1,142,1,0,17,1,0,389
SL050,34084545062,13,0,39,1,4,0,0,1,0,0,13,1,40,0,16,0,0,2,0,0,26,1,79,1,20,0,0,3,0,0,130
SL050,34084545063,9,0,2,0,0,0,0,0,0,0,10,0,4,0,3,0,0,0,0,0,19,0,6,0,3,0,0,0,0,0,28
SL050,34084545064,105,2,88,2,69,2,6,6,1,0,103,7,64,1,93,2,1,6,3,0,208,9,152,3,162,4,7,12,4,0,561
SL050,34084545065,0,0,0,0,0,0,0,0,0,0,2,0,0,0,1,0,0,0,0,0,2,0,0,0,1,0,0,0,0,0,3
SL050,34084545066,186,17,400,33,205,1,5,14,3,0,192,20,342,21,306,1,3,16,1,0,378,37,742,54,511,2,8,30,4,0,1766
SL050,34084545067,102,0,25,0,14,0,0,3,0,0,111,1,17,0,28,0,0,5,0,0,213,1,42,0,42,0,0,8,0,0,306
SL050,34084545068,1,0,0,0,1,0,0,0,0,0,0,0,0,0,3,0,0,0,0,0,1,0,0,0,4,0,0,0,0,0,5
SL050,34084545069,28,3,17,5,27,0,1,2,0,0,17,3,24,5,37,0,0,1,0,0,45,6,41,10,64,0,1,3,0,0,170
SL050,34084545070,30,1,18,0,22,0,1,1,0,0,23,4,8,1,20,0,2,3,0,0,53,5,26,1,42,0,3,4,0,0,134
SL050,34084545071,33,0,8,0,21,0,0,1,0,0,42,0,7,0,34,0,0,1,1,0,75,0,15,0,55,0,0,2,1,0,148
SL050,34084545072,8,0,6,0,16,0,0,0,4,0,13,0,3,0,8,2,0,0,3,0,21,0,9,0,24,2,0,0,7,0,63
SL050,34084545073,16,0,3,0,1,0,0,0,0,0,15,0,1,0,1,0,0,0,0,0,31,0,4,0,2,0,0,0,0,0,37
SL050,34084545074,7,1,0,0,5,0,0,0,0,0,4,0,0,0,6,0,0,0,0,0,11,1,0,0,11,0,0,0,0,0,23
SL050,34084545075,3,0,1,0,0,0,0,0,0,0,5,0,0,0,1,0,0,0,0,0,8,0,1,0,1,0,0,0,0,0,10
SL050,34084545076,22,1,3,1,6,0,0,0,0,0,16,1,1,2,19,0,0,0,0,0,38,2,4,3,25,0,0,0,0,0,72
SL050,34084545077,10,0,1,3,11,0,0,0,0,0,17,0,2,0,12,0,0,0,0,0,27,0,3,3,23,0,0,0,0,0,56
SL050,34084545078,18,0,9,1,7,0,0,1,0,0,17,2,13,1,15,0,0,0,0,0,35,2,22,2,22,0,0,1,0,0,84
SL050,34084545079,2,0,4,0,3,0,0,0,1,0,4,0,2,0,2,0,0,0,0,0,6,0,6,0,5,0,0,0,1,0,18
SL050,34084545081,381,36,323,38,868,15,16,193,6,3,400,52,263,37,1067,9,6,168,6,3,781,88,586,75,1935,24,22,361,12,6,3890
SL050,34084545082,30,0,5,0,5,0,0,2,1,0,26,0,8,0,9,0,0,2,0,0,56,0,13,0,14,0,0,4,1,0,88
SL050,34084545083,10,0,6,1,12,1,0,0,0,1,11,2,4,1,23,5,0,1,0,0,21,2,10,2,35,6,0,1,0,1,78
SL050,34084545084,38,3,7,4,10,1,0,4,0,0,31,1,4,4,19,0,0,2,0,0,69,4,11,8,29,1,0,6,0,0,128
SL050,34084545085,117,1,71,10,31,0,0,0,0,1,108,1,50,4,30,0,1,1,1,0,225,2,121,14,61,0,1,1,1,1,427
SL050,34084545086,12,0,1,0,7,0,0,0,1,0,14,0,2,1,9,0,0,0,1,0,26,0,3,1,16,0,0,0,2,0,48
SL050,34084545087,184,9,97,2,50,1,2,16,0,0,166,5,57,0,84,2,2,13,0,0,350,14,154,2,134,3,4,29,0,0,690
SL050,34084545088,68,6,90,1,52,0,0,2,1,0,85,9,63,3,79,2,0,3,0,2,153,15,153,4,131,2,0,5,1,2,466
SL050,34084545089,34,0,12,0,12,0,0,0,0,0,18,1,6,1,21,0,1,1,0,0,52,1,18,1,33,0,1,1,0,0,107
SL050,34084545090,2,0,0,0,1,0,0,0,0,0,3,0,1,0,2,0,0,0,0,0,5,0,1,0,3,0,0,0,0,0,9
SL050,34084545091,5,1,3,0,1,0,0,1,0,0,5,1,4,0,1,0,0,1,0,0,10,2,7,0,2,0,0,2,0,0,23
SL050,34084545092,4,0,1,0,0,0,0,0,0,0,6,0,1,0,0,0,0,0,0,0,10,0,2,0,0,0,0,0,0,0,12
SL050,34084545093,0,0,0,0,0,0,0,0,0,0,0,0,0,0,1,1,0,0,0,0,0,0,0,0,1,1,0,0,0,0,2
SL050,34084545094,16,0,2,0,1,0,0,0,0,0,8,0,4,0,5,0,0,0,0,0,24,0,6,0,6,0,0,0,0,0,36
SL050,34084545095,28,0,3,0,12,0,0,0,0,0,24,0,2,0,16,0,0,0,0,0,52,0,5,0,28,0,0,0,0,0,85
SL050,34084545096,22,0,12,0,16,1,0,0,0,0,17,1,11,0,10,1,0,0,0,0,39,1,23,0,26,2,0,0,0,0,91
SL050,34084545097,5,0,1,0,7,0,0,1,1,0,6,0,0,0,11,1,0,1,0,0,11,0,1,0,18,1,0,2,1,0,34
SL050,34084545098,59,0,66,0,10,0,0,1,0,0,33,1,41,0,12,1,0,0,0,0,92,1,107,0,22,1,0,1,0,0,224
SL050,34084545099,105,11,25,2,92,1,0,1,1,1,86,11,21,3,110,3,1,2,0,0,191,22,46,5,202,4,1,3,1,1,476
SL050,34084545100,10,0,0,0,0,0,0,0,0,0,1,0,0,0,0,0,0,0,0,0,11,0,0,0,0,0,0,0,0,0,11
SL050,34084545101,224,3,8,1,15,0,4,5,0,0,205,3,3,2,27,0,2,6,0,0,429,6,11,3,42,0,6,11,0,0,508
SL050,34084545102,46,2,118,1,36,0,1,4,0,0,56,4,78,0,67,0,0,7,0,0,102,6,196,1,103,0,1,11,0,0,420
SL050,34084545103,5,0,0,0,0,0,0,0,0,0,3,0,1,0,0,0,0,0,0,0,8,0,1,0,0,0,0,0,0,0,9
SL050,34084545104,9,0,2,0,7,0,0,0,0,0,8,0,1,0,12,0,0,0,0,0,17,0,3,0,19,0,0,0,0,0,39
SL050,34084545105,6,0,0,0,1,0,0,0,0,0,2,0,0,0,1,0,0,0,0,0,8,0,0,0,2,0,0,0,0,0,10
SL050,34084545106,167,6,202,3,77,3,15,10,1,0,145,7,110,1,89,1,11,8,0,0,312,13,312,4,166,4,26,18,1,0,856
SL050,34084545107,76,2,37,2,38,1,0,5,0,0,72,4,21,3,64,3,1,5,0,0,148,6,58,5,102,4,1,10,0,0,334
SL050,34084545108,4,0,2,0,6,0,0,3,0,0,13,1,5,0,7,0,0,4,0,0,17,1,7,0,13,0,0,7,0,0,45
SL050,34084545109,62,0,87,0,30,0,0,2,0,0,55,3,39,0,45,0,0,3,0,0,117,3,126,0,75,0,0,5,0,0,326
SL050,34084545110,44,0,1,0,5,0,0,2,1,1,34,0,0,0,19,0,0,2,1,2,78,0,1,0,24,0,0,4,2,3,112
SL050,34084545111,1,0,1,0,0,0,0,0,0,0,0,0,1,0,0,0,0,0,0,0,1,0,2,0,0,0,0,0,0,0,3
SL050,34084545112,241,1,10,0,3,0,0,1,0,0,121,1,7,0,9,1,0,0,0,0,362,2,17,0,12,1,0,1,0,0,395
SL050,34084545113,83,0,1,0,11,0,0,0,1,1,62,0,1,0,10,0,0,0,0,0,145,0,2,0,21,0,0,0,1,1,170
SL050,34084545114,8,0,1,0,4,0,0,0,0,0,13,2,0,0,9,0,0,1,0,0,21,2,1,0,13,0,0,1,0,0,38
SL050,34084545115,42,4,127,0,18,0,0,0,0,0,45,1,67,0,37,0,0,1,0,0,87,5,194,0,55,0,0,1,0,0,342
SL050,34084545116,14,0,42,0,12,0,0,0,0,0,11,0,24,0,9,0,0,0,0,0,25,0,66,0,21,0,0,0,0,0,112
SL050,34084545117,8,1,1,0,2,0,0,0,0,0,11,1,2,0,1,1,0,0,0,0,19,2,3,0,3,1,0,0,0,0,28
SL050,34084545118,49,2,34,5,48,1,0,3,1,0,48,8,26,1,72,2,0,4,0,0,97,10,60,6,120,3,0,7,1,0,304
SL050,34084545119,80,3,86,13,125,1,0,6,1,1,61,4,57,3,178,1,0,10,2,0,141,7,143,16,303,2,0,16,3,1,632
SL050,34084545120,3,0,0,0,0,0,0,0,0,0,2,0,0,0,3,0,0,0,0,0,5,0,0,0,3,0,0,0,0,0,8
SL050,34084545121,361,32,234,55,412,2,5,18,5,1,368,37,162,53,523,2,3,18,8,0,729,69,396,108,935,4,8,36,13,1,2299
SL050,34084545122,159,13,73,3,190,4,1,27,3,0,159,14,52,1,233,9,5,27,3,0,318,27,125,4,423,13,6,54,6,0,976
SL050,34084545123,67,11,6,6,73,0,0,4,0,1,91,14,8,2,129,3,0,6,0,0,158,25,14,8,202,3,0,10,0,1,421
SL050,34084545124,28,1,24,0,11,1,2,3,0,0,27,0,12,0,24,0,2,7,0,0,55,1,36,0,35,1,4,10,0,0,142
SL050,34084545125,25,0,4,1,20,0,0,3,0,0,30,1,2,0,30,0,0,4,1,0,55,1,6,1,50,0,0,7,1,0,121
SL050,34084545126,24,1,0,1,10,0,0,0,0,0,17,3,0,0,11,0,0,0,0,0,41,4,0,1,21,0,0,0,0,0,67
SL050,34084545127,8,0,20,0,9,0,0,1,0,0,16,1,4,0,8,0,1,3,0,0,24,1,24,0,17,0,1,4,0,0,71
SL050,34084545128,27,1,35,3,22,1,0,1,2,1,36,2,22,1,32,2,0,0,3,0,63,3,57,4,54,3,0,1,5,1,191
SL050,34084545129,1,0,1,0,0,0,0,0,0,0,3,0,2,0,0,0,0,0,0,0,4,0,3,0,0,0,0,0,0,0,7
SL050,34084545130,15,0,0,0,5,0,0,0,0,0,5,0,0,0,9,0,0,0,0,0,20,0,0,0,14,0,0,0,0,0,34
SL050,34084545131,3,1,0,0,1,0,0,0,0,0,3,1,2,0,3,0,0,0,0,0,6,2,2,0,4,0,0,0,0,0,14
SL050,34084545132,29,1,4,2,26,0,0,1,0,0,32,5,4,0,29,1,0,1,0,0,61,6,8,2,55,1,0,2,0,0,135
SL050,34084545133,61,3,79,1,58,0,0,4,0,0,54,0,64,0,70,1,0,5,0,0,115,3,143,1,128,1,0,9,0,0,400
SL050,34084545134,16,0,88,1,28,0,0,1,0,0,24,1,74,0,33,0,0,3,0,0,40,1,162,1,61,0,0,4,0,0,269
SL050,34084545135,110,0,14,1,5,0,0,7,0,0,99,0,10,1,15,0,0,5,0,0,209,0,24,2,20,0,0,12,0,0,267
SL050,34084545136,123,5,255,1,62,0,8,9,3,0,118,3,184,1,101,0,3,11,1,0,241,8,439,2,163,0,11,20,4,0,888
SL050,34084545137,89,0,17,0,9,0,0,0,0,0,82,3,11,0,20,1,0,0,0,0,171,3,28,0,29,1,0,0,0,0,232
SL050,34084545138,11,0,2,0,3,0,0,2,0,0,9,0,3,0,3,0,0,2,0,0,20,0,5,0,6,0,0,4,0,0,35
SL050,34084545139,2,0,1,0,0,0,0,0,0,0,3,0,0,0,1,0,0,0,0,0,5,0,1,0,1,0,0,0,0,0,7
SL050,34084545140,50,2,38,0,22,0,0,2,0,0,56,2,22,0,29,0,0,5,0,0,106,4,60,0,51,0,0,7,0,0,228
SL050,34084545141,32,0,0,0,1,0,0,2,0,0,20,0,1,0,0,0,0,1,0,0,52,0,1,0,1,0,0,3,0,0,57
SL050,34084545142,479,4,78,18,48,3,11,7,3,0,451,4,59,3,93,4,0,13,1,3,930,8,137,21,141,7,11,20,4,3,1282
SL050,34084545143,14,1,16,7,18,0,0,2,0,2,21,0,10,3,21,0,0,2,1,0,35,1,26,10,39,0,0,4,1,2,118
SL050,34084545144,47,2,2,0,6,0,0,0,0,0,40,3,2,0,17,1,0,0,0,0,87,5,4,0,23,1,0,0,0,0,120
SL050,34084545145,43,0,134,374,61,0,1,9,0,0,48,0,101,97,96,0,0,6,0,0,91,0,235,471,157,0,1,15,0,0,970
SL050,34084545146,3,0,0,0,0,0,0,0,0,0,1,0,0,0,1,0,0,0,0,0,4,0,0,0,1,0,0,0,0,0,5
SL050,34084545147,14,0,2,0,6,0,0,0,1,0,15,1,5,0,14,0,0,0,0,0,29,1,7,0,20,0,0,0,1,0,58
SL050,34084545148,1,0,1,0,3,0,0,0,0,0,0,0,2,0,2,0,0,0,0,1,1,0,3,0,5,0,0,0,0,1,10
SL050,34084545149,3,7,6,0,2,0,0,0,0,0,3,5,7,0,3,0,0,0,0,0,6,12,13,0,5,0,0,0,0,0,36
SL050,34084545150,3,0,3,0,1,0,0,0,0,0,1,0,2,0,3,0,0,0,0,0,4,0,5,0,4,0,0,0,0,0,13
SL050,34084545151,41,0,12,0,9,0,0,0,0,0,18,1,7,0,12,0,1,0,0,0,59,1,19,0,21,0,1,0,0,0,101
SL050,34084545152,16,1,10,0,5,0,0,0,0,0,12,1,10,0,7,0,0,0,0,0,28,2,20,0,12,0,0,0,0,0,62
SL050,34084545153,18,1,19,1,2,0,0,5,0,0,12,1,23,0,10,0,0,1,0,0,30,2,42,1,12,0,0,6,0,0,93
SL050,34084545154,51,1,0,1,20,1,0,3,0,1,41,1,4,0,33,0,0,0,0,0,92,2,4,1,53,1,0,3,0,1,157
SL050,34084545155,14,0,1,0,0,0,0,0,0,0,7,1,0,0,7,0,0,0,0,0,21,1,1,0,7,0,0,0,0,0,30
SL050,34084545156,103,1,11,1,13,0,0,3,0,0,89,2,11,0,19,1,0,5,0,0,192,3,22,1,32,1,0,8,0,0,259
SL050,34084545157,46,8,22,0,133,1,0,0,1,0,53,5,22,4,132,2,0,0,1,0,99,13,44,4,265,3,0,0,2,0,430
SL050,34084545158,56,7,25,4,59,0,0,7,3,0,46,3,24,3,68,0,0,2,2,0,102,10,49,7,127,0,0,9,5,0,309
SL050,34084545159,1,0,1,0,0,0,0,0,0,0,0,0,0,0,2,0,0,0,0,0,1,0,1,0,2,0,0,0,0,0,4
SL050,34084545160,8,1,2,0,12,0,0,0,0,0,6,3,5,0,5,0,1,1,0,0,14,4,7,0,17,0,1,1,0,0,44
SL050,34084545161,666,89,216,79,1421,8,14,94,10,4,656,119,167,55,1683,5,4,81,14,0,1322,208,383,134,3104,13,18,175,24,4,5385
SL050,34084545162,10,1,1,0,5,0,0,0,0,0,13,1,0,0,4,0,0,0,0,1,23,2,1,0,9,0,0,0,0,1,36
SL050,34084545163,93,5,142,5,185,6,178,15,1,0,82,11,113,10,207,8,99,13,1,0,175,16,255,15,392,14,277,28,2,0,1174
SL050,34084545164,1,0,0,0,1,0,0,0,0,0,1,1,0,0,0,0,0,0,0,0,2,1,0,0,1,0,0,0,0,0,4
SL050,34084545165,1438,88,482,57,1352,25,61,304,11,2,1497,104,388,46,1962,30,21,293,10,5,2935,192,870,103,3314,55,82,597,21,7,8176
SL050,34084545166,15,2,48,0,35,0,8,2,0,0,10,1,31,1,35,0,7,3,0,0,25,3,79,1,70,0,15,5,0,0,198
SL050,34084545167,65,10,2,0,8,0,1,2,2,0,64,12,1,4,25,0,0,1,0,0,129,22,3,4,33,0,1,3,2,0,197
SL050,34084545168,910,177,518,114,1671,52,65,255,50,4,1042,258,511,61,2465,76,115,296,47,6,1952,435,1029,175,4136,128,180,551,97,10,8693
SL050,34084545169,5,0,0,0,2,0,0,0,0,0,2,0,0,0,1,0,0,0,0,0,7,0,0,0,3,0,0,0,0,0,10
SL050,34084545170,5,0,0,0,2,0,0,0,0,0,9,0,0,0,4,0,0,0,0,0,14,0,0,0,6,0,0,0,0,0,20
SL050,34084545171,33,4,3,4,16,0,0,1,0,0,30,5,3,2,19,0,0,0,0,0,63,9,6,6,35,0,0,1,0,0,120
SL050,34084545172,9,0,0,0,2,0,0,0,1,0,7,0,0,0,3,0,0,0,1,0,16,0,0,0,5,0,0,0,2,0,23
SL050,34084545173,222,4,258,27,218,3,13,27,5,0,218,9,219,23,324,5,5,27,12,1,440,13,477,50,542,8,18,54,17,1,1620
SL050,34084545174,4,0,1,0,1,0,0,0,0,0,5,0,0,0,2,0,0,2,0,0,9,0,1,0,3,0,0,2,0,0,15
SL050,34084545175,36,1,0,0,0,0,0,0,0,0,20,1,1,0,4,0,0,0,0,0,56,2,1,0,4,0,0,0,0,0,63
SL050,34084545176,82,8,44,4,71,0,3,13,3,0,83,7,40,6,103,1,3,11,1,1,165,15,84,10,174,1,6,24,4,1,484
SL050,34084545177,66,3,10,0,6,0,0,0,0,0,59,5,10,1,8,0,0,1,0,0,125,8,20,1,14,0,0,1,0,0,169
SL050,34084545179,10,0,0,0,2,0,0,0,0,0,17,1,2,0,2,0,0,0,0,0,27,1,2,0,4,0,0,0,0,0,34
SL050,34084545180,89,7,93,16,103,1,3,8,1,0,90,13,74,15,126,2,2,6,3,0,179,20,167,31,229,3,5,14,4,0,652
SL050,34084545181,47,1,3,0,17,0,0,1,0,0,41,1,1,0,22,0,0,3,0,1,88,2,4,0,39,0,0,4,0,1,138
SL050,34084545182,22,0,14,2,10,0,0,0,0,0,11,0,9,1,9,0,0,1,0,0,33,0,23,3,19,0,0,1,0,0,79
SL050,34084545183,39,6,24,7,78,1,0,2,1,0,57,7,16,4,88,0,0,4,2,0,96,13,40,11,166,1,0,6,3,0,336
SL050,34084545184,3,0,1,0,0,0,0,0,0,0,3,0,0,0,0,0,0,0,0,0,6,0,1,0,0,0,0,0,0,0,7
SL050,34084545185,137,4,35,1,54,0,1,11,0,1,108,5,28,3,79,0,1,11,0,0,245,9,63,4,133,0,2,22,0,1,479
SL050,34084545186,67,24,6,1,23,0,0,1,0,0,64,14,3,0,30,2,1,2,0,0,131,38,9,1,53,2,1,3,0,0,238
SL050,34084545187,65,1,46,0,20,0,1,3,0,0,66,3,26,1,30,0,0,2,0,0,131,4,72,1,50,0,1,5,0,0,264
SL050,34084545188,59,0,74,5,39,0,1,11,0,3,50,6,65,2,52,0,0,8,0,0,109,6,139,7,91,0,1,19,0,3,375
SL050,34084545189,35,2,9,0,18,0,0,0,0,0,38,2,9,0,24,0,0,0,0,0,73,4,18,0,42,0,0,0,0,0,137
SL050,34084545190,7,2,0,0,0,0,0,0,0,0,8,1,0,0,1,0,0,0,0,0,15,3,0,0,1,0,0,0,0,0,19
SL050,34084545191,5,0,2,0,0,0,0,0,0,0,3,0,1,0,2,0,0,0,0,0,8,0,3,0,2,0,0,0,0,0,13
SL050,34084545192,225,2,0,0,3,1,0,2,0,0,172,2,1,0,5,1,0,1,0,0,397,4,1,0,8,2,0,3,0,0,415
SL050,34084545193,8,1,4,0,1,0,0,0,0,0,5,2,1,1,6,0,0,0,0,0,13,3,5,1,7,0,0,0,0,0,29
SL050,34084545194,4,0,0,0,1,0,0,0,0,0,0,0,0,0,2,0,0,0,0,0,4,0,0,0,3,0,0,0,0,0,7
SL050,34084545195,40,0,13,2,11,0,0,1,0,0,48,1,9,0,19,0,0,3,0,4,88,1,22,2,30,0,0,4,0,4,151
SL050,34084545196,19,2,28,5,8,0,0,3,0,0,23,2,22,1,18,0,0,5,3,0,42,4,50,6,26,0,0,8,3,0,139
SL050,34084545197,80,2,13,0,28,0,0,2,0,0,80,0,13,0,34,0,0,1,0,0,160,2,26,0,62,0,0,3,0,0,253
SL050,34084545198,94,1,20,3,20,0,0,4,0,0,81,4,8,4,35,0,0,5,0,0,175,5,28,7,55,0,0,9,0,0,279
SL050,34084545199,75,8,57,11,75,1,0,4,11,0,85,16,38,17,98,1,0,6,9,0,160,24,95,28,173,2,0,10,20,0,512
SL050,34084545200,140,4,89,0,40,0,36,10,0,0,106,1,46,0,47,0,24,11,1,0,246,5,135,0,87,0,60,21,1,0,555
SL050,34084545201,72,13,178,5,117,3,3,14,2,0,86,11,133,8,138,0,0,15,0,0,158,24,311,13,255,3,3,29,2,0,798
SL050,34084545202,40,0,63,2,58,0,4,7,0,0,44,0,53,3,86,0,0,4,2,0,84,0,116,5,144,0,4,11,2,0,366
SL050,34084545203,55,7,96,9,80,0,0,4,2,0,48,6,71,6,98,1,0,6,3,0,103,13,167,15,178,1,0,10,5,0,492
SL050,34084545204,20,0,8,0,11,0,0,1,0,0,10,0,3,0,14,0,0,0,0,0,30,0,11,0,25,0,0,1,0,0,67
SL050,34084545205,172,25,321,72,337,4,4,40,3,1,172,28,226,47,450,2,4,37,0,1,344,53,547,119,787,6,8,77,3,2,1946
SL050,34084545901,22,1,21,0,32,0,1,0,0,0,24,4,15,0,39,0,0,1,1,0,46,5,36,0,71,0,1,1,1,0,161
SL050,34104646001,43,1,32,3,2,0,0,0,0,0,41,0,27,0,3,0,0,0,0,0,84,1,59,3,5,0,0,0,0,0,152
SL050,34104646002,52,4,13,0,12,0,2,0,0,1,46,6,2,0,16,0,1,0,1,0,98,10,15,0,28,0,3,0,1,1,156
SL050,34104646003,10,0,0,1,4,0,0,0,0,0,13,1,1,0,11,0,0,0,0,0,23,1,1,1,15,0,0,0,0,0,41
SL050,34104646004,30,1,13,0,14,0,2,0,0,0,29,3,4,0,20,0,0,0,0,0,59,4,17,0,34,0,2,0,0,0,116
SL050,34104646005,259,45,173,44,342,5,49,56,2,1,263,56,144,28,495,1,24,52,4,1,522,101,317,72,837,6,73,108,6,2,2044
SL050,34104646006,157,11,69,0,42,1,9,7,1,0,159,19,44,1,77,0,2,5,4,0,316,30,113,1,119,1,11,12,5,0,608
SL050,34104646007,144,10,129,29,201,2,18,33,1,2,157,27,97,24,268,3,10,39,0,0,301,37,226,53,469,5,28,72,1,2,1194
SL050,34104646008,64,13,83,1,8,0,1,5,0,0,57,12,43,0,11,1,0,1,0,0,121,25,126,1,19,1,1,6,0,0,300
SL050,34104646009,39,6,22,0,43,0,0,4,0,0,37,15,15,1,55,0,1,9,0,0,76,21,37,1,98,0,1,13,0,0,247
SL050,34104646010,37,6,4,2,12,1,0,0,0,0,27,3,1,1,17,2,0,0,1,0,64,9,5,3,29,3,0,0,1,0,114
SL050,34104646011,373,106,176,8,54,4,12,12,1,0,344,123,125,1,77,1,5,7,3,1,717,229,301,9,131,5,17,19,4,1,1433
SL050,34104646012,19,0,5,1,9,0,1,0,0,0,16,1,3,0,12,0,0,0,0,0,35,1,8,1,21,0,1,0,0,0,67
SL050,34104646013,423,213,102,23,550,30,36,51,23,2,418,319,77,12,710,16,24,61,16,3,841,532,179,35,1260,46,60,112,39,5,3109
SL050,34104646014,84,6,16,1,47,0,0,2,2,0,84,9,15,2,78,0,0,3,1,0,168,15,31,3,125,0,0,5,3,0,350
SL050,34104646015,114,82,117,9,113,1,7,7,4,0,118,76,95,3,161,1,3,4,5,0,232,158,212,12,274,2,10,11,9,0,920
SL050,34104646016,20,0,11,0,5,0,0,1,0,0,20,1,1,0,6,0,0,2,0,0,40,1,12,0,11,0,0,3,0,0,67
SL050,34104646017,1409,183,488,83,442,3,29,58,15,2,1369,181,346,31,631,4,15,61,15,1,2778,364,834,114,1073,7,44,119,30,3,5366
SL050,34104646018,6,0,1,1,5,0,0,0,0,0,5,1,0,0,3,0,0,0,0,0,11,1,1,1,8,0,0,0,0,0,22
SL050,34104646019,211,45,239,12,97,3,8,13,1,0,210,62,163,6,139,1,3,12,1,2,421,107,402,18,236,4,11,25,2,2,1228
SL050,34104646020,264,13,19,4,16,0,0,2,0,0,213,15,11,8,32,0,0,6,0,0,477,28,30,12,48,0,0,8,0,0,603
SL050,34104646021,301,70,163,44,438,5,41,55,12,0,289,91,113,18,543,2,20,58,8,0,590,161,276,62,981,7,61,113,20,0,2271
SL050,34104646022,301,58,295,88,622,2,38,62,7,1,318,74,251,52,721,5,16,55,12,0,619,132,546,140,1343,7,54,117,19,1,2978
SL050,34104646023,25,0,1,0,3,1,0,0,2,0,21,0,3,0,9,1,0,0,0,0,46,0,4,0,12,2,0,0,2,0,66
SL050,34104646024,5,0,0,0,5,0,0,0,0,0,12,1,1,0,12,0,0,0,0,0,17,1,1,0,17,0,0,0,0,0,36
SL050,34104646025,83,20,18,3,21,1,0,7,1,1,138,19,17,4,34,2,1,9,1,0,221,39,35,7,55,3,1,16,2,1,380
SL050,34104646026,41,1,2,2,7,0,3,0,0,0,34,1,1,0,9,0,3,0,0,0,75,2,3,2,16,0,6,0,0,0,104
SL050,34104646027,45,7,0,0,3,0,0,0,0,0,47,6,0,0,8,0,0,0,0,0,92,13,0,0,11,0,0,0,0,0,116
SL050,34104646028,18,0,2,1,6,1,0,0,1,0,15,3,1,0,6,0,0,0,0,0,33,3,3,1,12,1,0,0,1,0,54
SL050,34104646029,451,63,588,32,233,5,36,26,3,1,430,83,396,13,350,5,12,27,6,1,881,146,984,45,583,10,48,53,9,2,2761
SL050,34104646030,17,1,13,0,9,0,1,0,1,0,16,0,10,1,9,0,1,0,0,0,33,1,23,1,18,0,2,0,1,0,79
SL050,34104646031,250,16,222,7,99,7,6,13,2,1,222,18,132,5,145,2,0,20,2,0,472,34,354,12,244,9,6,33,4,1,1169
SL050,34104646032,57,32,40,5,75,4,17,4,4,0,75,27,22,5,112,1,7,10,3,0,132,59,62,10,187,5,24,14,7,0,500
SL050,34104646033,14,0,0,0,2,0,0,0,0,0,15,0,0,0,1,0,0,0,0,0,29,0,0,0,3,0,0,0,0,0,32
SL050,34104646034,46,5,17,2,25,0,1,0,0,0,52,7,18,0,24,1,0,1,0,0,98,12,35,2,49,1,1,1,0,0,199
SL050,34104646035,188,47,12,4,115,0,5,11,2,2,208,51,13,3,151,0,2,14,2,3,396,98,25,7,266,0,7,25,4,5,833
SL050,34104646036,6,0,2,0,1,0,0,0,1,0,5,0,1,0,1,0,0,0,0,0,11,0,3,0,2,0,0,0,1,0,17
SL050,34104646037,44,1,19,2,12,0,2,0,0,0,43,6,19,0,16,0,1,0,0,0,87,7,38,2,28,0,3,0,0,0,165
SL050,34104646038,6,0,2,0,0,0,0,0,0,0,5,0,0,0,1,0,0,0,0,0,11,0,2,0,1,0,0,0,0,0,14
SL050,34104646039,75,11,12,2,8,0,0,0,0,0,66,11,11,0,14,0,0,1,0,0,141,22,23,2,22,0,0,1,0,0,211
SL050,34104646040,28,5,1,0,5,0,0,0,0,0,24,4,0,0,10,0,0,0,0,0,52,9,1,0,15,0,0,0,0,0,77
SL050,34104646041,0,0,5,0,2,0,0,0,1,0,2,0,3,0,1,0,0,0,0,0,2,0,8,0,3,0,0,0,1,0,14
SL050,34104646042,213,7,6,0,16,1,2,3,0,0,192,11,4,1,24,0,0,4,0,0,405,18,10,1,40,1,2,7,0,0,484
SL050,34104646043,6,0,0,0,1,0,0,0,0,0,4,0,0,0,1,0,0,0,0,0,10,0,0,0,2,0,0,0,0,0,12
SL050,34104646044,115,0,4,0,32,1,3,2,1,0,116,9,6,1,60,1,1,6,0,1,231,9,10,1,92,2,4,8,1,1,359
SL050,34104646045,67,2,2,3,4,0,0,0,0,0,60,1,1,0,9,0,0,0,0,0,127,3,3,3,13,0,0,0,0,0,149
SL050,34104646046,106,5,6,2,4,1,1,0,0,0,106,5,9,1,9,1,1,0,0,0,212,10,15,3,13,2,2,0,0,0,257
SL050,34104646047,15,0,0,0,3,0,0,0,0,0,20,1,0,0,0,0,0,0,0,0,35,1,0,0,3,0,0,0,0,0,39
SL050,34104646048,113,5,66,2,66,1,5,1,2,1,125,7,39,4,88,1,3,5,1,0,238,12,105,6,154,2,8,6,3,1,535
SL050,34104646049,3,0,2,0,1,0,0,0,0,0,3,0,2,0,1,0,0,0,0,0,6,0,4,0,2,0,0,0,0,0,12
SL050,34104646050,0,0,1,0,0,0,0,0,0,0,1,0,1,0,1,0,0,0,0,0,1,0,2,0,1,0,0,0,0,0,4
SL050,34104646051,241,42,139,11,118,0,14,8,4,0,230,52,90,10,169,1,4,11,1,1,471,94,229,21,287,1,18,19,5,1,1146
SL050,34104646052,5,0,0,0,1,0,0,0,0,0,8,1,0,0,3,0,0,0,0,0,13,1,0,0,4,0,0,0,0,0,18
SL050,34104646053,6,0,0,9,1,0,0,0,1,0,9,3,1,0,1,0,0,0,0,0,15,3,1,9,2,0,0,0,1,0,31
SL050,34104646054,187,23,97,35,306,3,27,26,3,0,159,32,80,28,381,4,19,34,1,0,346,55,177,63,687,7,46,60,4,0,1445
SL050,34104646055,61,2,6,0,37,1,0,0,0,1,55,0,4,0,30,1,0,3,1,0,116,2,10,0,67,2,0,3,1,1,202
SL050,34104646056,12,0,0,0,1,0,0,0,0,0,11,2,1,1,2,0,0,0,0,0,23,2,1,1,3,0,0,0,0,0,30
SL050,34104646057,11,0,0,0,3,0,0,0,0,0,9,0,0,0,7,1,0,0,0,0,20,0,0,0,10,1,0,0,0,0,31
SL050,34104646058,41,3,8,1,10,1,1,0,0,0,29,3,6,1,21,0,0,2,0,0,70,6,14,2,31,1,1,2,0,0,127
SL050,34104646059,49,7,7,0,11,0,0,0,0,0,40,9,6,0,15,0,0,3,0,0,89,16,13,0,26,0,0,3,0,0,147
SL050,34104646060,182,22,157,10,124,2,28,10,0,0,183,31,90,6,179,5,10,13,0,0,365,53,247,16,303,7,38,23,0,0,1052
SL050,34104646061,6,0,0,0,5,0,0,0,0,0,10,1,0,0,7,0,0,0,0,0,16,1,0,0,12,0,0,0,0,0,29
SL050,34104646062,152,11,18,0,24,0,5,5,0,0,154,10,6,1,42,0,3,6,1,0,306,21,24,1,66,0,8,11,1,0,438
SL050,34104646063,28,2,21,0,18,0,0,1,0,0,26,5,20,1,21,0,0,0,0,0,54,7,41,1,39,0,0,1,0,0,143
SL050,34104646064,14,1,8,1,3,0,1,0,0,0,5,5,3,0,4,0,1,0,0,0,19,6,11,1,7,0,2,0,0,0,46
SL050,34104646065,15,2,2,1,12,0,0,0,0,0,13,2,1,0,21,0,0,0,0,0,28,4,3,1,33,0,0,0,0,0,69
SL050,34104646066,29,3,5,0,12,0,0,4,0,0,26,7,4,0,24,2,0,3,0,1,55,10,9,0,36,2,0,7,0,1,120
SL050,34104646067,31,2,30,2,20,1,0,0,2,0,30,9,17,1,22,0,0,0,1,0,61,11,47,3,42,1,0,0,3,0,168
SL050,34104646068,5,0,0,0,1,0,0,0,0,0,7,0,0,0,5,0,0,0,0,0,12,0,0,0,6,0,0,0,0,0,18
SL050,34104646069,9,0,0,0,0,0,0,0,0,0,9,0,0,0,0,0,0,0,0,0,18,0,0,0,0,0,0,0,0,0,18
SL050,34104646070,370,73,197,28,475,21,14,31,11,5,388,90,163,15,561,33,8,64,9,4,758,163,360,43,1036,54,22,95,20,9,2560
SL050,34104646071,2,0,0,0,2,0,0,0,0,0,0,0,1,0,9,0,0,0,1,0,2,0,1,0,11,0,0,0,1,0,15
SL050,34104646072,18,5,10,1,18,0,1,1,0,0,24,10,2,2,24,2,1,1,0,0,42,15,12,3,42,2,2,2,0,0,120
SL050,34104646073,58,0,3,1,3,0,0,0,0,0,47,0,2,0,10,0,0,1,1,0,105,0,5,1,13,0,0,1,1,0,126
SL050,34104646074,46,12,14,8,49,0,1,0,0,0,43,21,9,6,67,0,0,1,1,0,89,33,23,14,116,0,1,1,1,0,278
SL050,34104646075,0,0,0,0,0,0,0,0,0,0,2,0,0,0,0,0,0,0,0,0,2,0,0,0,0,0,0,0,0,0,2
SL050,34104646076,51,2,3,1,4,0,0,0,0,0,34,3,1,0,9,0,0,0,0,0,85,5,4,1,13,0,0,0,0,0,108
SL050,34104646077,103,19,53,8,113,1,9,8,1,0,107,19,53,4,153,4,2,15,1,0,210,38,106,12,266,5,11,23,2,0,673
SL050,34104646078,554,91,200,106,957,7,109,48,11,0,533,113,168,109,1373,10,53,58,10,1,1087,204,368,215,2330,17,162,106,21,1,4511
SL050,34104646079,6,0,1,0,2,0,0,0,0,0,4,0,0,0,9,0,0,1,0,0,10,0,1,0,11,0,0,1,0,0,23
SL050,34104646080,31,3,18,0,7,0,0,0,0,0,35,3,7,0,13,0,0,0,0,0,66,6,25,0,20,0,0,0,0,0,117
SL050,34104646081,654,17,62,5,47,2,10,9,2,0,610,24,37,0,71,0,4,11,1,1,1264,41,99,5,118,2,14,20,3,1,1567
SL050,34104646082,126,44,20,2,77,2,1,12,2,0,157,40,14,1,118,2,0,22,4,0,283,84,34,3,195,4,1,34,6,0,644
SL050,34104646083,451,163,386,48,138,4,23,17,3,0,385,161,233,6,204,1,7,23,4,0,836,324,619,54,342,5,30,40,7,0,2257
SL050,34104646084,29,0,19,2,13,0,0,0,0,0,26,0,9,2,15,0,0,2,1,0,55,0,28,4,28,0,0,2,1,0,118
SL050,34104646085,553,28,261,8,100,0,10,16,1,0,554,31,199,4,131,1,5,18,2,0,1107,59,460,12,231,1,15,34,3,0,1922
SL050,34104646086,2,0,0,0,2,0,0,0,0,0,1,0,0,0,1,0,0,0,0,0,3,0,0,0,3,0,0,0,0,0,6
SL050,34104646087,1,0,0,0,1,0,0,0,0,0,3,0,0,0,1,0,0,0,0,0,4,0,0,0,2,0,0,0,0,0,6
SL050,34104646088,1,0,0,0,1,0,0,0,0,0,0,0,2,0,2,0,0,0,0,0,1,0,2,0,3,0,0,0,0,0,6
SL050,34104646089,63,1,15,2,24,0,0,1,0,2,67,3,14,0,30,4,0,0,1,0,130,4,29,2,54,4,0,1,1,2,227
SL050,34104646090,104,7,10,3,19,0,0,0,0,0,102,21,6,4,29,0,0,0,0,0,206,28,16,7,48,0,0,0,0,0,305
SL050,34104646091,9,0,1,0,4,0,0,0,0,0,6,0,3,0,6,0,0,0,0,0,15,0,4,0,10,0,0,0,0,0,29
SL050,34104646092,3,0,2,0,0,0,0,0,0,0,5,0,1,0,3,0,0,0,0,0,8,0,3,0,3,0,0,0,0,0,14
SL050,34104646093,107,8,5,3,20,1,0,1,0,0,101,11,8,4,32,0,0,2,1,0,208,19,13,7,52,1,0,3,1,0,304
SL050,34104646094,320,32,367,45,506,10,71,30,10,2,333,56,260,26,660,3,29,26,9,1,653,88,627,71,1166,13,100,56,19,3,2796
SL050,34104646095,14,0,0,0,0,0,5,0,0,0,14,0,0,0,10,3,0,0,0,0,28,0,0,0,10,3,5,0,0,0,46
SL050,34104646096,7,0,0,0,1,0,0,0,0,0,4,0,0,0,6,0,0,0,0,0,11,0,0,0,7,0,0,0,0,0,18
SL050,34104646097,7,2,1,0,6,0,0,0,0,0,13,1,2,0,28,0,0,1,0,0,20,3,3,0,34,0,0,1,0,0,61
SL050,34104646098,52,4,37,11,27,0,4,2,0,0,42,6,20,2,28,0,1,7,1,0,94,10,57,13,55,0,5,9,1,0,244
SL050,34104646099,3,0,0,0,1,0,0,0,0,0,8,0,0,0,7,0,0,0,0,0,11,0,0,0,8,0,0,0,0,0,19
SL050,34104646100,5,5,1,0,2,0,0,0,0,0,0,2,0,0,7,0,0,0,0,0,5,7,1,0,9,0,0,0,0,0,22
SL050,34104646101,10,0,5,0,4,0,0,0,0,0,10,1,2,0,8,1,0,2,0,0,20,1,7,0,12,1,0,2,0,0,43
SL050,34104646102,198,39,219,38,303,5,59,39,6,0,220,55,152,24,422,3,28,37,4,0,418,94,371,62,725,8,87,76,10,0,1851
SL050,34104646103,11,3,9,4,7,1,0,0,0,0,15,2,5,0,14,1,0,0,0,0,26,5,14,4,21,2,0,0,0,0,72
SL050,34104646104,19,1,5,0,3,0,0,0,0,0,31,3,5,0,1,0,0,1,0,0,50,4,10,0,4,0,0,1,0,0,69
SL050,34104646105,722,302,82,273,353,6,109,40,21,1,858,300,47,40,410,6,41,49,14,1,1580,602,129,313,763,12,150,89,35,2,3675
SL050,34104646106,9,3,0,0,4,0,0,1,0,0,8,0,0,0,12,0,0,2,0,0,17,3,0,0,16,0,0,3,0,0,39
SL050,34104646107,111,1,47,1,10,0,0,2,0,1,91,4,16,2,18,2,0,1,1,0,202,5,63,3,28,2,0,3,1,1,308
SL050,34104646108,4,0,3,1,1,0,0,0,0,0,4,0,4,0,5,0,0,0,0,0,8,0,7,1,6,0,0,0,0,0,22
SL050,34104646109,277,22,201,4,77,1,23,9,1,0,217,15,71,4,106,1,9,8,2,0,494,37,272,8,183,2,32,17,3,0,1048
SL050,34104646110,544,138,180,200,741,7,272,59,13,0,585,146,173,146,841,4,98,57,7,1,1129,284,353,346,1582,11,370,116,20,1,4212
SL050,34104646111,330,46,143,15,335,6,7,24,3,6,310,54,72,11,401,13,0,26,9,2,640,100,215,26,736,19,7,50,12,8,1813
SL050,34104646112,25,1,4,1,2,0,2,0,0,0,21,3,4,0,4,0,2,0,0,0,46,4,8,1,6,0,4,0,0,0,69
SL050,34104646113,84,4,12,4,42,1,0,1,0,0,77,3,8,2,60,1,0,2,1,0,161,7,20,6,102,2,0,3,1,0,302
SL050,34104646114,11,0,2,0,4,0,0,0,0,0,18,1,0,0,7,0,0,0,0,0,29,1,2,0,11,0,0,0,0,0,43
SL050,34104646115,4,0,0,0,1,0,0,0,0,0,3,0,0,0,2,0,0,0,0,0,7,0,0,0,3,0,0,0,0,0,10
SL050,34104646116,473,71,43,16,346,33,10,54,21,7,467,101,41,15,523,26,3,69,15,4,940,172,84,31,869,59,13,123,36,11,2338
SL050,34104646117,8,0,1,1,5,0,0,0,0,0,20,1,0,3,5,0,0,1,0,0,28,1,1,4,10,0,0,1,0,0,45
SL050,34104646118,224,13,10,3,26,3,3,2,0,0,209,7,11,0,30,0,1,1,0,0,433,20,21,3,56,3,4,3,0,0,543
SL050,34104646119,16,0,5,0,1,0,0,0,0,0,14,0,3,0,2,0,0,0,0,0,30,0,8,0,3,0,0,0,0,0,41
SL050,34104646120,13,3,5,1,10,0,0,1,0,0,15,3,3,0,13,0,0,2,0,0,28,6,8,1,23,0,0,3,0,0,69
SL050,34104646121,1,0,1,0,0,0,0,0,0,0,1,0,0,0,1,0,0,0,0,0,2,0,1,0,1,0,0,0,0,0,4
SL050,34104646122,76,5,26,4,41,0,3,3,0,0,81,2,20,1,66,0,1,2,1,0,157,7,46,5,107,0,4,5,1,0,332
SL050,34104646123,84,6,8,7,21,2,0,0,0,0,62,15,6,2,30,0,0,0,0,0,146,21,14,9,51,2,0,0,0,0,243
SL050,34104646124,22,2,0,0,4,0,0,0,0,0,21,3,0,0,4,0,0,0,0,0,43,5,0,0,8,0,0,0,0,0,56
SL050,34104646125,17,1,0,0,10,0,0,0,0,0,17,0,0,0,4,0,0,0,0,0,34,1,0,0,14,0,0,0,0,0,49
SL050,34104646126,75,15,85,8,91,2,9,6,5,0,72,12,57,4,145,3,3,11,7,1,147,27,142,12,236,5,12,17,12,1,611
SL050,34104646127,200,8,29,5,36,1,1,2,1,1,184,17,17,2,45,1,1,3,1,0,384,25,46,7,81,2,2,5,2,1,555
SL050,34104646128,38,1,26,1,22,0,0,0,0,0,32,2,21,1,20,0,0,1,0,0,70,3,47,2,42,0,0,1,0,0,165
SL050,34104646129,27,0,18,0,4,0,0,0,0,0,25,0,9,0,5,0,0,0,0,0,52,0,27,0,9,0,0,0,0,0,88
SL050,34104646130,18,0,4,2,1,0,0,0,0,0,23,0,3,0,5,0,0,0,0,0,41,0,7,2,6,0,0,0,0,0,56
SL050,34104646131,3609,453,1117,249,2609,30,394,141,27,5,3380,499,754,103,3051,27,150,147,28,4,6989,952,1871,352,5660,57,544,288,55,9,16777
SL050,34104646132,42,10,22,1,5,0,2,0,0,0,37,8,19,0,14,2,0,2,0,0,79,18,41,1,19,2,2,2,0,0,164
SL050,34104646133,16,0,13,0,1,0,0,0,0,0,12,0,5,0,1,0,0,0,0,0,28,0,18,0,2,0,0,0,0,0,48
SL050,34104646134,121,15,12,4,53,1,1,2,4,1,95,28,5,4,73,0,0,2,1,1,216,43,17,8,126,1,1,4,5,2,423
SL050,34104646135,218,42,27,17,205,12,5,17,17,2,249,49,26,25,271,14,4,16,14,0,467,91,53,42,476,26,9,33,31,2,1230
SL050,34104646136,77,13,14,5,51,1,1,0,3,1,84,19,7,0,71,1,0,1,1,2,161,32,21,5,122,2,1,1,4,3,352
SL050,34104646137,6,0,0,0,0,0,0,0,0,0,5,1,0,0,0,0,0,0,0,0,11,1,0,0,0,0,0,0,0,0,12
SL050,34104646138,4,3,1,0,5,0,0,0,0,0,9,3,0,0,7,0,0,0,0,0,13,6,1,0,12,0,0,0,0,0,32
SL050,34104646139,108,87,24,9,33,7,1,8,1,0,105,78,12,5,59,8,0,7,2,0,213,165,36,14,92,15,1,15,3,0,554
SL050,34104646140,16,1,2,0,7,0,0,0,0,0,12,0,4,1,8,0,0,2,0,0,28,1,6,1,15,0,0,2,0,0,53
SL050,34104646141,11,0,1,0,4,0,0,0,0,0,8,0,0,0,3,1,0,0,0,0,19,0,1,0,7,1,0,0,0,0,28
SL050,34104646142,13,1,1,0,4,0,0,0,0,0,9,0,1,0,3,0,0,0,0,0,22,1,2,0,7,0,0,0,0,0,32
SL050,34104646143,184,37,82,30,76,1,5,6,1,1,182,36,46,6,99,2,0,11,1,1,366,73,128,36,175,3,5,17,2,2,807
SL050,34104646144,16,0,2,2,3,3,0,0,0,0,11,1,1,0,4,1,0,0,0,0,27,1,3,2,7,4,0,0,0,0,44
SL050,34104646145,838,64,225,37,269,9,22,30,7,0,844,77,142,13,378,8,8,48,4,1,1682,141,367,50,647,17,30,78,11,1,3024
SL050,34104646146,45,5,18,2,34,2,0,0,0,0,47,4,13,0,37,0,0,1,0,0,92,9,31,2,71,2,0,1,0,0,208
SL050,34104646147,668,68,364,11,347,9,30,42,9,2,590,76,225,8,456,15,10,45,7,1,1258,144,589,19,803,24,40,87,16,3,2983
SL050,34104646148,25,2,4,0,41,0,0,1,0,0,26,6,2,1,51,0,0,4,1,0,51,8,6,1,92,0,0,5,1,0,164
SL050,34104646149,48,2,0,1,2,0,0,0,0,0,38,3,0,0,1,0,0,0,0,0,86,5,0,1,3,0,0,0,0,0,95
SL050,34104646150,46,29,13,1,5,0,0,1,1,0,46,29,6,1,7,0,0,0,0,0,92,58,19,2,12,0,0,1,1,0,185
SL050,34104646151,15,0,0,0,4,0,0,0,0,0,13,0,0,0,6,1,0,0,0,0,28,0,0,0,10,1,0,0,0,0,39
SL050,34104646152,6,0,0,0,5,0,0,3,0,0,4,1,1,0,2,0,0,4,0,0,10,1,1,0,7,0,0,7,0,0,26
SL050,34104646153,14,0,4,0,2,0,0,0,0,0,10,1,2,0,3,0,0,0,0,0,24,1,6,0,5,0,0,0,0,0,36
SL050,34104646154,26,4,3,1,3,0,0,0,0,0,28,3,2,3,6,0,0,0,0,0,54,7,5,4,9,0,0,0,0,0,79
SL050,34104646155,39,3,3,2,5,0,0,0,0,0,33,1,3,0,10,0,0,0,0,0,72,4,6,2,15,0,0,0,0,0,99
SL050,34104646156,99,7,9,3,20,1,1,4,1,0,86,13,8,2,27,0,0,5,0,0,185,20,17,5,47,1,1,9,1,0,286
SL050,34104646157,49,5,9,1,9,0,0,0,1,0,62,5,7,0,18,0,0,0,1,0,111,10,16,1,27,0,0,0,2,0,167
SL050,34104646158,19,2,8,0,8,0,1,0,0,0,15,2,5,1,13,0,3,1,0,0,34,4,13,1,21,0,4,1,0,0,78
SL050,34104646159,398,70,272,58,419,4,69,275,21,1,392,95,217,27,588,5,33,270,16,1,790,165,489,85,1007,9,102,545,37,2,3231
SL050,34104646160,57,6,15,0,14,0,0,1,0,0,50,10,7,1,18,0,0,5,0,0,107,16,22,1,32,0,0,6,0,0,184
SL050,34104646161,22,3,3,0,19,1,0,0,2,1,28,3,2,0,16,0,0,1,0,1,50,6,5,0,35,1,0,1,2,2,102
SL050,34104646162,41,24,39,10,11,0,2,0,0,0,42,25,16,1,7,0,2,0,0,0,83,49,55,11,18,0,4,0,0,0,220
SL050,34104646163,52,3,7,2,20,1,0,0,0,0,58,11,7,0,31,1,0,2,0,0,110,14,14,2,51,2,0,2,0,0,195
SL050,34104646164,235,47,84,8,340,5,8,13,3,0,251,52,75,9,386,5,2,22,3,1,486,99,159,17,726,10,10,35,6,1,1549
SL050,34104646165,127,28,76,17,168,1,9,23,4,0,123,30,59,13,230,1,7,17,4,0,250,58,135,30,398,2,16,40,8,0,937
SL050,34104646166,86,45,152,4,126,2,6,10,2,1,125,55,93,1,201,4,1,11,3,0,211,100,245,5,327,6,7,21,5,1,928
SL050,34104646167,0,0,0,0,3,0,0,0,0,0,3,0,0,0,2,0,0,0,0,0,3,0,0,0,5,0,0,0,0,0,8
SL050,34104646168,119,13,19,3,33,0,0,1,0,0,112,14,15,1,34,0,0,0,0,0,231,27,34,4,67,0,0,1,0,0,364
SL050,34104646169,583,355,193,144,1209,10,356,92,101,0,616,407,176,91,1553,16,150,105,62,1,1199,762,369,235,2762,26,506,197,163,1,6220
SL050,34104646170,96,10,0,1,17,1,0,0,0,0,91,9,1,1,34,0,0,1,0,0,187,19,1,2,51,1,0,1,0,0,262
SL050,34104646171,492,105,106,24,257,4,24,48,10,0,615,140,83,16,341,14,11,63,10,1,1107,245,189,40,598,18,35,111,20,1,2364
SL050,34104646172,395,16,34,7,93,2,8,12,3,0,347,34,29,5,128,7,2,10,8,0,742,50,63,12,221,9,10,22,11,0,1140
SL050,34104646173,6,7,8,1,19,0,0,0,0,0,4,3,7,0,28,0,0,1,0,0,10,10,15,1,47,0,0,1,0,0,84
SL050,34104646174,35,0,1,0,1,0,0,0,1,0,29,2,0,0,0,0,0,0,0,0,64,2,1,0,1,0,0,0,1,0,69
SL050,34104646175,36,5,0,0,1,0,1,0,0,0,35,2,0,0,1,0,0,0,0,0,71,7,0,0,2,0,1,0,0,0,81
SL050,34104646176,170,6,10,7,14,1,0,0,1,0,151,12,5,2,28,1,0,1,1,0,321,18,15,9,42,2,0,1,2,0,410
SL050,34104646177,138,20,27,7,112,0,8,13,0,0,136,28,24,9,120,0,5,6,0,0,274,48,51,16,232,0,13,19,0,0,653
SL050,34104646178,100,13,15,6,81,6,1,12,3,2,88,26,8,2,112,2,0,17,1,1,188,39,23,8,193,8,1,29,4,3,496
SL050,34104646179,168,8,43,0,8,0,0,0,0,0,170,14,30,0,27,0,0,0,1,1,338,22,73,0,35,0,0,0,1,1,470
SL050,34104646180,23,0,0,0,7,0,0,2,0,0,19,0,0,0,8,0,0,2,1,0,42,0,0,0,15,0,0,4,1,0,62
SL050,34104646181,1719,99,345,42,355,11,53,26,7,10,1670,94,229,16,440,14,21,38,5,6,3389,193,574,58,795,25,74,64,12,16,5200
SL050,34104646182,82,7,7,1,19,0,0,0,0,0,79,9,3,2,18,0,0,1,2,0,161,16,10,3,37,0,0,1,2,0,230
SL050,34104646183,395,25,35,1,44,1,5,6,0,0,385,19,26,1,111,0,2,4,1,0,780,44,61,2,155,1,7,10,1,0,1061
SL050,34104646184,1022,93,385,31,382,10,31,36,19,1,970,113,283,11,476,12,7,44,20,0,1992,206,668,42,858,22,38,80,39,1,3946
SL050,34104646185,8,0,0,0,1,1,0,0,0,0,3,2,0,0,3,1,0,0,0,0,11,2,0,0,4,2,0,0,0,0,19
SL050,34104646186,230,65,152,46,395,8,56,33,7,2,244,73,109,17,544,7,29,48,2,1,474,138,261,63,939,15,85,81,9,3,2068
SL050,34104646187,48,4,3,2,11,1,1,2,1,0,50,6,2,2,11,0,0,2,0,0,98,10,5,4,22,1,1,4,1,0,146
SL050,34104646188,55,2,21,0,22,0,0,0,0,0,41,3,16,0,27,0,0,1,0,0,96,5,37,0,49,0,0,1,0,0,188
SL050,34104646189,19,0,1,0,3,0,0,0,0,0,19,1,1,0,3,0,0,1,0,0,38,1,2,0,6,0,0,1,0,0,48
SL050,34104646190,1200,243,352,236,1385,38,131,152,46,4,1352,331,256,171,1832,34,48,170,39,5,2552,574,608,407,3217,72,179,322,85,9,8025
SL050,34104646191,221,5,37,3,24,0,0,0,1,0,194,1,22,0,29,2,0,0,1,0,415,6,59,3,53,2,0,0,2,0,540
SL050,34104646192,9,6,8,0,6,0,0,0,0,0,11,5,8,1,9,0,0,0,0,0,20,11,16,1,15,0,0,0,0,0,63
SL050,34104646193,84,29,45,9,211,1,9,30,0,1,101,31,33,4,318,4,1,35,1,0,185,60,78,13,529,5,10,65,1,1,947
SL050,34104646194,312,50,140,14,260,3,23,15,5,2,338,53,122,13,333,5,18,17,2,3,650,103,262,27,593,8,41,32,7,5,1728
SL050,34104646195,144,9,61,0,31,0,2,0,0,0,140,13,34,1,42,1,0,0,2,0,284,22,95,1,73,1,2,0,2,0,480
SL050,34104646196,5,0,0,0,0,0,0,0,0,0,3,0,0,0,2,0,0,0,0,0,8,0,0,0,2,0,0,0,0,0,10
SL050,34104646197,46,7,23,0,9,1,0,0,0,0,48,6,17,0,17,0,0,2,0,0,94,13,40,0,26,1,0,2,0,0,176
SL050,34104646198,20,2,0,1,12,1,0,0,0,0,26,4,0,2,14,1,0,0,0,0,46,6,0,3,26,2,0,0,0,0,83
SL050,34104646199,143,44,35,6,164,3,14,7,14,1,188,50,21,3,239,6,5,18,10,0,331,94,56,9,403,9,19,25,24,1,971
SL050,34104646200,127,26,2,0,11,0,1,0,0,0,145,32,4,0,20,1,0,0,0,0,272,58,6,0,31,1,1,0,0,0,369
SL050,34104646202,483,63,129,40,325,9,23,28,6,5,533,87,107,19,447,11,10,50,6,3,1016,150,236,59,772,20,33,78,12,8,2384
SL050,34104646203,96,11,41,4,19,1,2,2,0,0,89,10,28,0,26,1,0,3,0,0,185,21,69,4,45,2,2,5,0,0,333
SL050,34104646204,126,27,14,6,149,7,14,9,8,2,133,33,18,7,182,8,4,13,8,1,259,60,32,13,331,15,18,22,16,3,769
SL050,34104646205,388,71,115,20,373,33,7,38,29,4,412,97,81,14,491,36,1,35,25,2,800,168,196,34,864,69,8,73,54,6,2272
SL050,34104646206,14,0,0,1,1,0,0,0,0,0,22,1,0,0,6,0,0,0,0,0,36,1,0,1,7,0,0,0,0,0,45
SL050,34104646207,124,22,11,8,116,2,42,5,3,1,130,25,9,5,173,1,14,6,6,0,254,47,20,13,289,3,56,11,9,1,703
SL050,34104646208,35,0,3,0,14,1,1,0,0,0,42,1,1,0,12,1,1,1,0,0,77,1,4,0,26,2,2,1,0,0,113
SL050,34104646209,55,3,1,0,16,0,0,0,0,0,40,8,0,1,20,0,0,2,0,0,95,11,1,1,36,0,0,2,0,0,146
SL050,34104646210,14,0,1,2,2,0,0,1,0,0,15,0,0,1,4,0,0,0,0,0,29,0,1,3,6,0,0,1,0,0,40
SL050,34104646211,67,7,10,0,29,1,1,0,1,0,64,5,7,5,71,1,0,5,1,0,131,12,17,5,100,2,1,5,2,0,275
SL050,34104646212,90,5,6,6,15,0,0,0,0,0,85,4,2,0,13,0,0,4,0,0,175,9,8,6,28,0,0,4,0,0,230
SL050,34104646213,464,24,72,10,312,1,14,26,8,1,456,26,53,5,394,4,12,36,5,1,920,50,125,15,706,5,26,62,13,2,1924
SL050,34104646214,362,44,180,19,311,14,59,62,7,1,371,47,127,9,416,12,30,78,9,2,733,91,307,28,727,26,89,140,16,3,2160
SL050,34104646215,24,2,2,3,8,1,0,0,0,0,25,2,5,0,14,0,0,0,1,0,49,4,7,3,22,1,0,0,1,0,87
SL050,34104646216,124,19,9,5,96,11,3,10,5,2,181,36,14,3,130,17,0,8,5,7,305,55,23,8,226,28,3,18,10,9,685
SL050,34104646217,35,2,2,0,2,0,0,0,0,0,30,1,3,0,3,0,0,0,0,0,65,3,5,0,5,0,0,0,0,0,78
SL050,34104646218,19,0,8,0,8,0,0,0,0,0,16,3,3,0,19,1,0,1,1,0,35,3,11,0,27,1,0,1,1,0,79
SL050,34104646219,9,0,0,0,0,0,0,0,0,0,11,0,0,0,1,0,0,0,1,0,20,0,0,0,1,0,0,0,1,0,22
SL050,34104646220,1682,290,790,255,1088,25,64,151,29,6,1748,320,633,59,1575,30,23,178,27,1,3430,610,1423,314,2663,55,87,329,56,7,8974
SL050,34104646221,7,1,2,0,2,0,0,0,0,0,10,0,1,0,2,0,0,1,0,0,17,1,3,0,4,0,0,1,0,0,26
SL050,34104646222,2,1,1,0,3,0,0,0,0,0,8,1,1,0,1,0,0,0,0,0,10,2,2,0,4,0,0,0,0,0,18
SL050,34104646223,119,29,43,39,209,0,13,24,5,0,135,32,34,16,258,2,4,21,3,0,254,61,77,55,467,2,17,45,8,0,986
SL050,34104646224,4,0,0,0,0,0,0,0,0,0,2,0,0,0,3,0,0,0,0,0,6,0,0,0,3,0,0,0,0,0,9
SL050,34104646225,5,1,0,0,1,0,0,0,0,0,1,3,0,0,2,0,0,0,0,0,6,4,0,0,3,0,0,0,0,0,13
SL050,34104646226,2,0,0,0,0,0,0,0,0,0,3,0,0,0,0,0,0,0,0,0,5,0,0,0,0,0,0,0,0,0,5
SL050,34104646227,20,3,5,0,7,0,0,0,0,0,12,1,1,0,4,0,0,0,0,0,32,4,6,0,11,0,0,0,0,0,53
SL050,34104646228,78,10,11,1,36,4,0,0,4,0,70,11,14,1,39,1,0,1,1,1,148,21,25,2,75,5,0,1,5,1,283
SL050,34104646229,35,5,2,0,13,0,1,0,0,0,30,9,1,0,19,0,1,4,1,0,65,14,3,0,32,0,2,4,1,0,121
SL050,34104646230,390,66,161,48,256,1,38,30,9,1,387,75,140,23,352,2,10,33,2,0,777,141,301,71,608,3,48,63,11,1,2024
SL050,34104646231,236,6,3,0,10,0,0,1,1,0,213,2,3,0,21,1,0,2,0,0,449,8,6,0,31,1,0,3,1,0,499
SL050,34104646232,44,0,5,0,27,0,2,0,0,0,44,0,2,0,40,0,1,1,0,0,88,0,7,0,67,0,3,1,0,0,166
SL050,34104646233,107,13,11,6,44,1,6,3,1,0,106,23,6,2,77,1,0,4,0,0,213,36,17,8,121,2,6,7,1,0,411
SL050,34104646234,4,1,0,0,4,0,0,0,0,0,4,0,0,0,6,0,0,0,0,0,8,1,0,0,10,0,0,0,0,0,19
SL050,34104646235,695,109,162,44,221,4,38,30,2,2,692,128,77,20,305,3,15,35,3,1,1387,237,239,64,526,7,53,65,5,3,2586
SL050,34104646236,19,0,1,0,3,0,0,0,0,0,20,2,3,0,6,0,0,0,0,0,39,2,4,0,9,0,0,0,0,0,54
SL050,34104646237,81,31,56,13,148,1,13,8,3,1,84,24,48,6,195,1,9,12,2,0,165,55,104,19,343,2,22,20,5,1,736
SL050,34104646238,474,35,103,75,154,0,20,10,2,1,491,36,69,23,223,4,10,13,3,4,965,71,172,98,377,4,30,23,5,5,1750
SL050,34104646239,74,0,0,1,4,0,0,0,0,0,67,1,1,1,7,1,0,0,0,0,141,1,1,2,11,1,0,0,0,0,157
SL050,34104646240,19,2,1,0,1,0,0,0,0,0,18,0,1,0,0,0,0,0,0,0,37,2,2,0,1,0,0,0,0,0,42
SL050,34104646241,2,0,2,0,3,0,0,0,0,0,0,0,1,0,4,0,0,0,0,0,2,0,3,0,7,0,0,0,0,0,12
SL050,34104646242,12,0,4,0,7,1,1,0,0,0,4,0,3,0,6,0,0,0,0,0,16,0,7,0,13,1,1,0,0,0,38
SL050,34104646243,3,0,0,0,0,0,0,0,0,0,5,0,1,0,0,0,0,0,0,0,8,0,1,0,0,0,0,0,0,0,9
SL050,34104646244,1358,254,785,263,1556,17,145,183,26,9,1427,327,548,196,2005,23,58,193,24,3,2785,581,1333,459,3561,40,203,376,50,12,9400
SL050,34104646245,26,3,2,0,9,1,0,0,0,0,25,3,2,0,6,1,0,0,0,0,51,6,4,0,15,2,0,0,0,0,78
SL050,34104646246,12,2,0,2,3,0,0,0,0,0,15,3,0,1,8,0,0,0,0,0,27,5,0,3,11,0,0,0,0,0,46
SL050,34104646247,9,5,0,4,10,0,0,0,0,0,7,3,1,0,13,0,0,1,0,0,16,8,1,4,23,0,0,1,0,0,53
SL050,34104646248,155,55,78,6,58,1,11,13,4,0,138,53,34,3,77,0,5,12,0,0,293,108,112,9,135,1,16,25,4,0,703
SL050,34104646249,258,16,44,15,50,0,9,4,1,0,240,14,32,5,92,0,10,8,0,0,498,30,76,20,142,0,19,12,1,0,798
SL050,34104646250,14368,3254,4041,5072,28157,719,6006,3143,1054,84,15051,4562,3106,2284,37442,724,2008,3617,954,79,29419,7816,7147,7356,65599,1443,8014,6760,2008,163,135725
SL050,34104646251,79,1,2,10,5,0,0,0,0,0,68,0,0,0,18,0,0,2,0,0,147,1,2,10,23,0,0,2,0,0,185
SL050,34104646253,6,0,0,0,0,0,0,0,0,0,3,0,0,0,1,0,0,0,0,0,9,0,0,0,1,0,0,0,0,0,10
SL050,34104646254,66,0,2,0,5,0,10,0,1,0,59,0,0,0,10,0,0,0,0,0,125,0,2,0,15,0,10,0,1,0,153
SL050,34104646255,146,30,11,0,54,1,8,1,0,0,157,17,10,0,62,5,2,4,1,0,303,47,21,0,116,6,10,5,1,0,509
SL050,34104646256,297,40,52,11,82,1,14,6,3,0,310,46,30,5,122,2,5,11,2,1,607,86,82,16,204,3,19,17,5,1,1040
SL050,34104646257,213,13,47,5,54,1,2,12,0,0,210,18,30,2,74,1,1,10,2,0,423,31,77,7,128,2,3,22,2,0,695
SL050,34104646258,149,1,21,10,16,0,7,5,0,0,147,3,9,1,24,0,1,4,0,0,296,4,30,11,40,0,8,9,0,0,398
SL050,34104646259,21,0,0,0,7,0,0,0,0,0,18,0,0,0,7,0,0,0,0,0,39,0,0,0,14,0,0,0,0,0,53
SL050,34104646260,16,3,8,2,39,0,0,0,1,0,23,6,12,0,52,1,0,1,1,0,39,9,20,2,91,1,0,1,2,0,165
SL050,34104646261,41,2,2,1,15,0,0,0,0,0,32,1,1,0,23,0,0,1,1,0,73,3,3,1,38,0,0,1,1,0,120
SL050,34104646262,0,0,0,0,0,0,0,0,0,0,1,0,0,0,0,0,0,0,0,0,1,0,0,0,0,0,0,0,0,0,1
SL050,34104646263,41,0,0,0,0,1,0,0,0,0,51,0,0,0,2,0,0,0,0,0,92,0,0,0,2,1,0,0,0,0,95
SL050,34104646902,2,0,1,0,3,0,0,0,1,0,1,1,1,0,3,0,0,1,0,0,3,1,2,0,6,0,0,1,1,0,14
SL050,34104646903,134,12,21,4,167,2,0,34,11,4,139,38,22,3,238,6,0,36,14,0,273,50,43,7,405,8,0,70,25,4,885
SL050,34104646904,26,4,3,1,4,0,0,0,0,0,19,1,1,0,6,0,0,0,0,0,45,5,4,1,10,0,0,0,0,0,65
SL050,34074747002,0,0,0,0,0,0,0,0,0,0,1,0,0,0,0,0,0,0,0,0,1,0,0,0,0,0,0,0,0,0,1
SL050,34074747003,5,0,7,0,0,0,0,0,0,0,6,0,4,0,0,0,0,0,0,0,11,0,11,0,0,0,0,0,0,0,22
SL050,34074747004,45,1,1,0,22,0,0,0,0,0,25,0,2,0,27,0,0,0,0,0,70,1,3,0,49,0,0,0,0,0,123
SL050,34074747005,35,1,3,0,0,1,0,0,0,0,20,1,0,0,0,0,0,0,0,0,55,2,3,0,0,1,0,0,0,0,61
SL050,34074747006,1,0,0,0,0,0,0,0,0,0,1,0,0,0,1,0,0,0,0,0,2,0,0,0,1,0,0,0,0,0,3
SL050,34074747007,62,5,2,2,68,2,0,2,1,0,69,4,3,1,103,2,0,2,3,0,131,9,5,3,171,4,0,4,4,0,331
SL050,34074747009,0,0,0,0,1,0,0,0,0,0,0,0,0,0,0,0,0,0,0,0,0,0,0,0,1,0,0,0,0,0,1
SL050,34074747010,192,19,34,4,168,4,5,18,3,3,223,37,36,4,289,4,4,26,4,0,415,56,70,8,457,8,9,44,7,3,1077
SL050,34074747011,0,0,0,0,0,0,0,0,0,0,1,0,0,0,1,0,0,0,0,0,1,0,0,0,1,0,0,0,0,0,2
SL050,34074747012,1,0,0,0,0,0,0,0,0,0,2,0,0,0,0,0,0,0,0,0,3,0,0,0,0,0,0,0,0,0,3
SL050,34074747014,4,0,1,0,3,0,0,0,0,0,2,0,0,0,1,0,0,0,0,0,6,0,1,0,4,0,0,0,0,0,11
SL050,34074747015,16,0,4,0,2,0,0,0,0,0,16,0,5,0,5,0,0,0,0,0,32,0,9,0,7,0,0,0,0,0,48
SL050,34074747016,1,0,0,0,0,0,0,0,0,0,1,0,0,0,0,0,0,0,0,0,2,0,0,0,0,0,0,0,0,0,2
SL050,34074747017,1,0,0,0,0,0,0,0,0,0,0,0,0,0,0,0,0,0,0,0,1,0,0,0,0,0,0,0,0,0,1
SL050,34074747018,0,0,0,0,1,0,0,0,0,0,0,0,0,0,1,0,0,0,0,0,0,0,0,0,2,0,0,0,0,0,2
SL050,34074747019,5,0,0,0,0,0,0,0,0,0,6,0,0,0,0,0,0,0,0,0,11,0,0,0,0,0,0,0,0,0,11
SL050,34074747020,1,0,0,0,2,0,0,0,0,0,1,0,0,1,2,0,0,0,0,0,2,0,0,1,4,0,0,0,0,0,7
SL050,34074747021,1,0,1,0,0,0,0,0,0,0,1,0,1,0,0,0,0,0,0,0,2,0,2,0,0,0,0,0,0,0,4
SL050,34074747023,49,10,2,3,41,0,0,6,1,0,45,4,2,0,56,2,0,11,0,1,94,14,4,3,97,2,0,17,1,1,233
SL050,34074747024,13,0,14,0,0,0,0,0,0,0,17,0,7,0,1,0,0,0,0,0,30,0,21,0,1,0,0,0,0,0,52
SL050,34074747025,2,0,0,0,0,0,0,0,0,0,2,0,0,0,0,0,0,0,0,0,4,0,0,0,0,0,0,0,0,0,4
SL050,34074747026,12,0,0,0,0,0,0,0,0,0,8,0,0,0,1,0,0,0,0,0,20,0,0,0,1,0,0,0,0,0,21
SL050,34074747027,46,0,9,1,9,1,1,0,0,0,49,1,10,0,29,0,0,2,0,0,95,1,19,1,38,1,1,2,0,0,158
SL050,34074747028,0,0,1,0,0,0,0,0,0,0,0,0,0,0,0,0,0,0,0,0,0,0,1,0,0,0,0,0,0,0,1
SL050,34074747029,4,0,0,0,0,0,0,0,0,0,4,0,0,0,0,0,0,0,0,0,8,0,0,0,0,0,0,0,0,0,8
SL050,34074747030,21,0,14,0,4,0,0,0,0,0,27,0,5,0,4,0,2,0,1,0,48,0,19,0,8,0,2,0,1,0,78
SL050,34074747031,5,1,0,0,2,0,0,0,0,0,2,0,0,0,5,0,0,0,0,0,7,1,0,0,7,0,0,0,0,0,15
SL050,34074747032,2,0,0,0,0,0,0,0,0,0,3,0,0,0,1,0,0,0,0,0,5,0,0,0,1,0,0,0,0,0,6
SL050,34074747033,1,0,0,0,4,0,0,0,0,0,1,0,0,0,5,0,0,0,0,0,2,0,0,0,9,0,0,0,0,0,11
SL050,34074747034,0,0,0,0,1,0,0,0,0,0,0,0,0,0,0,0,0,0,0,0,0,0,0,0,1,0,0,0,0,0,1
SL050,34074747035,1,0,0,0,4,0,0,0,0,0,3,0,0,0,1,0,0,0,0,0,4,0,0,0,5,0,0,0,0,0,9
SL050,34074747036,11,0,0,0,0,0,0,0,0,0,8,0,0,0,1,0,0,0,0,0,19,0,0,0,1,0,0,0,0,0,20
SL050,34074747037,0,0,0,0,0,0,0,0,0,0,1,1,0,0,2,0,0,0,0,0,1,1,0,0,2,0,0,0,0,0,4
SL050,34074747038,3,0,0,0,1,0,0,0,0,0,1,0,0,0,2,0,0,0,0,0,4,0,0,0,3,0,0,0,0,0,7
SL050,34074747039,0,0,0,0,0,0,0,0,0,0,1,0,0,0,0,0,0,0,0,0,1,0,0,0,0,0,0,0,0,0,1
SL050,34074747041,1,0,0,0,1,0,0,0,0,0,1,0,0,0,1,0,0,0,0,0,2,0,0,0,2,0,0,0,0,0,4
SL050,34074747042,1,0,3,0,0,0,0,0,0,0,4,0,2,0,0,0,0,0,0,0,5,0,5,0,0,0,0,0,0,0,10
SL050,34074747043,6,0,0,0,1,0,0,0,0,0,10,0,0,0,3,0,0,0,0,0,16,0,0,0,4,0,0,0,0,0,20
SL050,34074747044,3,0,0,0,0,0,0,0,0,0,1,0,1,0,2,0,0,0,0,0,4,0,1,0,2,0,0,0,0,0,7
SL050,34074747045,14,0,12,0,0,0,0,0,0,0,9,0,9,0,10,0,0,0,0,0,23,0,21,0,10,0,0,0,0,0,54
SL050,34074747046,7,1,0,0,0,0,0,0,0,0,7,0,0,0,2,0,0,0,0,0,14,1,0,0,2,0,0,0,0,0,17
SL050,34074747047,2,0,5,0,0,0,0,0,0,0,0,1,4,0,2,0,0,0,0,0,2,1,9,0,2,0,0,0,0,0,14
SL050,34074747048,9,0,0,0,4,0,0,0,0,0,8,0,0,0,4,0,0,0,0,0,17,0,0,0,8,0,0,0,0,0,25
SL050,34074747050,81,5,19,0,47,0,11,4,0,0,54,3,18,1,76,1,7,3,3,0,135,8,37,1,123,1,18,7,3,0,333
SL050,34074747051,0,0,3,0,1,1,0,0,0,0,0,0,1,0,0,1,0,0,0,0,0,0,4,0,1,2,0,0,0,0,7
SL050,34074747052,149,6,6,2,48,2,3,5,1,0,115,16,2,1,86,2,1,10,0,0,264,22,8,3,134,4,4,15,1,0,455
SL050,34074747053,0,0,0,0,0,0,0,0,0,0,2,0,0,0,1,0,0,0,0,0,2,0,0,0,1,0,0,0,0,0,3
SL050,34074747054,8,0,2,1,0,0,0,0,0,0,4,0,0,0,2,0,0,2,0,0,12,0,2,1,2,0,0,2,0,0,19
SL050,34074747055,2,0,0,0,1,0,0,0,0,0,1,0,0,0,0,0,0,0,0,0,3,0,0,0,1,0,0,0,0,0,4
SL050,34074747056,8,0,0,0,0,0,0,0,0,0,5,0,0,0,0,0,0,0,0,0,13,0,0,0,0,0,0,0,0,0,13
SL050,34074747057,13,0,1,1,3,0,0,0,0,0,6,0,0,0,2,0,0,0,0,0,19,0,1,1,5,0,0,0,0,0,26
SL050,34074747058,3,0,1,0,0,0,0,0,0,0,2,0,1,0,1,0,0,0,0,0,5,0,2,0,1,0,0,0,0,0,8
SL050,34074747059,4,0,0,0,1,0,0,0,0,0,9,0,1,0,0,0,0,0,0,0,13,0,1,0,1,0,0,0,0,0,15
SL050,34074747060,5,0,8,0,0,0,0,0,0,0,2,0,1,0,0,0,0,0,0,0,7,0,9,0,0,0,0,0,0,0,16
SL050,34074747061,3,0,0,0,0,0,0,0,0,0,6,0,0,0,0,0,0,0,0,0,9,0,0,0,0,0,0,0,0,0,9
SL050,34074747062,0,0,5,0,0,0,0,0,0,0,0,0,3,0,0,0,0,0,0,0,0,0,8,0,0,0,0,0,0,0,8
SL050,34074747063,0,0,0,0,1,0,0,0,0,0,1,0,0,0,1,0,0,0,0,0,1,0,0,0,2,0,0,0,0,0,3
SL050,34074747065,0,2,2,0,1,0,0,0,0,0,3,1,1,0,2,0,0,0,0,0,3,3,3,0,3,0,0,0,0,0,12
SL050,34074747066,15,2,2,1,25,0,1,0,0,0,25,0,1,0,41,1,5,0,0,0,40,2,3,1,66,1,6,0,0,0,119
SL050,34074747067,0,0,0,0,2,0,0,0,0,0,1,0,0,0,5,0,0,0,0,0,1,0,0,0,7,0,0,0,0,0,8
SL050,34074747068,1,0,0,0,0,0,0,0,0,0,1,0,0,0,1,0,0,0,0,0,2,0,0,0,1,0,0,0,0,0,3
SL050,34074747069,0,0,0,0,0,0,1,0,0,0,1,0,0,0,0,0,0,0,0,0,1,0,0,0,0,0,1,0,0,0,2
SL050,34074747070,1,0,0,0,0,0,0,0,0,0,2,0,0,0,0,0,0,0,0,0,3,0,0,0,0,0,0,0,0,0,3
SL050,34074747071,2,0,0,0,0,0,0,0,0,0,57,1,1,0,1,0,0,0,0,0,59,1,1,0,1,0,0,0,0,0,62
SL050,34074747073,0,0,2,0,0,0,0,0,0,0,0,0,0,0,0,0,0,0,0,0,0,0,2,0,0,0,0,0,0,0,2
SL050,34074747074,4,0,0,0,2,0,0,0,0,0,2,0,0,0,3,0,0,0,0,0,6,0,0,0,5,0,0,0,0,0,11
SL050,34074747075,256,2,14,1,85,0,0,7,3,0,255,3,7,0,102,1,0,6,3,0,511,5,21,1,187,1,0,13,6,0,745
SL050,34074747076,255,28,33,6,158,3,19,16,3,1,276,45,29,5,269,4,9,22,2,0,531,73,62,11,427,7,28,38,5,1,1183
SL050,34074747077,1,0,0,0,1,0,0,0,0,0,0,0,0,0,3,0,0,0,0,0,1,0,0,0,4,0,0,0,0,0,5
SL050,34074747078,0,0,0,0,0,0,0,0,0,0,0,0,0,0,1,0,0,0,0,0,0,0,0,0,1,0,0,0,0,0,1
SL050,34074747079,0,0,0,0,2,0,0,0,0,0,0,0,0,0,2,0,0,0,0,0,0,0,0,0,4,0,0,0,0,0,4
SL050,34074747080,4,0,0,0,1,0,0,0,0,0,3,0,0,0,1,0,0,0,0,0,7,0,0,0,2,0,0,0,0,0,9
SL050,34074747081,0,0,0,0,0,0,0,0,0,0,0,0,0,0,2,0,0,0,0,0,0,0,0,0,2,0,0,0,0,0,2
SL050,34074747082,39,0,1,0,8,0,0,0,0,0,39,2,1,0,4,0,0,0,0,0,78,2,2,0,12,0,0,0,0,0,94
SL050,34074747083,7,0,0,0,0,0,0,0,0,0,6,0,0,0,2,0,0,0,0,0,13,0,0,0,2,0,0,0,0,0,15
SL050,34074747084,155,1,7,0,10,0,0,0,0,0,138,1,0,2,25,1,0,0,0,0,293,2,7,2,35,1,0,0,0,0,340
SL050,34074747085,318,11,140,5,120,4,8,16,1,1,313,19,60,6,197,3,6,25,1,3,631,30,200,11,317,7,14,41,2,4,1257
SL050,34074747086,101,2,12,2,11,1,0,1,0,0,78,2,7,1,23,1,0,1,0,0,179,4,19,3,34,2,0,2,0,0,243
SL050,34074747087,20,0,0,1,5,0,0,0,0,0,17,0,0,0,5,0,0,0,1,0,37,0,0,1,10,0,0,0,1,0,49
SL050,34074747088,0,0,1,0,1,0,0,0,0,0,1,0,1,0,2,0,0,0,0,0,1,0,2,0,3,0,0,0,0,0,6
SL050,34074747089,7,1,2,0,0,0,0,0,0,0,5,1,0,0,0,0,0,0,0,0,12,2,2,0,0,0,0,0,0,0,16
SL050,34074747090,166,5,9,7,27,0,0,3,0,0,121,7,6,0,31,0,0,1,0,0,287,12,15,7,58,0,0,4,0,0,383
SL050,34074747091,0,0,1,0,0,0,0,0,0,0,1,0,1,0,0,0,0,0,0,0,1,0,2,0,0,0,0,0,0,0,3
SL050,34074747092,2,0,1,0,0,0,0,0,0,0,1,0,0,0,0,0,0,0,0,0,3,0,1,0,0,0,0,0,0,0,4
SL050,34074747093,6,0,0,0,5,0,0,0,0,0,3,0,0,1,4,0,0,0,0,0,9,0,0,1,9,0,0,0,0,0,19
SL050,34074747094,7,0,4,0,0,0,0,0,0,0,7,0,2,0,0,0,0,0,0,0,14,0,6,0,0,0,0,0,0,0,20
SL050,34074747096,5,0,0,0,3,0,0,0,0,0,5,0,0,0,3,0,0,0,0,0,10,0,0,0,6,0,0,0,0,0,16
SL050,34074747097,3,0,1,0,2,0,0,0,0,0,5,0,0,0,4,0,0,0,0,0,8,0,1,0,6,0,0,0,0,0,15
SL050,34074747098,10,0,1,1,2,1,0,0,1,0,8,0,0,1,3,0,0,1,0,0,18,0,1,2,5,1,0,1,1,0,29
SL050,34074747101,42,2,1,2,3,0,0,1,0,0,41,1,1,2,14,0,0,2,0,0,83,3,2,4,17,0,0,3,0,0,112
SL050,34074747102,0,0,0,0,0,0,0,0,0,0,0,0,2,0,0,0,0,0,0,0,0,0,2,0,0,0,0,0,0,0,2
SL050,34074747103,13,1,0,0,0,0,0,0,0,0,11,0,0,0,1,0,0,0,0,0,24,1,0,0,1,0,0,0,0,0,26
SL050,34074747104,121,4,19,4,39,0,0,3,0,0,114,6,14,7,57,4,0,5,1,0,235,10,33,11,96,4,0,8,1,0,398
SL050,34074747105,2,0,0,0,0,0,0,0,0,0,2,0,0,0,2,0,0,0,0,0,4,0,0,0,2,0,0,0,0,0,6
SL050,34074747106,3,0,5,0,0,0,0,0,0,0,3,0,0,0,0,0,0,0,0,0,6,0,5,0,0,0,0,0,0,0,11
SL050,34074747109,5,0,0,0,0,0,0,0,0,0,3,0,0,0,0,0,0,0,0,0,8,0,0,0,0,0,0,0,0,0,8
SL050,34074747110,2,0,0,0,1,0,0,0,0,0,0,0,0,0,1,0,0,1,0,0,2,0,0,0,2,0,0,1,0,0,5
SL050,34074747111,17,0,0,0,8,0,0,0,0,0,11,0,1,0,9,0,0,1,0,0,28,0,1,0,17,0,0,1,0,0,47
SL050,34074747112,103,7,8,1,23,0,0,0,1,1,94,4,7,0,29,0,0,0,0,1,197,11,15,1,52,0,0,0,1,2,279
SL050,34074747113,7,0,2,0,0,0,0,0,0,0,7,0,3,0,0,0,0,0,0,0,14,0,5,0,0,0,0,0,0,0,19
SL050,34074747114,129,2,8,2,35,0,3,3,0,2,142,6,2,1,61,0,1,4,1,2,271,8,10,3,96,0,4,7,1,4,404
SL050,34074747115,3,0,6,0,1,0,0,0,0,0,0,0,2,0,1,0,0,0,0,0,3,0,8,0,2,0,0,0,0,0,13
SL050,34074747116,4,0,0,0,2,0,0,0,0,0,7,0,0,0,2,0,0,0,0,0,11,0,0,0,4,0,0,0,0,0,15
SL050,34074747117,2,1,0,0,0,0,0,0,0,0,0,0,0,0,1,0,0,1,0,0,2,1,0,0,1,0,0,1,0,0,5
SL050,34074747118,1,0,0,0,0,0,0,0,0,0,0,0,0,0,1,0,0,0,0,0,1,0,0,0,1,0,0,0,0,0,2
SL050,34074747119,1,0,0,0,0,0,0,0,0,0,0,0,0,0,0,0,0,0,1,0,1,0,0,0,0,0,0,0,1,0,2
SL050,34074747121,0,0,13,0,0,0,0,0,0,0,0,0,4,0,2,0,0,1,0,0,0,0,17,0,2,0,0,1,0,0,20
SL050,34074747122,45,1,11,0,15,0,0,0,1,0,40,4,14,2,15,0,0,0,0,0,85,5,25,2,30,0,0,0,1,0,148
SL050,34074747123,3,1,0,0,0,0,0,0,0,0,2,0,0,0,0,0,0,0,0,0,5,1,0,0,0,0,0,0,0,0,6
SL050,34074747124,19,0,1,1,3,0,0,0,0,0,10,0,3,0,6,0,0,0,0,0,29,0,4,1,9,0,0,0,0,0,43
SL050,34074747125,0,0,0,0,0,0,0,0,0,0,1,0,0,0,0,0,0,0,0,0,1,0,0,0,0,0,0,0,0,0,1
SL050,34074747127,6,0,0,0,0,1,0,0,0,0,4,0,1,0,0,0,0,0,0,0,10,0,1,0,0,1,0,0,0,0,12
SL050,34074747128,0,0,1,0,0,0,0,0,0,0,1,0,1,0,0,0,0,0,0,0,1,0,2,0,0,0,0,0,0,0,3
SL050,34074747129,21,1,0,0,1,0,0,0,0,0,14,0,0,0,12,0,0,0,0,0,35,1,0,0,13,0,0,0,0,0,49
SL050,34074747130,0,0,0,0,0,0,0,0,0,0,1,0,0,0,0,0,0,0,0,0,1,0,0,0,0,0,0,0,0,0,1
SL050,34074747131,1,0,0,0,1,0,0,0,0,0,1,0,1,0,5,0,0,0,0,0,2,0,1,0,6,0,0,0,0,0,9
SL050,34074747132,0,0,0,0,1,0,0,0,0,0,0,0,0,0,0,0,0,0,0,0,0,0,0,0,1,0,0,0,0,0,1
SL050,34074747133,28,5,2,1,18,0,0,1,0,1,25,6,1,0,26,0,0,4,0,0,53,11,3,1,44,0,0,5,0,1,118
SL050,34074747134,1,0,0,0,0,0,0,0,0,0,1,1,0,0,2,0,0,0,0,0,2,1,0,0,2,0,0,0,0,0,5
SL050,34074747138,1,0,0,0,1,0,0,0,0,0,2,0,0,0,1,0,0,0,0,0,3,0,0,0,2,0,0,0,0,0,5
SL050,34074747139,84,0,1,4,6,0,0,0,0,0,62,0,1,1,15,0,0,0,0,0,146,0,2,5,21,0,0,0,0,0,174
SL050,34074747142,2,0,0,0,4,0,0,0,0,0,1,0,0,0,3,0,0,0,0,0,3,0,0,0,7,0,0,0,0,0,10
SL050,34074747144,3,0,0,0,0,0,0,0,0,0,1,0,0,0,0,0,0,0,0,0,4,0,0,0,0,0,0,0,0,0,4
SL050,34074747145,1,0,4,1,0,0,0,0,0,0,2,0,3,0,0,0,0,0,0,0,3,0,7,1,0,0,0,0,0,0,11
SL050,34074747146,4,0,1,0,2,0,0,0,0,0,4,0,0,0,4,0,0,0,0,0,8,0,1,0,6,0,0,0,0,0,15
SL050,34074747147,1,0,0,0,0,0,0,0,0,0,1,0,0,0,0,0,0,0,0,0,2,0,0,0,0,0,0,0,0,0,2
SL050,34074747148,5,0,3,0,4,0,0,0,0,0,9,0,4,0,5,0,0,0,0,0,14,0,7,0,9,0,0,0,0,0,30
SL050,34074747149,0,0,0,0,0,0,0,0,0,0,0,0,0,0,1,0,0,0,0,0,0,0,0,0,1,0,0,0,0,0,1
SL050,34074747150,18,2,0,0,0,0,0,0,0,0,14,0,0,0,1,0,0,0,0,0,32,2,0,0,1,0,0,0,0,0,35
SL050,34074747151,0,0,0,0,1,0,0,0,0,0,1,0,0,0,1,0,0,0,0,0,1,0,0,0,2,0,0,0,0,0,3
SL050,34074747152,2,0,5,0,2,0,0,0,0,0,2,0,1,0,2,0,0,0,0,0,4,0,6,0,4,0,0,0,0,0,14
SL050,34074747153,1,0,0,0,0,0,0,0,0,0,3,0,0,0,0,0,0,0,0,0,4,0,0,0,0,0,0,0,0,0,4
SL050,34074747154,2,0,3,0,0,0,0,0,0,0,2,0,0,0,3,0,0,0,0,0,4,0,3,0,3,0,0,0,0,0,10
SL050,34074747155,52,12,8,1,28,0,0,6,4,0,47,10,4,2,46,0,0,7,1,0,99,22,12,3,74,0,0,13,5,0,228
SL050,34074747156,0,0,0,1,0,0,0,0,0,0,0,0,0,1,0,0,0,0,0,0,0,0,0,2,0,0,0,0,0,0,2
SL050,34074747157,12,0,2,1,5,1,0,0,0,0,5,0,2,1,10,0,0,0,0,0,17,0,4,2,15,1,0,0,0,0,39
SL050,34074747158,48,0,0,0,2,0,0,0,0,0,41,0,1,0,8,0,0,0,0,0,89,0,1,0,10,0,0,0,0,0,100
SL050,34074747159,66,1,18,0,3,0,0,0,0,0,35,1,11,0,15,1,0,0,0,0,101,2,29,0,18,1,0,0,0,0,151
SL050,34074747160,1,0,0,0,1,0,0,0,0,0,2,1,0,0,1,0,0,0,0,0,3,1,0,0,2,0,0,0,0,0,6
SL050,34074747161,90,7,4,2,38,5,1,7,1,0,82,7,3,2,54,6,0,14,0,2,172,14,7,4,92,11,1,21,1,2,325
SL050,34074747163,0,0,0,0,0,0,0,0,0,0,1,0,0,0,0,0,0,0,0,0,1,0,0,0,0,0,0,0,0,0,1
SL050,34074747164,22,0,5,0,0,0,0,0,0,0,13,0,1,0,0,0,0,0,0,0,35,0,6,0,0,0,0,0,0,0,41
SL050,34074747165,275,6,21,5,69,1,6,6,3,0,257,8,11,1,131,2,6,7,1,0,532,14,32,6,200,3,12,13,4,0,816
SL050,34074747166,2,0,0,0,0,0,0,0,0,0,4,1,0,0,3,0,0,0,0,0,6,1,0,0,3,0,0,0,0,0,10
SL050,34074747167,1,0,1,0,0,0,0,0,0,0,1,0,0,0,0,0,0,1,0,0,2,0,1,0,0,0,0,1,0,0,4
SL050,34074747168,1,0,0,0,0,0,0,0,0,0,1,0,0,0,0,0,0,0,0,0,2,0,0,0,0,0,0,0,0,0,2
SL050,34074747169,1,0,0,0,0,0,0,0,0,0,0,1,0,0,0,0,0,0,0,0,1,1,0,0,0,0,0,0,0,0,2
SL050,34074747170,2,0,0,0,0,0,0,0,0,0,0,0,0,0,0,0,0,0,0,0,2,0,0,0,0,0,0,0,0,0,2
SL050,34074747171,1,0,0,0,1,0,0,0,0,0,1,0,0,0,2,0,0,0,0,0,2,0,0,0,3,0,0,0,0,0,5
SL050,34074747172,0,0,0,0,0,0,0,0,0,0,0,0,1,0,1,0,0,0,0,0,0,0,1,0,1,0,0,0,0,0,2
SL050,34074747173,41,4,6,0,3,0,0,0,0,0,31,2,7,0,13,1,1,1,0,1,72,6,13,0,16,1,1,1,0,1,111
SL050,34074747174,6,3,0,0,1,0,0,0,0,0,3,0,0,0,3,0,0,1,0,0,9,3,0,0,4,0,0,1,0,0,17
SL050,34074747175,136,9,31,5,59,0,0,3,1,0,126,10,16,1,87,0,0,7,1,1,262,19,47,6,146,0,0,10,2,1,493
SL050,34074747176,3,0,13,0,0,0,0,0,0,0,1,0,3,0,1,0,0,0,0,0,4,0,16,0,1,0,0,0,0,0,21
SL050,34074747177,0,0,0,0,1,0,0,0,0,0,0,0,0,0,0,0,0,0,0,0,0,0,0,0,1,0,0,0,0,0,1
SL050,34074747178,3,0,0,0,7,0,0,0,0,0,2,0,0,0,4,0,0,1,0,0,5,0,0,0,11,0,0,1,0,0,17
SL050,34074747179,19,0,0,2,6,0,0,0,0,0,18,0,0,1,7,1,1,0,0,0,37,0,0,3,13,1,1,0,0,0,55
SL050,34074747180,1,0,0,0,0,0,0,0,0,0,0,0,0,0,1,0,0,0,0,0,1,0,0,0,1,0,0,0,0,0,2
SL050,34074747181,6,0,0,1,0,0,0,0,0,0,10,0,0,0,2,0,0,0,0,0,16,0,0,1,2,0,0,0,0,0,19
SL050,34074747182,37,0,5,0,10,0,0,0,0,0,36,0,3,0,15,0,0,0,0,0,73,0,8,0,25,0,0,0,0,0,106
SL050,34074747183,1,0,1,0,0,0,0,0,0,0,1,3,1,0,0,0,0,0,0,0,2,3,2,0,0,0,0,0,0,0,7
SL050,34074747184,13,0,0,1,6,0,0,0,0,0,11,0,1,0,6,0,0,0,0,0,24,0,1,1,12,0,0,0,0,0,38
SL050,34074747185,1,0,5,0,0,0,0,0,0,0,0,0,3,0,1,0,0,0,0,0,1,0,8,0,1,0,0,0,0,0,10
SL050,34074747186,2824,362,1444,241,4049,69,218,252,103,13,3166,406,1080,177,5922,115,179,412,78,11,5990,768,2524,418,9971,184,397,664,181,24,21121
SL050,34074747187,5,0,0,0,0,0,0,0,0,0,2,0,0,0,0,0,0,0,0,0,7,0,0,0,0,0,0,0,0,0,7
SL050,34074747188,1,0,0,0,0,0,0,0,0,0,1,0,0,0,0,0,0,0,0,0,2,0,0,0,0,0,0,0,0,0,2
SL050,34074747189,0,0,0,0,0,0,0,0,0,0,0,0,0,1,2,0,0,0,0,0,0,0,0,1,2,0,0,0,0,0,3
SL050,34074747192,1,1,1,0,0,0,0,0,0,0,2,0,0,0,0,0,0,1,0,0,3,1,1,0,0,0,0,1,0,0,6
SL050,34074747193,18,3,5,1,10,2,1,0,1,0,26,3,2,0,18,1,1,0,0,0,44,6,7,1,28,3,2,0,1,0,92
SL050,34074747194,8,2,0,0,0,0,0,0,0,0,8,0,0,0,2,0,0,0,0,0,16,2,0,0,2,0,0,0,0,0,20
SL050,34074747195,6,0,0,0,0,0,0,0,0,0,10,0,3,0,3,0,0,0,0,0,16,0,3,0,3,0,0,0,0,0,22
SL050,34074747197,19,0,10,1,0,0,0,0,0,0,12,0,7,0,3,0,0,0,0,0,31,0,17,1,3,0,0,0,0,0,52
SL050,34074747198,3,0,1,0,0,0,0,0,0,0,6,1,0,0,0,0,0,0,0,0,9,1,1,0,0,0,0,0,0,0,11
SL050,34074747199,0,0,0,0,2,0,0,0,0,0,0,0,0,0,3,0,0,0,0,0,0,0,0,0,5,0,0,0,0,0,5
SL050,34074747200,0,0,0,0,1,0,0,0,0,0,0,0,0,0,1,0,0,0,0,0,0,0,0,0,2,0,0,0,0,0,2
SL050,34074747203,4,0,0,1,0,0,0,0,0,0,2,0,0,0,0,0,0,0,0,0,6,0,0,1,0,0,0,0,0,0,7
SL050,34074747204,4,0,1,0,1,0,0,0,0,0,6,0,2,0,5,0,0,0,0,0,10,0,3,0,6,0,0,0,0,0,19
SL050,34074747205,23,0,26,0,2,0,0,0,0,0,15,0,21,0,4,0,0,0,0,0,38,0,47,0,6,0,0,0,0,0,91
SL050,34074747206,1,0,0,0,0,0,0,0,0,0,0,0,0,0,0,0,0,0,0,0,1,0,0,0,0,0,0,0,0,0,1
SL050,34074747207,13,0,3,0,0,0,0,0,0,0,12,0,2,0,0,0,0,0,0,0,25,0,5,0,0,0,0,0,0,0,30
SL050,34074747208,2,0,0,0,0,0,0,0,0,0,4,0,0,0,0,0,0,0,0,0,6,0,0,0,0,0,0,0,0,0,6
SL050,34074747210,17,0,0,0,1,0,0,0,0,0,12,0,0,0,3,0,0,0,0,0,29,0,0,0,4,0,0,0,0,0,33
SL050,34074747212,9,0,0,0,8,0,0,0,0,1,4,0,0,0,4,0,0,1,0,0,13,0,0,0,12,0,0,1,0,1,27
SL050,34074747213,4,0,0,0,0,0,0,0,0,0,6,0,0,0,0,0,0,0,0,0,10,0,0,0,0,0,0,0,0,0,10
SL050,34074747214,31,0,10,1,1,0,0,0,0,0,41,0,11,0,7,0,0,2,0,0,72,0,21,1,8,0,0,2,0,0,104
SL050,34074747215,0,0,0,0,0,0,0,0,0,0,0,0,0,0,1,0,0,0,0,0,0,0,0,0,1,0,0,0,0,0,1
SL050,34074747216,3,0,0,0,0,0,0,0,0,0,2,0,0,0,0,0,0,0,0,0,5,0,0,0,0,0,0,0,0,0,5
SL050,34074747217,35,0,5,0,24,0,0,0,0,0,37,2,1,0,33,1,0,0,0,0,72,2,6,0,57,1,0,0,0,0,138
SL050,34074747218,16,2,3,0,8,1,0,0,0,0,17,0,0,0,23,0,0,0,0,0,33,2,3,0,31,1,0,0,0,0,70
SL050,34074747219,7,0,0,0,0,0,0,0,0,0,6,0,0,0,1,0,0,0,0,0,13,0,0,0,1,0,0,0,0,0,14
SL050,34074747220,2,0,0,0,1,0,0,0,0,0,2,1,0,0,1,0,0,0,0,0,4,1,0,0,2,0,0,0,0,0,7
SL050,34074747221,0,0,1,0,0,0,0,0,0,0,0,0,0,0,0,0,0,0,0,0,0,0,1,0,0,0,0,0,0,0,1
SL050,34074747223,2,0,0,0,0,0,0,0,0,0,1,0,0,0,0,0,0,0,0,0,3,0,0,0,0,0,0,0,0,0,3
SL050,34074747224,2,0,0,0,0,0,0,0,0,0,2,0,0,0,1,0,0,0,0,0,4,0,0,0,1,0,0,0,0,0,5
SL050,34074747225,1,0,0,0,0,0,0,0,0,0,1,0,0,0,1,0,0,0,0,0,2,0,0,0,1,0,0,0,0,0,3
SL050,34074747226,1,0,0,0,1,0,0,0,0,0,1,0,0,0,0,0,0,0,0,0,2,0,0,0,1,0,0,0,0,0,3
SL050,34074747228,4,0,1,1,2,0,0,0,0,0,3,1,0,1,2,0,0,0,0,0,7,1,1,2,4,0,0,0,0,0,15
SL050,34074747229,3,0,0,0,0,0,0,0,0,0,3,0,0,0,0,1,0,0,0,0,6,0,0,0,0,1,0,0,0,0,7
SL050,34074747230,0,1,0,0,1,0,0,0,0,0,1,0,0,0,0,0,0,0,0,0,1,1,0,0,1,0,0,0,0,0,3
SL050,34074747231,78,7,13,4,39,1,1,8,2,0,67,7,7,2,64,2,1,12,0,0,145,14,20,6,103,3,2,20,2,0,315
SL050,34074747232,2,0,0,0,0,0,0,0,0,0,0,0,0,0,0,0,0,0,0,0,2,0,0,0,0,0,0,0,0,0,2
SL050,34164848001,51,10,49,63,54,2,2,3,1,0,60,13,26,36,75,0,0,4,0,0,111,23,75,99,129,2,2,7,1,0,449
SL050,34164848002,32,4,22,7,50,0,4,4,0,0,36,5,23,5,123,0,4,4,0,1,68,9,45,12,173,0,8,8,0,1,324
SL050,34164848003,472,37,70,78,179,6,12,18,6,1,454,38,39,45,324,3,4,13,14,3,926,75,109,123,503,9,16,31,20,4,1816
SL050,34164848004,1,0,4,1,2,0,0,0,0,0,2,0,1,1,10,0,2,0,0,2,3,0,5,2,12,0,2,0,0,2,26
SL050,34164848005,0,1,0,0,6,0,0,0,0,0,0,1,0,0,4,1,0,0,0,0,0,2,0,0,10,1,0,0,0,0,13
SL050,34164848006,5,0,0,0,3,0,2,0,0,0,2,0,1,2,9,0,0,0,0,0,7,0,1,2,12,0,2,0,0,0,24
SL050,34164848007,0,2,0,1,5,1,0,0,0,0,4,2,0,0,9,2,0,0,0,1,4,4,0,1,14,3,0,0,0,1,27
SL050,34164848008,2,0,3,0,5,0,0,0,0,0,2,0,0,1,18,0,0,0,0,0,4,0,3,1,23,0,0,0,0,0,31
SL050,34164848009,8,4,0,3,5,0,0,0,0,0,1,0,0,0,13,0,0,0,0,0,9,4,0,3,18,0,0,0,0,0,34
SL050,34164848010,6,0,0,3,0,0,0,0,0,0,8,0,0,0,4,0,0,0,0,0,14,0,0,3,4,0,0,0,0,0,21
SL050,34164848011,91,20,79,35,77,3,12,5,1,1,90,21,39,29,172,0,3,10,3,0,181,41,118,64,249,3,15,15,4,1,691
SL050,34164848012,21,1,5,10,32,2,0,0,0,2,23,1,1,9,56,1,1,1,1,1,44,2,6,19,88,3,1,1,1,3,168
SL050,34164848013,685,100,719,408,1909,13,148,132,35,3,729,103,343,289,3116,19,41,144,33,5,1414,203,1062,697,5025,32,189,276,68,8,8974
SL050,34164848014,13,5,0,2,11,4,0,0,0,2,10,3,3,2,18,1,2,0,1,0,23,8,3,4,29,5,2,0,1,2,77
SL050,34164848015,353,34,268,136,466,1,79,56,4,0,347,62,127,82,785,3,27,66,4,1,700,96,395,218,1251,4,106,122,8,1,2901
SL050,34164848016,43,8,8,6,96,4,1,0,1,0,54,11,7,1,146,3,1,3,3,0,97,19,15,7,242,7,2,3,4,0,396
SL050,34164848017,242,20,89,120,193,9,18,4,7,2,245,23,58,29,279,5,3,9,5,2,487,43,147,149,472,14,21,13,12,4,1362
SL050,34164848018,10,0,0,94,44,5,0,0,0,0,7,1,0,15,38,3,0,0,0,1,17,1,0,109,82,8,0,0,0,1,218
SL050,34164848019,50,4,70,36,21,1,11,2,0,0,52,3,45,14,52,2,2,5,0,0,102,7,115,50,73,3,13,7,0,0,370
SL050,34164848020,2458,441,2695,2454,8161,150,630,920,133,23,2703,618,1145,1364,13646,170,199,983,198,12,5161,1059,3840,3818,21807,320,829,1903,331,35,39103
SL050,34164848021,10,1,7,1,11,1,0,0,0,1,11,2,3,2,24,1,0,1,0,0,21,3,10,3,35,2,0,1,0,1,76
SL050,34164848022,8,0,2,0,29,0,0,0,0,0,6,1,1,1,74,1,0,1,0,0,14,1,3,1,103,1,0,1,0,0,124
SL050,34164848023,3,0,6,0,7,0,0,0,2,0,3,0,1,1,14,0,0,0,0,0,6,0,7,1,21,0,0,0,2,0,37
SL050,34164848024,13,0,1,1,14,0,0,0,0,0,12,2,1,1,14,0,0,0,1,0,25,2,2,2,28,0,0,0,1,0,60
SL050,34164848025,5,1,0,2,5,2,0,0,0,0,6,0,0,3,8,1,0,0,0,0,11,1,0,5,13,3,0,0,0,0,33
SL050,34164848026,7,0,2,2,7,0,0,0,0,0,5,1,0,0,20,3,0,0,0,0,12,1,2,2,27,3,0,0,0,0,47
SL050,34164848027,279,45,173,447,432,28,59,34,3,1,271,40,107,210,740,16,4,31,5,5,550,85,280,657,1172,44,63,65,8,6,2930
SL050,34164848028,3,2,0,0,10,6,1,0,0,0,8,5,0,0,26,2,0,4,0,0,11,7,0,0,36,8,1,4,0,0,67
SL050,34164848029,42,9,55,14,96,2,2,10,2,0,46,13,24,11,174,3,0,9,1,0,88,22,79,25,270,5,2,19,3,0,513
SL050,34164848030,2,0,9,25,6,1,0,0,0,2,8,0,5,7,11,3,0,1,1,1,10,0,14,32,17,4,0,1,1,3,82
SL050,34164848031,0,0,1,0,5,2,0,0,0,0,1,0,0,0,5,1,0,0,0,0,1,0,1,0,10,3,0,0,0,0,15
SL050,34164848032,36,7,41,43,79,2,35,1,1,0,29,5,28,27,133,1,21,4,2,0,65,12,69,70,212,3,56,5,3,0,495
SL050,34164848033,3,0,0,0,0,0,0,0,0,0,5,0,0,0,0,0,0,0,0,0,8,0,0,0,0,0,0,0,0,0,8
SL050,34164848034,114,9,232,76,115,2,42,7,2,0,74,12,170,35,240,1,3,9,2,0,188,21,402,111,355,3,45,16,4,0,1145
SL050,34164848035,2,1,1,1,7,2,0,1,0,0,4,0,0,1,11,2,0,2,0,0,6,1,1,2,18,4,0,3,0,0,35
SL050,34164848036,204,19,98,39,208,11,21,28,2,1,212,23,64,19,415,3,4,42,2,0,416,42,162,58,623,14,25,70,4,1,1415
SL050,34164848037,6,0,2,0,3,0,0,0,0,0,6,0,0,0,13,0,0,1,0,0,12,0,2,0,16,0,0,1,0,0,31
SL050,34164848038,10,2,1,0,9,0,1,0,0,0,8,1,1,0,24,1,0,0,1,0,18,3,2,0,33,1,1,0,1,0,59
SL050,34164848039,0,1,0,2,0,0,0,0,0,0,0,2,0,0,4,0,0,0,0,0,0,3,0,2,4,0,0,0,0,0,9
SL050,34164848040,12,2,3,1,12,2,0,0,1,0,15,1,6,1,24,0,0,1,0,1,27,3,9,2,36,2,0,1,1,1,82
SL050,34164848041,11,0,7,0,8,2,0,1,0,2,10,0,4,0,13,6,0,1,1,4,21,0,11,0,21,8,0,2,1,6,70
SL050,34164848042,16,1,7,1,15,0,1,0,0,1,16,4,4,3,35,0,1,3,0,0,32,5,11,4,50,0,2,3,0,1,108
SL050,34164848043,38,10,8,3,78,9,1,3,1,0,50,11,5,4,136,6,1,3,4,0,88,21,13,7,214,15,2,6,5,0,371
SL050,34164848044,614,99,200,76,1587,53,52,76,204,13,681,126,96,40,3054,74,17,100,300,8,1295,225,296,116,4641,127,69,176,504,21,7470
SL050,34164848045,67,4,59,25,54,0,6,4,0,0,52,7,43,31,115,0,4,6,0,0,119,11,102,56,169,0,10,10,0,0,477
SL050,34164848046,480,57,38,47,206,28,28,36,3,32,459,85,32,19,331,38,3,31,9,27,939,142,70,66,537,66,31,67,12,59,1989
SL050,34164848047,2,0,1,2,1,1,0,0,0,1,3,0,0,0,2,2,0,0,0,0,5,0,1,2,3,3,0,0,0,1,15
SL050,34164848048,2,1,1,0,4,0,0,0,1,0,1,0,1,1,9,1,0,1,0,0,3,1,2,1,13,1,0,1,1,0,23
SL050,34164848049,8,1,2,1,6,3,1,1,0,0,8,1,1,0,16,0,2,2,0,0,16,2,3,1,22,3,3,3,0,0,53
SL050,34164848050,0,0,24,8,4,0,0,0,0,0,1,0,2,2,3,0,0,0,0,0,1,0,26,10,7,0,0,0,0,0,44
SL050,34164848051,1,0,0,0,5,1,0,0,0,0,0,0,0,0,10,1,0,0,0,0,1,0,0,0,15,2,0,0,0,0,18
SL050,34164848052,1,1,1,2,21,0,0,2,0,0,4,0,0,2,42,0,0,2,0,0,5,1,1,4,63,0,0,4,0,0,78
SL050,34164848053,7,0,1,2,17,0,0,1,0,1,17,2,0,2,23,1,0,1,0,0,24,2,1,4,40,1,0,2,0,1,75
SL050,34164848054,211,35,129,36,590,12,22,46,55,1,203,37,71,22,964,18,8,43,61,1,414,72,200,58,1554,30,30,89,116,2,2565
SL050,34164848055,71,1,22,8,23,0,7,1,0,0,66,1,16,4,56,0,2,0,0,0,137,2,38,12,79,0,9,1,0,0,278
SL050,34164848056,7,2,3,1,8,0,0,0,1,0,11,4,0,1,20,0,1,0,0,0,18,6,3,2,28,0,1,0,1,0,59
SL050,34164848057,46,10,13,89,142,8,3,4,3,9,48,6,8,27,212,4,0,5,4,9,94,16,21,116,354,12,3,9,7,18,650
SL050,34164848058,11,1,6,0,2,1,1,0,0,0,8,2,5,1,15,0,0,1,0,0,19,3,11,1,17,1,1,1,0,0,54
SL050,34164848059,16,0,0,0,2,1,0,1,0,0,7,1,1,0,2,0,0,0,0,0,23,1,1,0,4,1,0,1,0,0,31
SL050,34164848060,75,16,62,150,31,14,2,4,3,5,65,24,43,37,88,19,4,8,2,1,140,40,105,187,119,33,6,12,5,6,653
SL050,34164848061,4,1,1,0,8,0,0,0,0,1,4,5,2,0,16,3,0,0,0,0,8,6,3,0,24,3,0,0,0,1,45
SL050,34164848062,5,0,0,0,1,1,0,0,0,2,10,0,0,0,3,3,0,0,0,1,15,0,0,0,4,4,0,0,0,3,26
SL050,34164848063,6,0,0,0,4,1,0,0,0,1,3,0,0,0,4,1,0,2,0,1,9,0,0,0,8,2,0,2,0,2,23
SL050,34164848064,4,0,2,1,5,1,0,0,0,0,2,1,0,0,7,2,0,1,0,0,6,1,2,1,12,3,0,1,0,0,26
SL050,34164848065,29,0,42,21,33,0,1,1,0,0,26,1,20,9,53,0,2,1,0,0,55,1,62,30,86,0,3,2,0,0,239
SL050,34164848066,2,0,0,4,3,3,0,0,0,1,5,0,0,1,6,0,0,0,0,0,7,0,0,5,9,3,0,0,0,1,25
SL050,34164848067,10,0,35,2,6,1,0,0,0,1,11,0,0,0,18,0,0,3,0,0,21,0,35,2,24,1,0,3,0,1,87
SL050,34164848068,16,0,0,1,28,5,0,0,0,3,10,1,1,3,38,2,0,2,1,1,26,1,1,4,66,7,0,2,1,4,112
SL050,34164848069,144,33,127,80,448,4,10,22,12,2,138,28,117,29,649,14,4,27,8,1,282,61,244,109,1097,18,14,49,20,3,1897
SL050,34164848070,1,0,3,0,2,2,0,1,0,0,0,0,4,0,12,2,0,1,1,2,1,0,7,0,14,4,0,2,1,2,31
SL050,34164848071,33,6,20,12,79,1,9,0,1,0,29,8,11,5,146,2,4,2,1,0,62,14,31,17,225,3,13,2,2,0,369
SL050,34164848072,8,0,15,1,24,0,3,0,0,0,7,0,12,4,37,1,2,0,0,0,15,0,27,5,61,1,5,0,0,0,114
SL050,34164848073,47,8,54,199,112,8,19,7,6,2,39,5,24,17,128,9,7,8,0,2,86,13,78,216,240,17,26,15,6,4,701
SL050,34164848074,14,3,115,13,58,0,0,1,0,0,8,0,22,7,85,0,0,2,0,0,22,3,137,20,143,0,0,3,0,0,328
SL050,34164848075,26,4,15,2,13,0,1,0,0,0,34,1,9,2,32,0,0,2,0,1,60,5,24,4,45,0,1,2,0,1,142
SL050,34164848076,3,1,1,0,3,1,0,0,0,0,7,0,0,0,7,1,0,0,0,1,10,1,1,0,10,2,0,0,0,1,25
SL050,34164848077,39,11,13,7,86,6,8,1,0,2,48,6,9,4,128,3,2,1,3,1,87,17,22,11,214,9,10,2,3,3,378
SL050,34164848078,307,28,263,81,436,5,55,62,20,1,233,51,140,31,873,6,11,60,13,4,540,79,403,112,1309,11,66,122,33,5,2680
SL050,34164848079,8,0,0,1,3,0,0,0,0,0,5,1,0,0,4,0,1,0,1,0,13,1,0,1,7,0,1,0,1,0,24
SL050,34164848080,49,8,37,19,68,4,3,8,0,0,60,9,24,9,133,5,0,9,1,0,109,17,61,28,201,9,3,17,1,0,446
SL050,34164848081,21,3,5,6,28,1,0,0,0,0,26,7,5,3,42,0,0,2,1,1,47,10,10,9,70,1,0,2,1,1,151
SL050,34164848082,306,32,291,200,368,7,50,49,16,0,262,40,116,68,713,5,17,50,15,2,568,72,407,268,1081,12,67,99,31,2,2607
SL050,34164848083,31,10,28,19,51,1,2,8,2,0,44,16,10,3,110,0,2,2,2,0,75,26,38,22,161,1,4,10,4,0,341
SL050,34164848084,169,22,227,278,446,2,30,26,11,1,164,20,125,99,709,3,5,26,11,0,333,42,352,377,1155,5,35,52,22,1,2374
SL050,34164848085,96,15,26,12,207,11,10,13,5,3,92,14,12,7,306,9,0,22,5,4,188,29,38,19,513,20,10,35,10,7,869
SL050,34164848086,30,1,5,0,14,1,0,0,3,0,33,1,2,0,32,0,0,0,0,0,63,2,7,0,46,1,0,0,3,0,122
SL050,34164848087,7,0,1,0,0,0,0,0,0,0,5,1,0,0,8,0,0,0,0,0,12,1,1,0,8,0,0,0,0,0,22
SL050,34164848088,5,0,0,0,1,1,6,0,0,0,4,0,0,0,2,0,2,0,0,0,9,0,0,0,3,1,8,0,0,0,21
SL050,34164848089,38,7,11,4,42,3,0,2,2,1,32,6,8,2,84,5,0,3,3,0,70,13,19,6,126,8,0,5,5,1,253
SL050,34164848090,83,4,78,22,84,1,14,1,0,0,94,3,78,27,166,1,6,3,1,0,177,7,156,49,250,2,20,4,1,0,666
SL050,34164848091,20,1,2,7,13,0,0,0,0,0,12,1,1,3,17,1,0,0,1,0,32,2,3,10,30,1,0,0,1,0,79
SL050,34164848092,6,1,7,4,11,0,0,0,0,0,10,3,2,0,17,1,0,0,0,0,16,4,9,4,28,1,0,0,0,0,62
SL050,34164848093,43,0,6,1,13,0,4,0,0,0,32,0,6,2,27,0,1,1,0,0,75,0,12,3,40,0,5,1,0,0,136
SL050,34164848094,70,2,55,15,54,0,20,4,2,0,66,1,46,6,86,0,10,7,1,0,136,3,101,21,140,0,30,11,3,0,445
SL050,34164848095,35,2,42,20,15,1,0,0,1,0,32,3,27,20,40,0,0,0,0,0,67,5,69,40,55,1,0,0,1,0,238
SL050,34164848096,177,9,71,42,66,0,5,3,0,1,118,12,62,25,102,1,1,7,1,1,295,21,133,67,168,1,6,10,1,2,704
SL050,34164848097,10,2,11,1,11,0,0,0,0,0,15,1,6,1,21,0,0,0,0,0,25,3,17,2,32,0,0,0,0,0,79
SL050,34164848901,25,8,30,7,84,0,0,1,0,1,25,10,13,1,141,0,0,4,2,2,50,18,43,8,225,0,0,5,2,3,354
SL050,34164848902,198,23,90,61,638,2,13,19,16,1,165,21,54,19,976,2,6,21,23,0,363,44,144,80,1614,4,19,40,39,1,2348
SL050,34164848903,22,3,84,21,30,0,1,10,1,1,20,3,2,1,49,1,4,10,1,0,42,6,86,22,79,1,5,20,2,1,264
SL050,34164848904,42,5,25,4,75,3,0,3,1,3,35,5,10,3,113,2,0,2,1,0,77,10,35,7,188,5,0,5,2,3,332
SL050,34164848905,17,1,34,5,88,0,5,1,1,0,22,6,25,6,101,1,2,1,0,0,39,7,59,11,189,1,7,2,1,0,316
SL050,34164848906,15,2,3,1,7,0,0,0,0,0,8,2,5,0,15,2,0,0,0,0,23,4,8,1,22,2,0,0,0,0,60
SL050,34164848907,1,3,0,0,5,0,3,0,0,1,5,4,0,1,4,3,0,1,0,1,6,7,0,1,9,3,3,1,0,2,32
SL050,34164848908,1,0,0,0,4,1,0,1,0,0,0,0,0,1,7,0,0,1,0,0,1,0,0,1,11,1,0,2,0,0,16
SL050,34164848909,2,5,0,0,1,0,0,0,0,0,3,0,0,0,2,0,0,0,2,0,5,5,0,0,3,0,0,0,2,0,15
SL050,34164848910,35,7,42,80,27,1,4,1,0,0,27,6,23,36,62,1,2,1,0,0,62,13,65,116,89,2,6,2,0,0,355
SL050,34164848911,1,2,0,1,3,1,0,0,0,0,3,1,0,0,3,0,0,0,0,0,4,3,0,1,6,1,0,0,0,0,15
SL050,34164848912,22,0,13,17,14,0,3,0,0,0,27,3,12,15,47,0,3,1,0,0,49,3,25,32,61,0,6,1,0,0,177
SL050,34164848913,8,1,4,0,8,2,0,0,0,0,11,2,3,0,27,0,0,0,0,0,19,3,7,0,35,2,0,0,0,0,66
SL050,34164848914,3,0,0,2,4,2,0,0,0,0,3,0,0,0,4,3,0,0,0,0,6,0,0,2,8,5,0,0,0,0,21
SL050,34164848915,2,0,0,0,3,1,0,0,0,1,1,0,0,0,4,1,0,0,0,0,3,0,0,0,7,2,0,0,0,1,13
SL050,34074949002,0,0,0,0,0,0,0,0,0,0,1,0,0,0,0,0,0,0,0,0,1,0,0,0,0,0,0,0,0,0,1
SL050,34074949003,73,3,5,1,5,0,0,0,0,0,53,1,3,1,14,0,0,0,0,0,126,4,8,2,19,0,0,0,0,0,159
SL050,34074949005,1,0,0,0,0,0,0,0,0,0,0,0,0,0,0,0,0,0,0,0,1,0,0,0,0,0,0,0,0,0,1
SL050,34074949007,1,0,0,0,0,0,0,0,0,0,2,1,0,0,0,0,0,0,0,0,3,1,0,0,0,0,0,0,0,0,4
SL050,34074949008,1,0,0,0,0,0,0,0,0,0,1,1,1,0,4,0,0,0,0,0,2,1,1,0,4,0,0,0,0,0,8
SL050,34074949009,10,0,0,0,2,0,0,0,0,0,2,0,0,0,5,0,0,0,0,0,12,0,0,0,7,0,0,0,0,0,19
SL050,34074949010,5,0,1,0,1,0,0,0,0,0,4,1,0,0,2,0,0,1,0,0,9,1,1,0,3,0,0,1,0,0,15
SL050,34074949011,0,0,1,0,0,0,0,0,0,0,0,0,0,0,0,0,0,0,0,0,0,0,1,0,0,0,0,0,0,0,1
SL050,34074949013,1,0,0,0,0,0,0,0,0,0,0,0,0,0,1,0,0,0,0,0,1,0,0,0,1,0,0,0,0,0,2
SL050,34074949014,0,0,0,0,0,0,0,0,0,0,0,0,0,0,1,0,0,0,0,0,0,0,0,0,1,0,0,0,0,0,1
SL050,34074949015,0,0,0,0,0,0,0,0,0,0,1,2,0,0,4,0,0,0,0,0,1,2,0,0,4,0,0,0,0,0,7
SL050,34074949016,4,0,0,0,0,0,0,0,0,0,5,0,0,0,0,0,0,0,0,0,9,0,0,0,0,0,0,0,0,0,9
SL050,34074949017,4,1,1,0,1,0,0,0,0,0,2,0,0,0,2,0,0,0,0,0,6,1,1,0,3,0,0,0,0,0,11
SL050,34074949018,2,0,4,0,2,0,0,0,0,0,5,0,1,0,3,0,0,0,0,0,7,0,5,0,5,0,0,0,0,0,17
SL050,34074949019,2,1,0,0,0,0,0,0,0,0,2,0,1,0,0,0,0,0,1,0,4,1,1,0,0,0,0,0,1,0,7
SL050,34074949020,0,0,0,0,1,0,0,0,0,0,0,0,0,1,0,0,0,0,0,0,0,0,0,1,1,0,0,0,0,0,2
SL050,34074949021,296,30,60,3,123,1,4,11,1,0,335,43,70,4,222,2,1,12,4,0,631,73,130,7,345,3,5,23,5,0,1222
SL050,34074949022,5,0,0,0,1,0,0,0,0,0,5,0,0,0,2,0,0,0,0,0,10,0,0,0,3,0,0,0,0,0,13
SL050,34074949023,13,0,2,0,4,0,0,0,0,0,8,1,1,0,8,0,0,0,0,0,21,1,3,0,12,0,0,0,0,0,37
SL050,34074949024,8,0,1,0,1,0,0,0,0,0,6,1,0,0,9,0,0,1,0,0,14,1,1,0,10,0,0,1,0,0,27
SL050,34074949025,2,0,1,0,0,0,0,0,0,0,2,0,0,0,3,0,0,0,0,0,4,0,1,0,3,0,0,0,0,0,8
SL050,34074949026,1,0,0,0,0,0,0,0,0,0,0,1,0,0,0,0,0,0,0,0,1,1,0,0,0,0,0,0,0,0,2
SL050,34074949027,1,0,0,0,0,0,0,0,0,0,0,0,0,0,0,0,0,0,0,0,1,0,0,0,0,0,0,0,0,0,1
SL050,34074949029,0,2,0,0,0,0,0,0,0,0,4,0,0,0,3,0,0,0,0,0,4,2,0,0,3,0,0,0,0,0,9
SL050,34074949031,3,0,0,0,0,0,0,0,0,0,1,0,0,0,0,0,0,0,0,0,4,0,0,0,0,0,0,0,0,0,4
SL050,34074949032,2,0,0,0,3,0,0,0,0,0,1,2,0,0,2,0,0,0,0,0,3,2,0,0,5,0,0,0,0,0,10
SL050,34074949033,21,0,11,0,1,0,0,0,0,0,20,0,8,0,7,0,0,0,0,0,41,0,19,0,8,0,0,0,0,0,68
SL050,34074949034,3,8,0,0,2,0,0,0,0,0,5,4,0,0,6,0,0,0,1,0,8,12,0,0,8,0,0,0,1,0,29
SL050,34074949035,2,0,0,0,0,0,0,0,0,0,1,0,0,0,0,0,0,0,0,0,3,0,0,0,0,0,0,0,0,0,3
SL050,34074949036,12,0,0,0,1,1,0,0,0,0,7,0,0,0,4,1,0,0,0,0,19,0,0,0,5,2,0,0,0,0,26
SL050,34074949037,3,0,0,0,1,0,0,0,0,0,1,0,0,0,2,0,0,0,0,0,4,0,0,0,3,0,0,0,0,0,7
SL050,34074949038,0,0,0,0,0,0,0,0,0,0,4,0,0,0,0,0,0,0,0,0,4,0,0,0,0,0,0,0,0,0,4
SL050,34074949039,7,1,0,0,5,0,0,0,0,0,6,0,0,0,3,0,0,0,0,0,13,1,0,0,8,0,0,0,0,0,22
SL050,34074949040,2,0,0,0,0,0,0,0,0,0,2,0,0,0,0,0,0,0,0,0,4,0,0,0,0,0,0,0,0,0,4
SL050,34074949041,8,0,0,1,0,0,0,0,0,0,3,1,0,0,2,0,0,0,0,0,11,1,0,1,2,0,0,0,0,0,15
SL050,34074949042,0,0,0,0,0,0,0,0,0,0,1,0,0,0,1,0,0,0,0,0,1,0,0,0,1,0,0,0,0,0,2
SL050,34074949043,6,0,6,0,1,0,0,0,0,0,5,0,2,0,3,0,0,0,0,0,11,0,8,0,4,0,0,0,0,0,23
SL050,34074949044,0,0,0,0,2,0,0,0,0,0,1,0,0,0,0,0,0,0,0,0,1,0,0,0,2,0,0,0,0,0,3
SL050,34074949046,2,1,4,0,0,0,0,0,0,0,3,0,3,0,1,0,0,0,0,0,5,1,7,0,1,0,0,0,0,0,14
SL050,34074949047,4,0,1,0,1,0,0,0,0,0,4,0,1,0,0,0,0,0,0,0,8,0,2,0,1,0,0,0,0,0,11
SL050,34074949048,1,0,0,0,0,0,0,0,0,0,0,0,0,0,0,0,0,0,0,0,1,0,0,0,0,0,0,0,0,0,1
SL050,34074949050,13,0,0,0,2,0,0,0,1,0,11,0,0,0,3,0,0,0,1,0,24,0,0,0,5,0,0,0,2,0,31
SL050,34074949052,0,1,0,0,0,0,0,0,0,0,0,0,0,0,1,0,0,0,0,0,0,1,0,0,1,0,0,0,0,0,2
SL050,34074949053,20,0,3,0,2,0,0,0,0,0,7,0,2,0,14,0,0,0,0,0,27,0,5,0,16,0,0,0,0,0,48
SL050,34074949054,13,1,3,1,0,0,0,1,0,0,16,2,0,0,2,0,0,1,0,0,29,3,3,1,2,0,0,2,0,0,40
SL050,34074949055,1,0,1,0,0,0,0,0,0,0,1,1,0,0,0,0,0,0,0,0,2,1,1,0,0,0,0,0,0,0,4
SL050,34074949056,4,0,0,0,3,0,0,0,0,0,3,0,0,0,3,0,0,0,0,0,7,0,0,0,6,0,0,0,0,0,13
SL050,34074949057,1,0,0,0,0,0,0,0,0,0,2,0,0,0,0,0,0,0,0,0,3,0,0,0,0,0,0,0,0,0,3
SL050,34074949058,1,0,0,0,0,0,0,0,0,0,4,0,0,0,1,0,0,0,0,0,5,0,0,0,1,0,0,0,0,0,6
SL050,34074949061,6,0,0,0,0,0,0,0,0,0,3,0,0,0,0,0,0,0,0,0,9,0,0,0,0,0,0,0,0,0,9
SL050,34074949062,0,0,0,0,0,0,0,0,0,0,1,0,0,0,0,0,0,0,0,0,1,0,0,0,0,0,0,0,0,0,1
SL050,34074949063,3,0,0,0,3,0,0,0,0,0,3,0,0,0,2,0,0,0,0,0,6,0,0,0,5,0,0,0,0,0,11
SL050,34074949064,6,0,0,0,0,0,0,0,0,0,5,0,0,0,2,0,0,0,0,0,11,0,0,0,2,0,0,0,0,0,13
SL050,34074949065,53,1,1,1,6,1,0,0,0,0,39,4,1,1,13,0,0,1,0,0,92,5,2,2,19,1,0,1,0,0,122
SL050,34074949066,11,0,1,0,0,0,0,0,0,0,9,3,0,0,1,0,0,0,0,0,20,3,1,0,1,0,0,0,0,0,25
SL050,34074949067,2,0,0,1,0,0,0,0,0,0,1,1,0,0,0,0,0,0,0,0,3,1,0,1,0,0,0,0,0,0,5
SL050,34074949068,0,0,2,0,1,0,0,0,0,0,1,0,2,0,0,0,0,0,0,0,1,0,4,0,1,0,0,0,0,0,6
SL050,34074949069,1,0,0,0,0,0,0,0,0,0,2,0,0,1,0,0,0,0,0,0,3,0,0,1,0,0,0,0,0,0,4
SL050,34074949071,13,0,1,0,1,0,0,0,0,0,10,0,0,1,5,0,0,0,0,0,23,0,1,1,6,0,0,0,0,0,31
SL050,34074949075,1,0,0,0,0,0,0,0,0,0,0,0,0,0,0,0,0,0,0,0,1,0,0,0,0,0,0,0,0,0,1
SL050,34074949076,8,0,1,0,1,0,0,0,0,0,8,0,0,0,3,0,0,0,0,0,16,0,1,0,4,0,0,0,0,0,21
SL050,34074949078,1,0,0,0,0,0,0,0,0,0,4,0,0,0,0,0,0,0,0,0,5,0,0,0,0,0,0,0,0,0,5
SL050,34074949079,0,0,0,0,0,0,0,0,0,0,1,0,0,0,3,0,0,0,0,0,1,0,0,0,3,0,0,0,0,0,4
SL050,34074949080,4,0,2,0,2,0,0,0,0,0,6,3,4,0,5,0,0,2,0,0,10,3,6,0,7,0,0,2,0,0,28
SL050,34074949081,15,2,35,0,8,0,0,0,0,0,7,1,27,0,16,1,0,0,0,0,22,3,62,0,24,1,0,0,0,0,112
SL050,34074949082,0,0,0,0,4,1,0,0,0,0,1,0,0,0,11,1,0,0,0,0,1,0,0,0,15,2,0,0,0,0,18
SL050,34074949083,0,0,0,0,0,0,0,0,0,0,1,0,0,0,0,0,0,0,0,0,1,0,0,0,0,0,0,0,0,0,1
SL050,34074949084,5,0,0,0,0,0,0,0,0,0,5,0,0,0,1,0,0,0,0,0,10,0,0,0,1,0,0,0,0,0,11
SL050,34074949085,13,0,4,0,5,0,0,0,0,0,23,1,2,0,11,1,0,1,0,0,36,1,6,0,16,1,0,1,0,0,61
SL050,34074949086,0,0,0,0,0,0,0,0,0,0,0,0,1,0,1,0,0,0,0,0,0,0,1,0,1,0,0,0,0,0,2
SL050,34074949087,2,0,1,0,0,0,0,0,0,0,2,0,1,0,1,0,0,0,0,0,4,0,2,0,1,0,0,0,0,0,7
SL050,34074949090,1,0,0,0,1,0,0,0,0,0,4,0,0,0,2,0,0,0,0,0,5,0,0,0,3,0,0,0,0,0,8
SL050,34074949091,9,1,0,0,0,0,0,0,0,0,7,0,0,0,0,0,0,0,2,0,16,1,0,0,0,0,0,0,2,0,19
SL050,34074949092,2,0,0,0,0,0,0,0,0,0,0,0,0,0,1,0,0,0,0,0,2,0,0,0,1,0,0,0,0,0,3
SL050,34074949093,6,0,4,0,1,0,0,0,0,0,5,0,1,0,1,0,0,0,0,0,11,0,5,0,2,0,0,0,0,0,18
SL050,34074949094,7,0,0,0,0,0,0,0,0,0,7,0,0,0,1,0,0,0,0,0,14,0,0,0,1,0,0,0,0,0,15
SL050,34074949095,6,0,0,1,0,0,0,0,0,0,8,0,1,0,0,0,0,0,0,0,14,0,1,1,0,0,0,0,0,0,16
SL050,34074949096,0,0,0,0,1,0,0,0,0,0,0,0,0,0,1,0,0,0,0,0,0,0,0,0,2,0,0,0,0,0,2
SL050,34074949097,1,0,0,0,0,0,0,0,0,0,0,0,0,0,0,0,0,0,0,0,1,0,0,0,0,0,0,0,0,0,1
SL050,34074949098,1,0,0,0,0,0,0,0,0,0,3,0,0,0,1,0,0,0,0,0,4,0,0,0,1,0,0,0,0,0,5
SL050,34074949099,0,0,0,0,0,0,0,0,0,0,0,0,0,0,2,0,0,0,0,0,0,0,0,0,2,0,0,0,0,0,2
SL050,34074949100,2,0,0,0,5,0,0,0,0,0,3,0,0,0,1,0,0,0,0,0,5,0,0,0,6,0,0,0,0,0,11
SL050,34074949102,3,0,0,0,0,0,0,0,0,0,3,0,0,0,0,0,0,0,0,0,6,0,0,0,0,0,0,0,0,0,6
SL050,34074949103,6,1,1,0,2,0,0,0,0,0,4,0,1,0,5,0,0,0,0,0,10,1,2,0,7,0,0,0,0,0,20
SL050,34074949104,0,2,0,0,1,0,0,0,0,0,2,1,0,0,1,0,0,0,0,0,2,3,0,0,2,0,0,0,0,0,7
SL050,34074949107,0,0,2,0,0,0,0,0,0,0,0,0,3,0,1,0,0,0,0,0,0,0,5,0,1,0,0,0,0,0,6
SL050,34074949108,1,0,0,0,1,0,0,0,0,0,2,0,0,0,2,0,0,0,0,0,3,0,0,0,3,0,0,0,0,0,6
SL050,34074949109,7,1,0,0,1,0,0,0,0,0,5,0,0,0,3,0,0,0,0,0,12,1,0,0,4,0,0,0,0,0,17
SL050,34074949110,5,0,0,0,2,0,0,0,0,0,2,0,0,0,3,0,0,0,0,0,7,0,0,0,5,0,0,0,0,0,12
SL050,34074949111,0,0,0,0,0,0,0,0,0,0,1,0,0,0,1,0,0,0,0,0,1,0,0,0,1,0,0,0,0,0,2
SL050,34074949112,5,0,0,0,0,0,0,0,0,0,1,0,0,0,0,0,0,0,0,0,6,0,0,0,0,0,0,0,0,0,6
SL050,34074949113,0,0,1,0,0,0,0,0,0,0,1,0,0,0,1,0,0,0,0,0,1,0,1,0,1,0,0,0,0,0,3
SL050,34074949115,0,1,2,0,0,0,0,0,0,0,0,1,0,0,2,0,0,0,0,1,0,2,2,0,2,0,0,0,0,1,7
SL050,34074949116,4,0,0,0,0,0,0,0,0,0,1,0,0,0,2,0,0,0,0,0,5,0,0,0,2,0,0,0,0,0,7
SL050,34074949117,5,0,0,0,2,0,0,0,0,0,5,0,0,0,1,0,0,0,0,0,10,0,0,0,3,0,0,0,0,0,13
SL050,34074949118,1,0,2,1,3,0,0,0,0,0,1,1,1,0,3,0,0,0,0,0,2,1,3,1,6,0,0,0,0,0,13
SL050,34074949119,3,0,0,0,2,0,0,0,0,0,4,1,0,0,1,0,0,0,0,0,7,1,0,0,3,0,0,0,0,0,11
SL050,34074949120,4,0,0,0,0,0,0,0,0,0,5,0,0,0,1,0,0,0,0,0,9,0,0,0,1,0,0,0,0,0,10
SL050,34074949121,6,0,3,0,2,0,0,0,0,0,12,0,1,0,4,0,0,0,0,0,18,0,4,0,6,0,0,0,0,0,28
SL050,34074949122,4,0,0,1,5,0,0,0,0,0,9,0,0,1,10,0,1,0,0,0,13,0,0,2,15,0,1,0,0,0,31
SL050,34074949123,5,0,0,0,3,1,0,0,0,0,2,0,0,0,8,0,0,0,0,0,7,0,0,0,11,1,0,0,0,0,19
SL050,34074949124,0,0,0,0,0,0,0,0,0,0,2,0,0,0,1,0,0,0,0,0,2,0,0,0,1,0,0,0,0,0,3
SL050,34074949125,15,0,5,0,11,0,0,0,0,1,17,1,3,0,18,0,0,1,0,0,32,1,8,0,29,0,0,1,0,1,72
SL050,34074949126,1,0,0,0,0,0,0,0,0,0,2,2,0,0,0,0,0,0,0,0,3,2,0,0,0,0,0,0,0,0,5
SL050,34074949127,29,5,2,2,14,0,0,0,0,0,31,5,1,1,25,1,1,2,1,0,60,10,3,3,39,1,1,2,1,0,120
SL050,34074949128,10,4,0,0,0,0,0,0,0,0,5,3,0,0,3,0,0,0,0,0,15,7,0,0,3,0,0,0,0,0,25
SL050,34074949129,39,0,3,1,2,0,0,0,0,0,41,0,2,0,4,0,0,0,0,0,80,0,5,1,6,0,0,0,0,0,92
SL050,34074949130,0,0,0,0,0,0,0,0,0,0,1,0,0,0,1,0,0,0,0,0,1,0,0,0,1,0,0,0,0,0,2
SL050,34074949131,1,0,0,0,0,0,0,0,0,0,6,0,1,0,1,0,0,0,0,0,7,0,1,0,1,0,0,0,0,0,9
SL050,34074949132,3,0,0,0,0,0,0,0,0,0,1,0,0,0,1,1,0,0,0,0,4,0,0,0,1,1,0,0,0,0,6
SL050,34074949133,1,1,3,0,0,0,0,0,0,0,2,0,1,0,2,1,0,0,0,0,3,1,4,0,2,1,0,0,0,0,11
SL050,34074949134,2,0,0,0,0,0,0,0,0,0,2,0,0,0,1,0,0,0,0,0,4,0,0,0,1,0,0,0,0,0,5
SL050,34074949135,2,0,0,0,2,0,0,0,0,0,3,0,0,0,2,0,0,0,0,0,5,0,0,0,4,0,0,0,0,0,9
SL050,34074949136,8,0,2,0,0,0,0,0,0,0,5,1,0,0,4,0,0,0,0,0,13,1,2,0,4,0,0,0,0,0,20
SL050,34074949137,3,0,0,0,0,0,0,0,0,0,3,0,0,0,1,0,0,0,0,0,6,0,0,0,1,0,0,0,0,0,7
SL050,34074949138,1,0,0,0,0,0,0,0,0,0,1,1,0,0,0,0,0,0,0,0,2,1,0,0,0,0,0,0,0,0,3
SL050,34074949139,1,0,0,0,0,0,0,0,0,0,2,0,0,0,1,0,0,0,0,0,3,0,0,0,1,0,0,0,0,0,4
SL050,34074949141,1,0,0,0,0,0,0,0,0,0,1,0,0,0,0,0,0,0,0,0,2,0,0,0,0,0,0,0,0,0,2
SL050,34074949142,1,0,0,0,1,0,0,0,0,0,0,0,1,0,0,0,0,0,0,0,1,0,1,0,1,0,0,0,0,0,3
SL050,34074949143,3,0,0,0,2,0,0,0,0,0,7,0,0,0,2,0,0,0,0,0,10,0,0,0,4,0,0,0,0,0,14
SL050,34074949145,8,0,0,0,1,0,0,0,0,0,5,0,0,0,2,0,0,0,0,0,13,0,0,0,3,0,0,0,0,0,16
SL050,34074949146,1,0,2,0,0,0,0,0,0,0,1,0,0,0,0,0,0,0,0,0,2,0,2,0,0,0,0,0,0,0,4
SL050,34074949147,4,0,0,0,2,0,0,0,0,0,6,0,0,0,1,0,0,0,0,0,10,0,0,0,3,0,0,0,0,0,13
SL050,34074949148,2,0,0,0,2,0,0,0,0,0,4,1,0,0,2,0,0,0,0,0,6,1,0,0,4,0,0,0,0,0,11
SL050,34074949149,2,0,0,0,1,0,1,0,0,0,2,0,0,0,0,0,0,0,0,0,4,0,0,0,1,0,1,0,0,0,6
SL050,34074949150,0,0,0,0,0,0,0,0,0,0,3,0,0,0,0,1,0,0,0,0,3,0,0,0,0,1,0,0,0,0,4
SL050,34074949151,5,0,1,0,1,0,0,0,0,0,8,0,1,2,5,0,0,0,0,0,13,0,2,2,6,0,0,0,0,0,23
SL050,34074949152,3,0,0,0,4,0,0,0,0,0,3,1,0,0,11,0,0,0,0,0,6,1,0,0,15,0,0,0,0,0,22
SL050,34074949153,2,0,0,0,1,0,0,0,0,0,0,1,1,0,1,0,0,0,0,0,2,1,1,0,2,0,0,0,0,0,6
SL050,34074949154,0,0,0,0,1,0,0,0,0,0,0,0,0,0,1,0,0,0,0,0,0,0,0,0,2,0,0,0,0,0,2
SL050,34074949155,0,0,0,0,0,0,0,0,0,0,2,0,0,0,1,0,0,0,0,0,2,0,0,0,1,0,0,0,0,0,3
SL050,34074949156,0,0,0,0,0,0,0,0,0,0,0,1,0,0,0,0,0,0,0,0,0,1,0,0,0,0,0,0,0,0,1
SL050,34074949158,3,0,0,0,2,0,0,0,0,0,4,0,0,0,3,0,0,0,0,0,7,0,0,0,5,0,0,0,0,0,12
SL050,34074949159,2,0,0,0,2,0,0,0,0,1,0,0,0,0,4,0,0,0,0,0,2,0,0,0,6,0,0,0,0,1,9
SL050,34074949163,1,0,0,0,1,0,0,0,0,0,0,1,0,0,1,0,0,0,0,0,1,1,0,0,2,0,0,0,0,0,4
SL050,34074949164,3,0,2,0,1,0,0,0,0,0,3,0,2,0,9,0,0,0,0,0,6,0,4,0,10,0,0,0,0,0,20
SL050,34074949166,24,0,4,1,7,0,0,0,0,0,27,4,4,0,10,0,0,2,0,0,51,4,8,1,17,0,0,2,0,0,83
SL050,34074949167,1,0,0,0,1,0,0,0,0,0,0,0,0,0,2,0,0,0,0,0,1,0,0,0,3,0,0,0,0,0,4
SL050,34074949168,2,0,2,0,2,0,0,0,0,0,3,0,0,0,0,0,0,0,0,0,5,0,2,0,2,0,0,0,0,0,9
SL050,34074949169,0,0,0,0,0,0,0,0,0,0,0,0,0,0,2,0,0,0,0,0,0,0,0,0,2,0,0,0,0,0,2
SL050,34074949170,2,0,0,0,1,0,0,0,0,0,4,0,0,0,0,0,0,0,0,0,6,0,0,0,1,0,0,0,0,0,7
SL050,34074949171,6,2,0,0,3,0,0,0,0,0,11,1,0,0,4,0,0,0,0,0,17,3,0,0,7,0,0,0,0,0,27
SL050,34074949172,5,0,1,0,0,0,0,0,0,0,3,0,1,0,0,0,0,0,0,0,8,0,2,0,0,0,0,0,0,0,10
SL050,34074949173,5,2,0,0,1,0,0,0,0,0,4,2,0,0,1,0,0,0,0,0,9,4,0,0,2,0,0,0,0,0,15
SL050,34074949174,6,0,0,0,0,0,0,0,0,0,8,0,0,0,0,0,0,0,0,0,14,0,0,0,0,0,0,0,0,0,14
SL050,34074949175,1,0,14,0,1,0,0,0,0,0,9,0,8,0,2,0,0,0,0,0,10,0,22,0,3,0,0,0,0,0,35
SL050,34074949176,0,0,0,0,1,0,0,0,0,0,3,0,0,0,2,0,0,0,0,0,3,0,0,0,3,0,0,0,0,0,6
SL050,34074949177,2,0,0,2,0,0,0,0,0,0,3,0,0,0,2,0,0,0,0,0,5,0,0,2,2,0,0,0,0,0,9
SL050,34074949178,17,2,0,0,7,0,0,0,0,0,17,0,0,0,11,0,0,0,0,0,34,2,0,0,18,0,0,0,0,0,54
SL050,34074949179,10,2,1,0,0,0,0,0,0,0,9,1,1,0,3,0,0,0,0,0,19,3,2,0,3,0,0,0,0,0,27
SL050,34074949180,0,0,0,0,0,0,0,0,0,0,2,0,0,0,1,0,0,0,0,0,2,0,0,0,1,0,0,0,0,0,3
SL050,34074949181,1,0,0,0,0,0,0,0,0,0,2,2,0,0,3,0,0,0,0,0,3,2,0,0,3,0,0,0,0,0,8
SL050,34074949183,2,0,0,0,0,0,0,0,0,0,0,0,0,0,0,0,0,0,0,0,2,0,0,0,0,0,0,0,0,0,2
SL050,34074949184,1,0,0,0,0,0,0,0,0,0,3,0,0,0,1,0,0,0,0,0,4,0,0,0,1,0,0,0,0,0,5
SL050,34074949185,4,0,0,0,1,0,0,0,0,0,7,0,2,0,1,0,0,0,0,0,11,0,2,0,2,0,0,0,0,0,15
SL050,34074949186,2,0,0,0,0,0,0,0,0,0,0,0,0,0,0,0,0,0,0,0,2,0,0,0,0,0,0,0,0,0,2
SL050,34074949187,6,1,1,0,2,0,0,0,0,0,7,0,3,0,7,0,0,1,0,0,13,1,4,0,9,0,0,1,0,0,28
SL050,34074949188,2,0,7,0,2,0,0,0,0,0,0,0,1,0,5,0,0,0,0,0,2,0,8,0,7,0,0,0,0,0,17
SL050,34074949189,3,0,0,0,1,0,0,0,0,0,2,0,2,0,0,0,0,0,0,0,5,0,2,0,1,0,0,0,0,0,8
SL050,34074949190,1,0,0,0,0,0,0,0,0,0,1,0,0,0,0,0,0,0,0,0,2,0,0,0,0,0,0,0,0,0,2
SL050,34074949191,2,2,1,0,0,0,0,0,0,0,6,1,0,0,0,0,0,0,0,0,8,3,1,0,0,0,0,0,0,0,12
SL050,34074949192,2,0,0,0,0,0,0,0,0,0,4,0,0,0,0,0,0,0,0,0,6,0,0,0,0,0,0,0,0,0,6
SL050,34074949193,8,2,0,0,1,0,0,0,0,0,10,2,1,0,3,0,0,0,0,0,18,4,1,0,4,0,0,0,0,0,27
SL050,34074949194,2,0,1,0,0,0,0,0,0,0,2,0,1,0,0,0,0,0,0,0,4,0,2,0,0,0,0,0,0,0,6
SL050,34074949197,0,0,0,0,0,0,0,0,0,0,0,0,0,0,1,0,0,0,0,0,0,0,0,0,1,0,0,0,0,0,1
SL050,34074949199,0,0,0,0,0,0,0,0,0,0,1,4,0,0,1,0,0,0,0,0,1,4,0,0,1,0,0,0,0,0,6
SL050,34074949200,15,0,0,0,0,0,0,0,0,0,13,0,0,0,3,0,2,0,0,0,28,0,0,0,3,0,2,0,0,0,33
SL050,34074949201,0,1,0,0,0,0,0,0,0,0,2,0,0,1,0,0,0,0,0,0,2,1,0,1,0,0,0,0,0,0,4
SL050,34074949202,2,0,0,0,0,0,0,0,0,0,1,0,0,0,0,0,0,0,0,0,3,0,0,0,0,0,0,0,0,0,3
SL050,34074949203,1,0,0,0,0,0,0,0,0,0,2,1,0,0,0,0,0,0,0,0,3,1,0,0,0,0,0,0,0,0,4
SL050,34074949204,0,0,0,0,0,0,0,0,0,0,1,0,0,0,0,0,0,0,0,0,1,0,0,0,0,0,0,0,0,0,1
SL050,34074949205,1,0,0,0,1,0,0,0,0,0,0,0,0,0,2,0,0,1,0,0,1,0,0,0,3,0,0,1,0,0,5
SL050,34074949206,31,0,9,0,6,0,0,2,0,0,24,3,13,0,6,1,0,2,0,0,55,3,22,0,12,1,0,4,0,0,97
SL050,34074949207,0,1,0,0,6,0,0,0,0,0,3,1,0,0,7,0,0,0,0,0,3,2,0,0,13,0,0,0,0,0,18
SL050,34074949208,3,0,0,0,3,3,0,0,0,0,1,0,0,0,1,1,0,0,0,0,4,0,0,0,4,4,0,0,0,0,12
SL050,34074949209,7,1,0,0,2,0,0,0,0,0,7,0,0,0,4,0,0,0,0,0,14,1,0,0,6,0,0,0,0,0,21
SL050,34074949210,5,0,0,0,1,0,0,0,0,0,6,1,0,0,1,0,0,0,0,0,11,1,0,0,2,0,0,0,0,0,14
SL050,34074949214,12,0,4,1,2,0,0,0,0,0,14,0,4,1,3,0,0,0,0,0,26,0,8,2,5,0,0,0,0,0,41
SL050,34074949216,1,0,0,0,1,0,0,0,0,0,0,0,0,0,1,0,0,0,0,0,1,0,0,0,2,0,0,0,0,0,3
SL050,34074949219,158,3,15,8,80,1,2,7,1,0,143,4,11,1,122,3,0,12,0,0,301,7,26,9,202,4,2,19,1,0,571
SL050,34074949220,3,0,0,0,0,0,0,0,0,0,2,0,0,0,1,0,0,0,0,0,5,0,0,0,1,0,0,0,0,0,6
SL050,34074949221,8,0,0,0,2,0,0,0,0,0,5,0,0,0,2,0,0,0,0,0,13,0,0,0,4,0,0,0,0,0,17
SL050,34074949222,5,0,0,0,0,0,0,0,0,0,4,0,0,0,1,0,0,0,0,0,9,0,0,0,1,0,0,0,0,0,10
SL050,34074949223,71,7,0,2,3,0,0,0,0,0,30,7,1,1,12,0,0,0,0,0,101,14,1,3,15,0,0,0,0,0,134
SL050,34074949224,0,2,0,0,2,0,0,1,0,0,5,0,0,0,0,0,0,0,0,0,5,2,0,0,2,0,0,1,0,0,10
SL050,34074949225,0,0,0,0,0,0,0,0,0,0,2,0,0,0,1,0,0,0,0,0,2,0,0,0,1,0,0,0,0,0,3
SL050,34074949226,1,0,0,0,0,0,0,0,0,0,1,0,0,0,0,0,0,0,0,0,2,0,0,0,0,0,0,0,0,0,2
SL050,34074949227,1,0,0,0,3,0,0,0,0,0,1,1,0,0,2,0,0,1,0,0,2,1,0,0,5,0,0,1,0,0,9
SL050,34074949229,1,0,0,0,1,0,0,0,0,0,0,0,0,0,1,0,1,0,0,0,1,0,0,0,2,0,1,0,0,0,4
SL050,34074949231,4,0,0,1,1,0,0,0,0,0,2,1,0,0,4,0,0,0,0,0,6,1,0,1,5,0,0,0,0,0,13
SL050,34074949232,0,0,6,0,1,0,0,0,0,0,0,0,1,0,2,0,0,0,0,0,0,0,7,0,3,0,0,0,0,0,10
SL050,34074949233,0,0,0,0,0,0,0,0,0,0,0,0,0,0,1,0,0,0,0,0,0,0,0,0,1,0,0,0,0,0,1
SL050,34074949234,10,0,0,0,1,0,0,0,0,0,10,0,0,0,4,0,0,0,0,0,20,0,0,0,5,0,0,0,0,0,25
SL050,34074949235,2,0,0,0,0,0,0,0,0,0,3,0,0,0,1,0,0,0,0,0,5,0,0,0,1,0,0,0,0,0,6
SL050,34074949236,0,0,2,0,2,0,0,0,0,0,2,0,1,0,0,0,0,0,0,0,2,0,3,0,2,0,0,0,0,0,7
SL050,34074949237,0,0,0,0,0,0,0,0,0,0,0,1,0,0,0,0,0,0,0,0,0,1,0,0,0,0,0,0,0,0,1
SL050,34074949238,2,0,0,0,0,0,0,0,0,0,4,0,0,0,0,0,0,0,0,0,6,0,0,0,0,0,0,0,0,0,6
SL050,34074949239,5,0,2,0,0,0,0,0,0,0,6,0,1,0,0,0,0,0,0,0,11,0,3,0,0,0,0,0,0,0,14
SL050,34074949240,0,0,0,0,0,0,0,0,0,0,3,0,0,0,1,0,0,0,0,0,3,0,0,0,1,0,0,0,0,0,4
SL050,34074949241,1,0,2,0,0,0,0,0,0,0,1,2,2,0,0,0,0,0,0,0,2,2,4,0,0,0,0,0,0,0,8
SL050,34074949242,2,1,3,0,0,0,0,0,0,0,2,0,2,0,0,0,0,0,0,0,4,1,5,0,0,0,0,0,0,0,10
SL050,34074949243,0,0,0,0,1,0,0,0,0,0,2,0,0,0,0,0,0,0,0,0,2,0,0,0,1,0,0,0,0,0,3
SL050,34074949244,2,0,0,0,0,0,0,0,0,0,2,0,0,0,0,0,0,0,0,0,4,0,0,0,0,0,0,0,0,0,4
SL050,34074949245,2,0,0,0,0,0,0,0,0,0,2,0,0,0,0,0,0,0,0,0,4,0,0,0,0,0,0,0,0,0,4
SL050,34074949247,3,0,0,0,1,0,0,0,0,0,1,1,0,0,2,0,0,0,0,0,4,1,0,0,3,0,0,0,0,0,8
SL050,34074949248,13,0,9,0,2,0,0,0,0,0,14,0,7,2,6,0,0,0,0,0,27,0,16,2,8,0,0,0,0,0,53
SL050,34074949249,4,0,2,0,0,0,0,0,0,0,3,0,0,0,0,0,0,0,0,0,7,0,2,0,0,0,0,0,0,0,9
SL050,34074949250,69,1,0,0,5,0,0,0,0,0,56,4,0,0,13,0,0,0,0,0,125,5,0,0,18,0,0,0,0,0,148
SL050,34074949252,1,0,0,0,0,0,0,0,0,0,2,0,0,0,0,0,0,0,0,0,3,0,0,0,0,0,0,0,0,0,3
SL050,34074949255,1,0,0,0,0,0,0,0,0,0,3,0,0,0,2,0,0,0,0,0,4,0,0,0,2,0,0,0,0,0,6
SL050,34074949256,5,1,1,0,3,0,0,0,0,0,5,1,1,0,1,0,0,0,0,0,10,2,2,0,4,0,0,0,0,0,18
SL050,34074949257,5,0,0,0,3,0,0,0,0,0,1,0,0,0,7,0,0,0,0,0,6,0,0,0,10,0,0,0,0,0,16
SL050,34074949258,0,0,0,1,1,0,0,0,0,0,0,0,0,0,1,0,0,0,0,0,0,0,0,1,2,0,0,0,0,0,3
SL050,34074949259,3,0,0,0,0,0,0,0,0,0,1,0,0,0,1,0,0,0,0,0,4,0,0,0,1,0,0,0,0,0,5
SL050,34074949260,11,0,12,0,1,0,0,0,0,0,12,0,5,0,5,0,0,0,0,0,23,0,17,0,6,0,0,0,0,0,46
SL050,34074949261,22,1,1,0,6,0,1,0,0,0,23,3,0,1,3,0,0,0,2,0,45,4,1,1,9,0,1,0,2,0,63
SL050,34074949262,5,3,0,0,3,0,0,0,0,0,11,0,0,0,7,0,0,0,0,0,16,3,0,0,10,0,0,0,0,0,29
SL050,34074949263,1,0,0,0,0,0,0,0,0,0,0,0,0,0,0,0,0,0,0,0,1,0,0,0,0,0,0,0,0,0,1
SL050,34074949264,2,0,1,0,1,0,0,0,0,0,3,2,0,0,2,0,0,0,0,0,5,2,1,0,3,0,0,0,0,0,11
SL050,34074949265,1,0,0,0,1,0,0,0,0,0,2,0,0,0,0,0,0,0,0,0,3,0,0,0,1,0,0,0,0,0,4
SL050,34074949266,0,0,0,0,3,0,0,0,0,0,3,0,0,0,1,0,0,0,0,0,3,0,0,0,4,0,0,0,0,0,7
SL050,34074949267,0,0,0,0,1,0,0,0,0,0,0,0,0,0,0,0,0,0,0,0,0,0,0,0,1,0,0,0,0,0,1
SL050,34074949268,3,0,0,0,0,0,0,0,0,0,1,0,0,0,0,0,0,0,0,0,4,0,0,0,0,0,0,0,0,0,4
SL050,34074949269,2,0,0,0,1,0,0,0,0,0,2,0,1,0,3,0,0,0,0,0,4,0,1,0,4,0,0,0,0,0,9
SL050,34074949270,3,0,3,0,1,0,0,0,0,0,3,0,2,0,2,0,0,0,0,0,6,0,5,0,3,0,0,0,0,0,14
SL050,34074949271,0,0,1,0,0,0,0,0,0,0,0,0,1,0,0,0,0,0,0,0,0,0,2,0,0,0,0,0,0,0,2
SL050,34074949273,0,1,0,0,0,0,0,0,0,0,5,0,0,0,0,0,0,0,0,0,5,1,0,0,0,0,0,0,0,0,6
SL050,34074949275,590,53,138,22,572,18,10,63,23,1,669,74,108,15,986,23,3,69,13,1,1259,127,246,37,1558,41,13,132,36,2,3451
SL050,34025050001,0,0,5,0,1,0,0,0,0,0,0,0,1,0,0,0,0,0,0,0,0,0,6,0,1,0,0,0,0,0,7
SL050,34025050002,14,0,2,0,0,0,0,0,0,0,8,0,1,0,1,0,0,0,0,0,22,0,3,0,1,0,0,0,0,0,26
SL050,34025050003,4,0,0,0,1,0,0,0,0,0,3,0,0,0,2,0,0,0,0,0,7,0,0,0,3,0,0,0,0,0,10
SL050,34025050004,39,0,5,2,6,0,0,0,0,0,34,2,4,0,9,0,0,0,0,0,73,2,9,2,15,0,0,0,0,0,101
SL050,34025050005,2,0,0,0,0,0,0,0,0,0,1,0,0,0,0,0,0,0,0,0,3,0,0,0,0,0,0,0,0,0,3
SL050,34025050006,15,0,8,1,2,0,0,0,0,0,16,0,5,0,10,1,0,0,0,0,31,0,13,1,12,1,0,0,0,0,58
SL050,34025050007,0,0,0,0,0,0,0,0,0,0,2,0,0,0,1,0,0,0,0,0,2,0,0,0,1,0,0,0,0,0,3
SL050,34025050008,297,7,59,1,99,0,4,7,1,0,250,14,50,1,163,0,1,10,1,0,547,21,109,2,262,0,5,17,2,0,965
SL050,34025050009,18,0,0,0,0,0,0,0,0,0,11,0,0,0,0,0,0,0,0,0,29,0,0,0,0,0,0,0,0,0,29
SL050,34025050010,1,0,0,0,0,0,0,0,0,0,0,0,0,0,0,0,0,0,0,0,1,0,0,0,0,0,0,0,0,0,1
SL050,34025050011,2,0,0,0,1,0,0,0,0,0,2,0,0,0,0,0,0,0,0,0,4,0,0,0,1,0,0,0,0,0,5
SL050,34025050012,1,0,0,0,0,0,0,0,0,0,0,1,0,0,2,0,0,0,0,0,1,1,0,0,2,0,0,0,0,0,4
SL050,34025050013,2,0,0,1,0,0,1,0,0,0,3,1,0,1,6,0,0,0,0,0,5,1,0,2,6,0,1,0,0,0,15
SL050,34025050014,6,0,0,0,2,0,0,0,0,0,3,1,0,0,6,0,0,0,0,0,9,1,0,0,8,0,0,0,0,0,18
SL050,34025050016,1,0,0,0,0,0,0,0,0,0,3,0,0,0,0,0,0,0,0,0,4,0,0,0,0,0,0,0,0,0,4
SL050,34025050017,39,1,6,2,20,0,0,3,0,0,36,4,7,2,35,0,0,1,2,0,75,5,13,4,55,0,0,4,2,0,158
SL050,34025050018,141,4,17,33,6,0,0,0,0,0,147,3,4,6,9,1,0,0,0,0,288,7,21,39,15,1,0,0,0,0,371
SL050,34025050019,0,1,0,0,0,0,0,0,0,0,0,0,0,0,1,0,0,0,0,0,0,1,0,0,1,0,0,0,0,0,2
SL050,34025050020,17,1,28,0,28,1,0,0,0,0,17,1,19,2,30,1,0,0,0,0,34,2,47,2,58,2,0,0,0,0,145
SL050,34025050022,0,0,1,2,1,0,0,0,0,0,2,0,2,0,6,0,0,0,0,0,2,0,3,2,7,0,0,0,0,0,14
SL050,34025050023,11,0,0,0,0,0,0,0,0,0,9,1,0,1,0,0,0,0,0,0,20,1,0,1,0,0,0,0,0,0,22
SL050,34025050024,16,1,41,0,1,0,0,0,0,0,17,2,16,0,5,0,0,0,0,0,33,3,57,0,6,0,0,0,0,0,99
SL050,34025050025,632,31,348,41,67,2,4,8,17,0,636,23,261,15,77,2,3,9,9,0,1268,54,609,56,144,4,7,17,26,0,2185
SL050,34025050026,27,0,14,2,1,0,0,0,0,0,32,0,9,0,2,0,0,0,0,0,59,0,23,2,3,0,0,0,0,0,87
SL050,34025050027,1,0,0,0,1,0,0,0,0,0,1,0,0,0,2,1,0,0,0,0,2,0,0,0,3,1,0,0,0,0,6
SL050,34025050028,5,0,7,0,4,0,0,0,1,0,1,0,2,0,0,0,0,0,0,0,6,0,9,0,4,0,0,0,1,0,20
SL050,34025050029,21,0,1,0,0,0,0,0,1,0,16,0,0,0,7,0,0,0,0,0,37,0,1,0,7,0,0,0,1,0,46
SL050,34025050030,3,0,6,0,1,0,0,0,0,0,2,0,3,0,1,0,0,0,0,0,5,0,9,0,2,0,0,0,0,0,16
SL050,34025050031,4,0,1,0,0,0,0,0,0,0,4,0,1,0,1,0,0,0,0,0,8,0,2,0,1,0,0,0,0,0,11
SL050,34025050032,8,0,15,0,0,0,0,0,0,0,10,0,8,0,0,0,0,0,0,0,18,0,23,0,0,0,0,0,0,0,41
SL050,34025050033,1,0,0,0,0,0,0,0,0,0,0,0,0,0,1,0,0,0,0,0,1,0,0,0,1,0,0,0,0,0,2
SL050,34025050034,4,0,118,0,6,0,0,1,0,0,10,1,66,0,16,0,0,0,1,0,14,1,184,0,22,0,0,1,1,0,223
SL050,34025050035,0,0,0,0,0,0,0,0,0,0,1,0,0,0,2,0,0,0,0,0,1,0,0,0,2,0,0,0,0,0,3
SL050,34025050036,0,0,0,0,0,0,0,0,0,0,0,0,0,0,1,0,0,0,0,0,0,0,0,0,1,0,0,0,0,0,1
SL050,34025050037,12,0,0,0,0,0,0,0,0,0,7,0,0,0,0,0,0,0,0,0,19,0,0,0,0,0,0,0,0,0,19
SL050,34025050038,76,0,38,2,17,0,2,0,0,0,59,0,16,0,27,0,0,0,0,0,135,0,54,2,44,0,2,0,0,0,237
SL050,34025050039,4,0,11,1,10,0,0,0,0,0,4,0,7,0,8,0,0,0,0,0,8,0,18,1,18,0,0,0,0,0,45
SL050,34025050040,0,0,1,0,1,0,0,0,0,0,0,0,0,0,1,0,0,0,0,0,0,0,1,0,2,0,0,0,0,0,3
SL050,34025050041,1,0,0,0,0,0,0,0,0,0,0,0,0,0,0,0,0,0,0,0,1,0,0,0,0,0,0,0,0,0,1
SL050,34025050043,5,0,1,0,4,0,0,0,0,0,3,2,0,0,5,0,0,0,0,0,8,2,1,0,9,0,0,0,0,0,20
SL050,34025050044,5,0,0,0,2,0,0,0,0,0,6,0,0,0,2,0,0,0,1,0,11,0,0,0,4,0,0,0,1,0,16
SL050,34025050045,36,16,3,1,3,0,0,0,1,0,31,14,4,1,11,0,0,0,0,0,67,30,7,2,14,0,0,0,1,0,121
SL050,34025050046,11,0,0,0,2,0,0,0,0,0,8,0,0,0,1,0,0,0,0,0,19,0,0,0,3,0,0,0,0,0,22
SL050,34025050050,0,0,0,0,1,0,0,0,0,0,0,0,0,0,1,0,0,0,0,0,0,0,0,0,2,0,0,0,0,0,2
SL050,34025050051,16,1,0,0,2,0,0,0,0,0,12,3,0,0,7,0,0,0,0,0,28,4,0,0,9,0,0,0,0,0,41
SL050,34025050052,0,0,0,0,10,1,0,0,0,0,0,0,0,0,2,0,0,0,0,0,0,0,0,0,12,1,0,0,0,0,13
SL050,34025050053,32,0,0,0,6,0,0,0,0,0,34,0,0,0,7,0,0,0,0,0,66,0,0,0,13,0,0,0,0,0,79
SL050,34025050055,125,9,101,3,41,2,2,5,0,0,127,12,58,1,54,1,4,4,0,0,252,21,159,4,95,3,6,9,0,0,549
SL050,34025050056,11,0,0,0,3,0,0,0,0,0,8,1,0,2,14,0,0,0,0,0,19,1,0,2,17,0,0,0,0,0,39
SL050,34025050057,25,0,10,0,5,0,0,0,0,0,26,0,8,0,6,0,0,0,0,0,51,0,18,0,11,0,0,0,0,0,80
SL050,34025050058,0,0,0,0,0,0,0,0,0,0,1,0,0,0,0,0,0,0,0,0,1,0,0,0,0,0,0,0,0,0,1
SL050,34025050059,16,6,19,1,4,0,0,0,0,0,17,4,10,0,20,0,0,0,0,0,33,10,29,1,24,0,0,0,0,0,97
SL050,34025050060,14,0,1,0,2,0,0,0,0,0,12,0,0,0,5,0,0,0,0,0,26,0,1,0,7,0,0,0,0,0,34
SL050,34025050061,0,0,6,2,0,0,0,0,0,0,0,0,0,0,2,0,0,0,0,0,0,0,6,2,2,0,0,0,0,0,10
SL050,34025050062,52,4,21,0,16,0,1,1,0,0,43,5,16,1,33,2,2,1,0,1,95,9,37,1,49,2,3,2,0,1,199
SL050,34025050063,0,0,0,0,1,0,0,0,0,0,0,0,0,0,0,0,0,0,0,0,0,0,0,0,1,0,0,0,0,0,1
SL050,34025050064,7,0,6,0,4,0,0,0,0,0,7,0,1,0,6,0,0,0,0,0,14,0,7,0,10,0,0,0,0,0,31
SL050,34025050066,100,6,16,3,57,0,0,5,1,0,125,13,11,5,92,2,0,1,1,0,225,19,27,8,149,2,0,6,2,0,438
SL050,34025050067,1269,21,193,36,207,7,29,30,10,1,1320,28,131,16,290,9,3,23,9,0,2589,49,324,52,497,16,32,53,19,1,3632
SL050,34025050068,170,10,105,0,6,0,4,1,1,0,171,7,48,1,12,2,1,1,0,0,341,17,153,1,18,2,5,2,1,0,540
SL050,34025050069,1,0,0,0,0,0,0,0,0,0,2,0,0,0,0,0,0,0,0,0,3,0,0,0,0,0,0,0,0,0,3
SL050,34025050070,0,0,0,0,0,0,0,0,0,0,2,0,1,0,0,0,0,0,0,0,2,0,1,0,0,0,0,0,0,0,3
SL050,34025050071,6,0,0,0,0,0,0,0,0,0,7,0,1,0,0,0,0,0,0,0,13,0,1,0,0,0,0,0,0,0,14
SL050,34025050072,4,0,1,0,1,1,0,0,0,0,6,1,1,0,1,0,0,0,0,0,10,1,2,0,2,1,0,0,0,0,16
SL050,34025050073,285,1,76,6,16,0,0,2,0,0,258,4,42,3,32,0,0,2,0,0,543,5,118,9,48,0,0,4,0,0,727
SL050,34025050074,270,4,529,42,32,0,309,6,1,0,275,8,383,10,53,0,133,5,1,0,545,12,912,52,85,0,442,11,2,0,2061
SL050,34025050075,7,0,0,0,0,0,0,0,0,0,4,0,0,0,0,0,0,0,0,0,11,0,0,0,0,0,0,0,0,0,11
SL050,34025050076,7,0,0,0,2,0,0,0,0,0,5,0,0,0,2,0,0,0,0,0,12,0,0,0,4,0,0,0,0,0,16
SL050,34025050077,0,0,0,0,0,0,0,0,0,0,2,0,0,0,0,0,0,0,0,0,2,0,0,0,0,0,0,0,0,0,2
SL050,34025050078,0,0,6,0,2,0,0,0,0,0,1,0,5,0,4,0,0,0,0,0,1,0,11,0,6,0,0,0,0,0,18
SL050,34025050079,11,0,0,0,0,0,0,0,0,0,7,0,0,0,2,0,0,0,0,0,18,0,0,0,2,0,0,0,0,0,20
SL050,34025050081,4,1,3,0,12,0,0,0,0,0,5,0,5,0,14,0,0,0,0,0,9,1,8,0,26,0,0,0,0,0,44
SL050,34025050082,3,0,1,0,0,0,0,0,0,0,2,1,0,1,1,0,0,0,0,0,5,1,1,1,1,0,0,0,0,0,9
SL050,34025050083,3,0,0,0,0,0,0,0,0,0,5,0,0,0,1,0,0,0,0,0,8,0,0,0,1,0,0,0,0,0,9
SL050,34025050084,0,0,0,0,1,0,0,0,0,0,0,0,0,0,1,0,0,0,0,0,0,0,0,0,2,0,0,0,0,0,2
SL050,34025050085,0,0,0,0,0,0,0,0,0,0,0,0,0,0,1,0,0,0,0,0,0,0,0,0,1,0,0,0,0,0,1
SL050,34025050086,4,0,0,0,1,0,0,0,0,0,1,0,0,0,1,0,0,0,2,0,5,0,0,0,2,0,0,0,2,0,9
SL050,34025050087,3,0,0,0,0,0,0,0,0,0,2,0,0,0,1,0,0,0,0,0,5,0,0,0,1,0,0,0,0,0,6
SL050,34025050088,11,0,8,0,2,0,0,0,0,0,9,1,3,0,10,0,0,0,0,0,20,1,11,0,12,0,0,0,0,0,44
SL050,34025050089,349,28,31,18,247,10,11,10,6,0,376,43,32,19,374,9,3,24,7,0,725,71,63,37,621,19,14,34,13,0,1597
SL050,34025050090,0,0,3,0,1,0,0,0,0,0,0,0,4,0,0,0,0,0,0,0,0,0,7,0,1,0,0,0,0,0,8
SL050,34025050092,15,0,51,12,0,0,11,0,0,0,34,0,19,3,0,0,3,0,0,0,49,0,70,15,0,0,14,0,0,0,148
SL050,34025050093,5,0,1,0,0,0,0,0,0,0,3,0,0,0,1,0,0,0,0,0,8,0,1,0,1,0,0,0,0,0,10
SL050,34025050094,62,0,17,8,35,3,0,1,0,0,66,2,15,6,50,1,0,1,0,0,128,2,32,14,85,4,0,2,0,0,267
SL050,34025050095,496,20,387,140,185,3,12,11,4,0,467,33,162,76,261,0,8,12,2,0,963,53,549,216,446,3,20,23,6,0,2279
SL050,34025050096,0,0,0,0,0,0,0,0,0,0,0,0,0,0,1,0,0,0,0,0,0,0,0,0,1,0,0,0,0,0,1
SL050,34025050098,4,0,2,0,1,0,0,3,0,0,7,1,1,0,3,0,0,3,0,0,11,1,3,0,4,0,0,6,0,0,25
SL050,34025050099,112,4,91,152,41,0,0,4,0,1,100,6,53,52,79,0,0,5,0,0,212,10,144,204,120,0,0,9,0,1,700
SL050,34025050100,1,0,1,0,0,0,0,0,0,0,3,0,0,1,3,0,0,0,0,0,4,0,1,1,3,0,0,0,0,0,9
SL050,34025050101,25,1,30,1,8,0,0,0,0,0,20,1,12,0,10,0,0,2,0,0,45,2,42,1,18,0,0,2,0,0,110
SL050,34025050102,41,5,0,27,10,0,36,0,0,0,48,2,0,3,22,0,2,0,0,0,89,7,0,30,32,0,38,0,0,0,196
SL050,34025050104,5,1,3,0,0,0,0,0,0,0,2,0,4,0,3,0,0,0,0,0,7,1,7,0,3,0,0,0,0,0,18
SL050,34025050105,9,2,0,0,0,0,4,0,0,0,9,5,0,0,3,0,0,0,0,0,18,7,0,0,3,0,4,0,0,0,32
SL050,34025050106,1,0,0,0,5,1,0,0,0,0,1,0,0,0,4,0,0,0,0,0,2,0,0,0,9,1,0,0,0,0,12
SL050,34025050107,24,1,6,0,12,0,0,0,0,0,24,1,5,0,24,0,0,0,0,0,48,2,11,0,36,0,0,0,0,0,97
SL050,34025050108,1,0,4,0,0,0,0,0,0,0,0,0,0,0,0,0,0,0,0,0,1,0,4,0,0,0,0,0,0,0,5
SL050,34025050109,0,0,0,0,0,0,0,0,1,0,0,1,0,0,0,0,0,0,0,0,0,1,0,0,0,0,0,0,1,0,2
SL050,34025050110,11,0,3,0,2,1,0,0,0,0,7,0,2,0,1,0,0,0,0,0,18,0,5,0,3,1,0,0,0,0,27
SL050,34025050111,3,0,1,0,0,0,0,0,0,0,2,0,0,0,2,0,0,0,0,0,5,0,1,0,2,0,0,0,0,0,8
SL050,34025050113,57,0,6,3,2,0,0,0,0,0,49,0,2,0,4,0,0,0,1,0,106,0,8,3,6,0,0,0,1,0,124
SL050,34025050114,0,1,0,1,2,0,0,0,0,0,0,0,0,1,3,0,0,0,0,0,0,1,0,2,5,0,0,0,0,0,8
SL050,34025050115,143,8,95,22,43,0,1,1,0,0,117,12,81,10,52,0,0,3,0,0,260,20,176,32,95,0,1,4,0,0,588
SL050,34025050116,18,0,0,0,3,0,0,0,0,0,15,0,0,0,6,0,0,0,0,0,33,0,0,0,9,0,0,0,0,0,42
SL050,34025050117,0,0,3,0,2,0,0,0,0,0,0,0,7,0,1,0,0,0,0,0,0,0,10,0,3,0,0,0,0,0,13
SL050,34025050118,41,0,33,1,8,0,0,3,0,0,32,0,28,2,20,1,0,1,0,0,73,0,61,3,28,1,0,4,0,0,170
SL050,34025050119,0,0,9,0,2,0,0,1,0,0,1,0,13,0,6,0,0,0,0,0,1,0,22,0,8,0,0,1,0,0,32
SL050,34025050121,0,0,7,0,0,0,0,0,0,0,1,0,3,0,0,0,0,0,0,0,1,0,10,0,0,0,0,0,0,0,11
SL050,34025050122,0,0,0,0,0,0,0,0,0,0,0,0,0,0,1,0,0,0,0,0,0,0,0,0,1,0,0,0,0,0,1
SL050,34025050123,21,0,8,0,13,0,0,0,0,0,24,0,4,0,13,0,1,0,0,0,45,0,12,0,26,0,1,0,0,0,84
SL050,34025050124,18,0,8,0,2,0,0,0,0,0,18,0,2,0,2,0,0,0,0,0,36,0,10,0,4,0,0,0,0,0,50
SL050,34025050125,9,0,2,0,2,0,0,0,0,0,9,0,3,0,5,0,0,0,0,0,18,0,5,0,7,0,0,0,0,0,30
SL050,34025050126,118,2,29,1,14,0,1,2,1,0,131,1,24,0,20,1,0,2,0,0,249,3,53,1,34,1,1,4,1,0,347
SL050,34025050128,1,0,0,0,1,0,0,0,0,0,0,0,0,0,2,0,0,0,0,0,1,0,0,0,3,0,0,0,0,0,4
SL050,34025050129,7,0,1,0,15,0,0,0,0,0,5,0,1,0,13,0,0,0,0,0,12,0,2,0,28,0,0,0,0,0,42
SL050,34025050130,12,1,9,0,2,0,0,0,0,0,8,0,2,0,2,0,0,0,0,0,20,1,11,0,4,0,0,0,0,0,36
SL050,34025050131,1,0,1,1,1,0,0,0,0,0,3,0,0,2,1,0,0,0,0,0,4,0,1,3,2,0,0,0,0,0,10
SL050,34025050132,19,0,7,0,27,2,0,0,0,0,21,2,2,2,26,0,0,0,1,0,40,2,9,2,53,2,0,0,1,0,109
SL050,34025050133,1,0,0,0,0,0,0,0,0,0,1,0,0,0,3,0,0,0,0,0,2,0,0,0,3,0,0,0,0,0,5
SL050,34025050134,0,0,0,0,1,0,0,0,1,0,0,0,0,0,1,0,0,0,0,0,0,0,0,0,2,0,0,0,1,0,3
SL050,34025050135,1,1,0,0,1,0,0,0,0,0,1,1,0,0,0,0,0,0,0,0,2,2,0,0,1,0,0,0,0,0,5
SL050,34025050136,7,5,19,0,10,0,0,0,0,0,8,3,11,0,5,0,0,0,0,0,15,8,30,0,15,0,0,0,0,0,68
SL050,34025050137,7,3,4,0,3,0,0,0,0,0,13,5,2,0,14,0,0,0,0,0,20,8,6,0,17,0,0,0,0,0,51
SL050,34025050139,4,0,3,0,2,0,0,0,0,0,8,0,1,0,3,0,0,0,0,0,12,0,4,0,5,0,0,0,0,0,21
SL050,34025050140,1,0,0,0,1,0,0,0,0,0,0,0,0,0,2,0,2,0,0,0,1,0,0,0,3,0,2,0,0,0,6
SL050,34025050141,0,0,0,0,1,0,0,0,0,0,0,0,1,0,3,0,0,0,0,0,0,0,1,0,4,0,0,0,0,0,5
SL050,34025050142,0,0,1,0,0,0,0,0,0,0,0,0,0,0,1,0,0,0,0,0,0,0,1,0,1,0,0,0,0,0,2
SL050,34025050143,23,9,8,76,2,0,0,0,0,0,19,4,3,0,3,0,0,0,0,0,42,13,11,76,5,0,0,0,0,0,147
SL050,34025050144,1,0,0,0,0,0,0,0,0,0,0,0,0,0,2,0,0,0,0,0,1,0,0,0,2,0,0,0,0,0,3
SL050,34025050146,2,1,1,0,1,0,0,0,0,0,4,4,1,0,2,0,0,0,0,0,6,5,2,0,3,0,0,0,0,0,16
SL050,34025050147,12,1,10,1,7,0,1,0,0,0,15,0,6,0,15,1,0,1,0,0,27,1,16,1,22,1,1,1,0,0,70
SL050,34025050148,1,0,0,0,0,0,0,0,0,0,1,0,0,0,2,0,0,0,0,0,2,0,0,0,2,0,0,0,0,0,4
SL050,34025050150,38,0,4,1,2,0,0,0,0,0,36,0,2,1,8,0,0,0,0,0,74,0,6,2,10,0,0,0,0,0,92
SL050,34025050151,11,0,3,1,1,0,0,0,0,0,19,0,4,0,3,0,0,0,0,0,30,0,7,1,4,0,0,0,0,0,42
SL050,34025050152,57,1,37,5,6,1,152,1,0,0,75,1,13,1,19,1,27,0,0,0,132,2,50,6,25,2,179,1,0,0,397
SL050,34025050153,29,0,6,0,1,1,0,0,0,0,23,0,3,1,3,0,0,0,0,0,52,0,9,1,4,1,0,0,0,0,67
SL050,34025050154,9,0,5,1,2,0,0,0,0,0,8,1,1,0,4,0,0,0,0,0,17,1,6,1,6,0,0,0,0,0,31
SL050,34025050155,0,0,0,0,0,0,0,0,0,0,0,0,0,0,2,0,0,0,0,0,0,0,0,0,2,0,0,0,0,0,2
SL050,34025050156,2,0,1,0,4,0,0,0,0,0,7,0,1,0,4,0,0,0,0,0,9,0,2,0,8,0,0,0,0,0,19
SL050,34025050157,6,0,0,0,4,0,0,0,0,0,1,0,0,0,12,0,0,0,0,0,7,0,0,0,16,0,0,0,0,0,23
SL050,34025050159,89,0,3,0,8,0,0,0,1,0,85,0,7,0,17,0,0,0,0,0,174,0,10,0,25,0,0,0,1,0,210
SL050,34025050160,198,2,44,7,12,0,0,2,0,0,185,4,22,4,21,0,0,1,0,0,383,6,66,11,33,0,0,3,0,0,502
SL050,34025050161,1,0,0,0,0,0,0,0,0,0,0,0,0,0,0,0,0,0,0,0,1,0,0,0,0,0,0,0,0,0,1
SL050,34025050162,10,0,2,0,0,0,0,0,0,0,7,0,4,0,0,0,0,0,0,0,17,0,6,0,0,0,0,0,0,0,23
SL050,34025050163,138,9,10,5,55,2,5,2,0,0,132,11,8,9,96,1,1,4,2,0,270,20,18,14,151,3,6,6,2,0,490
SL050,34025050164,1,1,3,1,9,0,0,0,0,0,4,0,1,0,13,0,0,1,0,0,5,1,4,1,22,0,0,1,0,0,34
SL050,34025050165,87,9,25,11,10,0,1,2,0,0,49,5,15,3,12,0,0,4,0,0,136,14,40,14,22,0,1,6,0,0,233
SL050,34025050166,1,0,0,0,0,0,0,0,0,0,5,0,0,0,1,0,0,0,0,0,6,0,0,0,1,0,0,0,0,0,7
SL050,34025050167,4,0,0,0,2,0,2,0,0,0,5,0,0,0,4,0,1,0,0,0,9,0,0,0,6,0,3,0,0,0,18
SL050,34025050168,4,0,0,0,1,0,0,0,0,0,0,0,0,0,1,0,0,0,0,0,4,0,0,0,2,0,0,0,0,0,6
SL050,34025050169,29,0,2,0,2,0,0,0,0,0,15,1,0,0,5,0,0,0,0,0,44,1,2,0,7,0,0,0,0,0,54
SL050,34025050170,5,0,0,0,0,0,0,0,0,0,10,0,0,0,0,2,0,1,0,0,15,0,0,0,0,2,0,1,0,0,18
SL050,34025050171,1,0,0,0,0,0,0,0,0,0,1,0,0,0,0,0,0,0,0,0,2,0,0,0,0,0,0,0,0,0,2
SL050,34025050172,4,0,8,1,0,0,0,0,0,0,2,1,8,0,2,0,0,0,0,0,6,1,16,1,2,0,0,0,0,0,26
SL050,34025050173,3,0,3,0,0,0,0,0,0,0,3,0,1,0,0,0,0,0,0,0,6,0,4,0,0,0,0,0,0,0,10
SL050,34025050174,3,0,0,0,0,0,0,0,0,0,2,0,0,0,1,0,0,0,0,0,5,0,0,0,1,0,0,0,0,0,6
SL050,34025050175,22,1,8,0,6,0,0,0,0,0,19,1,4,0,14,1,0,0,0,0,41,2,12,0,20,1,0,0,0,0,76
SL050,34025050176,29,0,0,0,9,0,0,0,0,0,19,0,0,0,6,0,0,0,0,0,48,0,0,0,15,0,0,0,0,0,63
SL050,34025050177,6,0,1,0,0,0,0,0,0,0,3,0,1,0,4,0,0,0,0,0,9,0,2,0,4,0,0,0,0,0,15
SL050,34025050178,33,0,0,1,1,0,0,0,0,0,18,0,0,1,4,0,0,0,0,0,51,0,0,2,5,0,0,0,0,0,58
SL050,34025050179,3,0,0,0,0,0,0,0,0,0,1,0,0,0,3,0,0,0,0,0,4,0,0,0,3,0,0,0,0,0,7
SL050,34025050180,1,0,1,0,1,0,0,0,0,0,1,0,0,0,4,0,0,0,0,0,2,0,1,0,5,0,0,0,0,0,8
SL050,34025050181,20,0,45,0,12,0,0,0,0,0,35,3,25,0,28,1,0,0,0,0,55,3,70,0,40,1,0,0,0,0,169
SL050,34025050182,239,7,40,14,121,6,1,4,8,1,227,20,35,13,162,5,0,6,6,0,466,27,75,27,283,11,1,10,14,1,915
SL050,34025050183,15,0,0,0,1,0,0,0,0,0,9,0,0,0,2,0,0,0,0,0,24,0,0,0,3,0,0,0,0,0,27
SL050,34025050184,2,0,0,0,0,0,0,0,0,0,3,1,0,0,2,0,0,0,0,0,5,1,0,0,2,0,0,0,0,0,8
SL050,34025050185,3,0,0,0,3,0,0,0,0,0,5,0,0,0,1,0,0,0,0,0,8,0,0,0,4,0,0,0,0,0,12
SL050,34025050186,0,0,1,0,0,0,0,0,0,0,0,0,0,0,0,0,0,0,0,0,0,0,1,0,0,0,0,0,0,0,1
SL050,34025050187,1,1,2,0,0,0,0,0,0,0,2,0,1,0,0,0,0,0,0,0,3,1,3,0,0,0,0,0,0,0,7
SL050,34025050188,1,0,0,0,0,0,0,0,0,0,1,0,0,0,1,0,0,0,0,0,2,0,0,0,1,0,0,0,0,0,3
SL050,34025050189,62,0,5,1,2,1,31,0,0,0,58,1,2,0,7,0,2,0,0,0,120,1,7,1,9,1,33,0,0,0,172
SL050,34025050190,15,0,7,0,6,0,0,0,1,0,11,0,1,1,6,0,0,0,1,0,26,0,8,1,12,0,0,0,2,0,49
SL050,34025050191,2,0,6,0,1,0,1,0,0,0,4,0,3,0,5,0,6,0,0,0,6,0,9,0,6,0,7,0,0,0,28
SL050,34025050192,12,0,1,1,4,0,0,0,0,0,21,0,1,0,4,0,0,2,0,0,33,0,2,1,8,0,0,2,0,0,46
SL050,34025050193,9,1,5,2,9,1,0,0,0,0,11,1,4,2,13,0,1,0,0,0,20,2,9,4,22,1,1,0,0,0,59
SL050,34025050194,9,0,0,0,1,0,0,0,1,0,9,0,0,0,0,0,0,0,0,0,18,0,0,0,1,0,0,0,1,0,20
SL050,34025050195,3,0,0,0,0,0,0,0,0,0,1,0,0,0,1,0,0,0,0,0,4,0,0,0,1,0,0,0,0,0,5
SL050,34025050196,0,0,0,0,0,0,0,0,0,0,1,0,0,0,1,0,0,0,0,0,1,0,0,0,1,0,0,0,0,0,2
SL050,34025050197,2,0,3,0,0,0,0,0,0,0,0,0,1,0,2,0,0,0,0,0,2,0,4,0,2,0,0,0,0,0,8
SL050,34025050198,3,0,0,0,0,0,0,0,0,0,0,0,0,0,0,0,0,0,0,0,3,0,0,0,0,0,0,0,0,0,3
SL050,34025050199,11,4,2,0,8,0,0,0,0,0,6,2,1,0,10,1,0,0,0,0,17,6,3,0,18,1,0,0,0,0,45
SL050,34025050200,44,0,2,0,0,0,0,0,0,0,29,1,1,0,7,0,0,0,0,0,73,1,3,0,7,0,0,0,0,0,84
SL050,34025050201,27,0,3,0,4,0,0,0,0,0,20,0,1,0,3,0,0,0,1,0,47,0,4,0,7,0,0,0,1,0,59
SL050,34025050202,3,0,6,0,0,0,0,0,0,0,7,0,1,0,0,0,0,0,0,0,10,0,7,0,0,0,0,0,0,0,17
SL050,34025050203,12,0,2,0,8,0,0,0,0,0,17,1,0,0,10,0,1,0,0,0,29,1,2,0,18,0,1,0,0,0,51
SL050,34025050204,242,6,27,2,74,1,4,1,3,0,183,14,15,1,113,1,3,2,0,0,425,20,42,3,187,2,7,3,3,0,692
SL050,34025050205,1,0,0,0,0,0,0,0,0,0,3,0,0,0,1,0,0,0,0,0,4,0,0,0,1,0,0,0,0,0,5
SL050,34025050206,8,1,2,1,2,0,0,0,0,0,13,3,2,0,8,1,0,0,0,0,21,4,4,1,10,1,0,0,0,0,41
SL050,34025050207,0,0,0,0,0,0,0,0,0,0,0,1,0,0,0,0,0,0,0,0,0,1,0,0,0,0,0,0,0,0,1
SL050,34025050208,37,3,50,4,61,0,0,1,0,0,39,5,35,0,78,0,0,1,0,0,76,8,85,4,139,0,0,2,0,0,314
SL050,34025050209,120,7,8,3,55,5,0,0,2,0,119,11,8,5,107,4,0,1,2,0,239,18,16,8,162,9,0,1,4,0,457
SL050,34025050210,1,0,0,0,0,0,0,0,0,0,0,0,0,0,0,0,0,0,0,0,1,0,0,0,0,0,0,0,0,0,1
SL050,34025050211,18,0,11,0,1,0,0,0,0,0,19,0,3,1,3,0,0,0,0,0,37,0,14,1,4,0,0,0,0,0,56
SL050,34025050213,3,0,0,0,0,0,0,0,0,0,2,0,0,0,1,0,0,0,0,0,5,0,0,0,1,0,0,0,0,0,6
SL050,34025050214,2,0,0,0,0,0,0,0,0,0,1,0,0,0,0,0,0,0,0,0,3,0,0,0,0,0,0,0,0,0,3
SL050,34025050216,7,0,3,0,5,0,0,0,0,0,7,0,0,0,2,1,0,0,0,0,14,0,3,0,7,1,0,0,0,0,25
SL050,34025050217,21,0,0,16,5,0,4,0,0,0,29,0,0,1,3,0,0,0,0,0,50,0,0,17,8,0,4,0,0,0,79
SL050,34025050219,161,5,27,5,110,0,5,3,0,0,140,12,27,4,137,2,1,9,1,0,301,17,54,9,247,2,6,12,1,0,649
SL050,34025050220,0,0,0,0,0,0,0,0,0,0,1,0,0,0,0,0,0,0,0,0,1,0,0,0,0,0,0,0,0,0,1
SL050,34025050221,0,0,0,0,0,0,0,0,0,0,0,0,0,0,1,0,0,0,0,0,0,0,0,0,1,0,0,0,0,0,1
SL050,34025050222,13,4,4,22,12,0,1,1,0,0,11,5,3,6,20,0,0,1,0,0,24,9,7,28,32,0,1,2,0,0,103
SL050,34025050223,16,1,5,1,5,0,0,0,4,0,14,0,2,0,5,0,0,0,5,0,30,1,7,1,10,0,0,0,9,0,58
SL050,34025050224,2,0,0,0,0,0,0,0,0,0,0,0,0,0,0,0,0,0,0,0,2,0,0,0,0,0,0,0,0,0,2
SL050,34025050225,393,2,103,2,5,0,1,2,0,0,417,1,10,0,18,0,2,2,0,0,810,3,113,2,23,0,3,4,0,0,958
SL050,34025050227,0,0,2,0,0,0,0,0,0,0,3,0,1,0,2,0,0,0,0,0,3,0,3,0,2,0,0,0,0,0,8
SL050,34025050228,18,0,2,0,2,0,0,0,0,0,13,0,1,0,4,0,0,0,0,0,31,0,3,0,6,0,0,0,0,0,40
SL050,34025050229,5,0,0,0,0,0,0,0,0,0,1,0,0,0,0,0,0,0,0,0,6,0,0,0,0,0,0,0,0,0,6
SL050,34025050230,15,4,1,3,8,0,0,0,0,0,26,3,0,1,9,0,0,0,0,1,41,7,1,4,17,0,0,0,0,1,71
SL050,34025050231,6,2,4,0,3,0,0,0,0,0,9,3,3,0,5,0,0,0,0,0,15,5,7,0,8,0,0,0,0,0,35
SL050,34025050232,0,0,0,0,1,0,0,0,0,0,0,0,1,0,1,1,0,0,0,0,0,0,1,0,2,1,0,0,0,0,4
SL050,34025050233,0,0,0,0,1,0,0,0,0,0,0,0,0,0,2,0,0,0,1,0,0,0,0,0,3,0,0,0,1,0,4
SL050,34025050234,0,0,0,0,1,0,0,0,0,0,0,0,0,0,1,0,0,0,0,0,0,0,0,0,2,0,0,0,0,0,2
SL050,34025050235,77,3,16,3,33,0,1,2,1,0,80,6,16,4,51,1,3,4,0,1,157,9,32,7,84,1,4,6,1,1,302
SL050,34025050236,4,0,1,1,1,0,0,0,0,0,2,0,0,0,3,0,1,0,0,0,6,0,1,1,4,0,1,0,0,0,13
SL050,34025050237,0,0,0,0,1,0,0,0,0,0,1,0,0,0,1,0,0,0,0,0,1,0,0,0,2,0,0,0,0,0,3
SL050,34025050238,4,0,0,0,3,0,1,0,0,0,1,0,0,0,1,1,0,0,0,0,5,0,0,0,4,1,1,0,0,0,11
SL050,34025050240,6,0,21,1,6,0,1,0,0,0,9,0,12,0,7,0,0,0,0,0,15,0,33,1,13,0,1,0,0,0,63
SL050,34025050241,0,0,32,0,2,1,0,0,0,0,6,0,9,0,8,0,0,0,0,0,6,0,41,0,10,1,0,0,0,0,58
SL050,34025050242,0,0,0,0,2,0,0,0,0,0,0,0,0,0,0,0,0,0,0,0,0,0,0,0,2,0,0,0,0,0,2
SL050,34025050243,8,2,8,0,0,0,0,0,0,0,6,2,3,0,2,0,0,0,0,0,14,4,11,0,2,0,0,0,0,0,31
SL050,34025050244,18,0,0,0,0,0,7,0,0,0,15,0,0,0,0,0,5,0,0,0,33,0,0,0,0,0,12,0,0,0,45
SL050,34025050247,16,3,0,0,14,0,0,0,0,1,16,3,1,0,19,0,0,1,0,0,32,6,1,0,33,0,0,1,0,1,74
SL050,34025050248,12,1,4,1,7,0,0,0,0,0,7,0,6,1,8,0,0,0,0,0,19,1,10,2,15,0,0,0,0,0,47
SL050,34025050249,3,0,5,0,0,0,0,0,0,0,3,0,4,0,2,0,0,0,0,0,6,0,9,0,2,0,0,0,0,0,17
SL050,34025050250,0,1,0,0,1,0,0,0,0,0,0,0,0,0,2,0,0,0,0,0,0,1,0,0,3,0,0,0,0,0,4
SL050,34025050251,128,4,109,6,200,2,10,6,2,0,132,8,72,6,241,2,0,5,1,0,260,12,181,12,441,4,10,11,3,0,934
SL050,34025050252,325,13,84,5,81,1,12,2,0,0,304,19,71,3,100,2,0,3,1,0,629,32,155,8,181,3,12,5,1,0,1026
SL050,34025050253,37,0,0,0,1,0,0,0,0,0,33,1,0,1,4,0,0,0,0,0,70,1,0,1,5,0,0,0,0,0,77
SL050,34025050254,0,0,1,0,0,0,0,0,0,0,0,0,1,0,2,0,0,0,0,0,0,0,2,0,2,0,0,0,0,0,4
SL050,34025050255,0,0,0,0,0,0,0,0,0,0,1,0,0,0,0,0,0,0,0,0,1,0,0,0,0,0,0,0,0,0,1
SL050,34025050256,1,0,0,0,0,0,0,0,0,0,1,0,0,0,1,0,0,0,0,0,2,0,0,0,1,0,0,0,0,0,3
SL050,34025050257,1,0,0,0,0,0,0,0,0,0,1,0,0,0,1,0,0,0,0,0,2,0,0,0,1,0,0,0,0,0,3
SL050,34025050258,0,1,0,0,0,0,0,0,0,0,2,0,0,0,1,0,0,0,0,0,2,1,0,0,1,0,0,0,0,0,4
SL050,34025050261,5,0,2,0,1,0,0,0,0,0,6,0,3,1,1,0,0,0,0,0,11,0,5,1,2,0,0,0,0,0,19
SL050,34025050262,11,0,12,0,6,1,0,0,1,0,15,0,12,0,11,0,0,0,0,0,26,0,24,0,17,1,0,0,1,0,69
SL050,34025050263,4,0,0,0,0,0,0,0,0,0,10,2,0,0,2,0,0,0,0,0,14,2,0,0,2,0,0,0,0,0,18
SL050,34025050264,10,0,2,0,0,0,0,0,0,0,14,0,1,0,0,0,0,0,0,0,24,0,3,0,0,0,0,0,0,0,27
SL050,34025050265,1,0,0,0,1,0,0,0,0,0,2,0,0,0,0,0,0,0,0,0,3,0,0,0,1,0,0,0,0,0,4
SL050,34025050266,0,0,0,0,0,0,0,0,0,0,1,0,0,0,0,0,0,0,0,0,1,0,0,0,0,0,0,0,0,0,1
SL050,34025050267,6,1,1,0,5,0,0,0,0,0,4,0,0,0,8,0,0,0,0,0,10,1,1,0,13,0,0,0,0,0,25
SL050,34025050268,0,0,3,0,1,0,0,0,0,0,1,0,1,0,1,0,0,0,0,0,1,0,4,0,2,0,0,0,0,0,7
SL050,34025050269,21,0,27,0,8,0,0,0,0,0,12,0,6,0,12,0,0,0,0,0,33,0,33,0,20,0,0,0,0,0,86
SL050,34025050270,0,0,0,0,0,0,0,0,0,0,0,0,0,0,1,0,0,0,0,0,0,0,0,0,1,0,0,0,0,0,1
SL050,34025050271,1,0,1,0,5,0,0,0,0,0,0,0,1,0,1,0,0,0,0,0,1,0,2,0,6,0,0,0,0,0,9
SL050,34025050272,458,28,81,55,317,9,14,14,2,0,465,34,70,49,461,6,8,23,8,1,923,62,151,104,778,15,22,37,10,1,2103
SL050,34025050275,1,0,0,0,1,0,0,0,0,0,1,0,0,0,2,0,0,0,0,0,2,0,0,0,3,0,0,0,0,0,5
SL050,34025050276,8,0,1,0,0,0,0,0,0,0,6,0,1,0,0,0,0,0,0,0,14,0,2,0,0,0,0,0,0,0,16
SL050,34025050277,5,0,0,0,0,0,0,0,0,0,6,0,0,0,0,0,0,0,0,0,11,0,0,0,0,0,0,0,0,0,11
SL050,34025050278,1,0,0,0,1,0,0,0,0,0,0,1,0,0,2,0,0,0,0,0,1,1,0,0,3,0,0,0,0,0,5
SL050,34025050279,3,0,0,0,0,0,0,0,0,0,3,0,1,0,2,0,0,0,0,0,6,0,1,0,2,0,0,0,0,0,9
SL050,34025050280,2,0,2,0,1,0,0,0,0,0,6,0,2,0,4,0,1,0,0,0,8,0,4,0,5,0,1,0,0,0,18
SL050,34025050282,10,0,0,0,0,0,0,0,0,0,4,0,0,0,0,0,0,0,0,0,14,0,0,0,0,0,0,0,0,0,14
SL050,34025050283,3,0,0,0,0,0,0,0,0,0,2,0,0,0,2,0,0,0,0,0,5,0,0,0,2,0,0,0,0,0,7
SL050,34025050284,12,0,0,0,5,0,0,0,0,0,5,0,0,0,5,0,0,0,0,0,17,0,0,0,10,0,0,0,0,0,27
SL050,34025050285,17,1,2,7,16,0,0,0,0,0,13,2,0,7,23,1,0,0,0,0,30,3,2,14,39,1,0,0,0,0,89
SL050,34025050286,5,0,1,0,0,0,0,0,0,0,6,0,0,0,3,0,0,0,0,0,11,0,1,0,3,0,0,0,0,0,15
SL050,34025050287,15,0,0,0,0,0,0,0,0,0,18,0,0,0,2,0,0,0,0,0,33,0,0,0,2,0,0,0,0,0,35
SL050,34025050288,114,12,22,2,34,4,4,4,0,0,117,14,18,9,82,2,0,8,1,0,231,26,40,11,116,6,4,12,1,0,447
SL050,34025050289,1,0,0,0,1,0,0,0,0,0,0,0,0,0,1,0,0,0,0,0,1,0,0,0,2,0,0,0,0,0,3
SL050,34025050290,28,2,1,0,2,0,0,0,0,0,18,2,0,0,2,0,0,0,0,0,46,4,1,0,4,0,0,0,0,0,55
SL050,34025050291,3,0,0,0,0,0,0,0,0,0,2,0,0,0,1,0,0,0,0,0,5,0,0,0,1,0,0,0,0,0,6
SL050,34025050292,60,1,6,2,3,0,0,0,0,0,42,0,2,0,3,0,0,0,0,0,102,1,8,2,6,0,0,0,0,0,119
SL050,34025050293,13,0,1,0,2,0,0,0,0,0,13,0,1,0,4,0,0,0,0,0,26,0,2,0,6,0,0,0,0,0,34
SL050,34025050294,1,0,0,0,0,0,0,0,0,0,1,0,0,0,0,0,0,0,0,0,2,0,0,0,0,0,0,0,0,0,2
SL050,34025050296,6,0,5,0,2,0,0,0,0,0,4,0,2,0,11,0,0,0,0,0,10,0,7,0,13,0,0,0,0,0,30
SL050,34025050297,9877,1147,5397,5810,15344,302,773,1926,373,33,10978,1749,3845,3153,22636,295,340,2119,269,31,20855,2896,9242,8963,37980,597,1113,4045,642,64,86397
SL050,34025050298,722,40,26,66,106,3,4,7,2,0,572,38,17,23,154,2,0,11,0,0,1294,78,43,89,260,5,4,18,2,0,1793
SL050,34025050901,11,0,0,0,0,0,0,0,0,0,5,0,0,0,2,0,0,0,0,0,16,0,0,0,2,0,0,0,0,0,18
SL050,34025050902,0,0,1,0,1,0,0,0,0,0,0,0,0,0,0,0,0,0,0,0,0,0,1,0,1,0,0,0,0,0,2
SL050,34025050903,30,0,4,3,16,0,0,3,0,0,29,5,3,2,32,0,2,3,0,0,59,5,7,5,48,0,2,6,0,0,132
SL050,34185151001,261,21,4835,24,248,10,52,61,32,0,276,21,4838,10,203,11,66,56,20,1,537,42,9673,34,451,21,118,117,52,1,11046
SL050,34195252001,410,56,9067,30,276,10,4,26,26,3,381,66,9693,13,286,12,6,53,20,1,791,122,18760,43,562,22,10,79,46,4,20439
